18.775,24.554,15.255,41.537,10.796,36.745,-5.9605,56.799,-4.5255,18.334,-44.171,26.33,-20.691,51.522,-47.549,52.887
18.775,24.554,15.255,41.537,10.796,36.745,-5.9605,56.799,-4.5255,18.334,-44.171,26.33,-20.691,51.522,-47.549,52.887
18.775,24.554,15.255,41.537,10.796,36.745,-5.9605,56.799,-4.5255,18.334,-44.171,26.33,-20.691,51.522,-47.549,52.887
18.984,24.47,15.351,41.494,11.215,36.458,-5.6872,56.694,-4.3442,18.229,-43.907,26.177,-20.603,51.368,-47.298,52.681
18.984,24.47,15.351,41.494,11.215,36.458,-5.6872,56.694,-4.3442,18.229,-43.907,26.177,-20.603,51.368,-47.298,52.681
19.403,24.304,15.543,41.409,12.051,35.887,-5.1395,56.485,-3.9797,18.018,-43.377,25.871,-20.424,51.058,-46.792,52.266
19.403,24.304,15.543,41.409,12.051,35.887,-5.1395,56.485,-3.9797,18.018,-43.377,25.871,-20.424,51.058,-46.792,52.266
19.822,24.141,15.737,41.325,12.886,35.318,-4.5907,56.275,-3.6127,17.81,-42.841,25.565,-20.239,50.744,-46.281,51.847
19.822,24.141,15.737,41.325,12.886,35.318,-4.5907,56.275,-3.6127,17.81,-42.841,25.565,-20.239,50.744,-46.281,51.847
19.822,24.141,15.737,41.325,12.886,35.318,-4.5907,56.275,-3.6127,17.81,-42.841,25.565,-20.239,50.744,-46.281,51.847
19.822,24.141,15.737,41.325,12.886,35.318,-4.5907,56.275,-3.6127,17.81,-42.841,25.565,-20.239,50.744,-46.281,51.847
20.031,24.06,15.834,41.284,13.303,35.035,-4.3159,56.17,-3.4284,17.707,-42.571,25.412,-20.145,50.587,-46.023,51.636
20.031,24.06,15.834,41.284,13.303,35.035,-4.3159,56.17,-3.4284,17.707,-42.571,25.412,-20.145,50.587,-46.023,51.636
20.239,23.98,15.932,41.242,13.719,34.753,-4.0409,56.065,-3.2436,17.604,-42.3,25.258,-20.05,50.428,-45.764,51.425
20.239,23.98,15.932,41.242,13.719,34.753,-4.0409,56.065,-3.2436,17.604,-42.3,25.258,-20.05,50.428,-45.764,51.425
20.239,23.98,15.932,41.242,13.719,34.753,-4.0409,56.065,-3.2436,17.604,-42.3,25.258,-20.05,50.428,-45.764,51.425
20.448,23.901,16.03,41.201,14.135,34.472,-3.7657,55.96,-3.0583,17.502,-42.028,25.105,-19.953,50.27,-45.504,51.212
20.448,23.901,16.03,41.201,14.135,34.472,-3.7657,55.96,-3.0583,17.502,-42.028,25.105,-19.953,50.27,-45.504,51.212
20.448,23.901,16.03,41.201,14.135,34.472,-3.7657,55.96,-3.0583,17.502,-42.028,25.105,-19.953,50.27,-45.504,51.212
20.656,23.822,16.128,41.161,14.55,34.192,-3.4903,55.855,-2.8724,17.4,-41.754,24.952,-19.856,50.11,-45.242,50.999
20.656,23.822,16.128,41.161,14.55,34.192,-3.4903,55.855,-2.8724,17.4,-41.754,24.952,-19.856,50.11,-45.242,50.999
20.864,23.744,16.227,41.12,14.964,33.912,-3.2147,55.751,-2.6861,17.299,-41.48,24.798,-19.757,49.95,-44.979,50.785
20.864,23.744,16.227,41.12,14.964,33.912,-3.2147,55.751,-2.6861,17.299,-41.48,24.798,-19.757,49.95,-44.979,50.785
21.072,23.667,16.326,41.08,15.378,33.634,-2.939,55.646,-2.4994,17.199,-41.204,24.645,-19.657,49.79,-44.715,50.57
21.072,23.667,16.326,41.08,15.378,33.634,-2.939,55.646,-2.4994,17.199,-41.204,24.645,-19.657,49.79,-44.715,50.57
21.279,23.591,16.425,41.04,15.791,33.357,-2.6633,55.541,-2.3122,17.099,-40.927,24.492,-19.556,49.629,-44.45,50.355
21.279,23.591,16.425,41.04,15.791,33.357,-2.6633,55.541,-2.3122,17.099,-40.927,24.492,-19.556,49.629,-44.45,50.355
21.486,23.516,16.524,41,16.203,33.081,-2.3874,55.437,-2.1246,17,-40.65,24.338,-19.453,49.467,-44.184,50.138
21.692,23.441,16.624,40.961,16.614,32.807,-2.1115,55.332,-1.9366,16.901,-40.371,24.185,-19.35,49.305,-43.916,49.922
21.692,23.441,16.624,40.961,16.614,32.807,-2.1115,55.332,-1.9366,16.901,-40.371,24.185,-19.35,49.305,-43.916,49.922
21.899,23.368,16.724,40.922,17.024,32.533,-1.8355,55.228,-1.7483,16.804,-40.091,24.033,-19.246,49.142,-43.648,49.704
21.899,23.368,16.724,40.922,17.024,32.533,-1.8355,55.228,-1.7483,16.804,-40.091,24.033,-19.246,49.142,-43.648,49.704
22.104,23.295,16.824,40.883,17.434,32.261,-1.5595,55.124,-1.5596,16.707,-39.81,23.88,-19.14,48.979,-43.378,49.486
22.104,23.295,16.824,40.883,17.434,32.261,-1.5595,55.124,-1.5596,16.707,-39.81,23.88,-19.14,48.979,-43.378,49.486
22.31,23.223,16.924,40.844,17.842,31.989,-1.2836,55.02,-1.3706,16.611,-39.529,23.727,-19.033,48.816,-43.108,49.268
22.515,23.152,17.025,40.806,18.25,31.72,-1.0077,54.916,-1.1813,16.515,-39.246,23.575,-18.925,48.651,-42.836,49.048
22.515,23.152,17.025,40.806,18.25,31.72,-1.0077,54.916,-1.1813,16.515,-39.246,23.575,-18.925,48.651,-42.836,49.048
22.515,23.152,17.025,40.806,18.25,31.72,-1.0077,54.916,-1.1813,16.515,-39.246,23.575,-18.925,48.651,-42.836,49.048
22.719,23.082,17.126,40.768,18.656,31.451,-0.7318,54.813,-0.99173,16.421,-38.962,23.423,-18.816,48.487,-42.563,48.829
22.719,23.082,17.126,40.768,18.656,31.451,-0.7318,54.813,-0.99173,16.421,-38.962,23.423,-18.816,48.487,-42.563,48.829
22.923,23.012,17.227,40.731,19.061,31.184,-0.45603,54.71,-0.8019,16.327,-38.678,23.271,-18.706,48.322,-42.29,48.609
23.126,22.944,17.328,40.693,19.465,30.918,-0.18036,54.607,-0.61183,16.234,-38.393,23.12,-18.595,48.157,-42.015,48.388
23.126,22.944,17.328,40.693,19.465,30.918,-0.18036,54.607,-0.61183,16.234,-38.393,23.12,-18.595,48.157,-42.015,48.388
23.126,22.944,17.328,40.693,19.465,30.918,-0.18036,54.607,-0.61183,16.234,-38.393,23.12,-18.595,48.157,-42.015,48.388
23.329,22.877,17.43,40.656,19.868,30.654,0.095165,54.504,-0.42156,16.142,-38.107,22.968,-18.483,47.991,-41.74,48.167
23.329,22.877,17.43,40.656,19.868,30.654,0.095165,54.504,-0.42156,16.142,-38.107,22.968,-18.483,47.991,-41.74,48.167
23.329,22.877,17.43,40.656,19.868,30.654,0.095165,54.504,-0.42156,16.142,-38.107,22.968,-18.483,47.991,-41.74,48.167
23.531,22.81,17.531,40.62,20.27,30.39,0.37054,54.402,-0.23109,16.051,-37.82,22.817,-18.369,47.825,-41.464,47.946
23.531,22.81,17.531,40.62,20.27,30.39,0.37054,54.402,-0.23109,16.051,-37.82,22.817,-18.369,47.825,-41.464,47.946
23.733,22.745,17.633,40.583,20.671,30.129,0.64573,54.3,-0.040458,15.961,-37.532,22.667,-18.255,47.658,-41.187,47.724
23.934,22.68,17.735,40.547,21.07,29.869,0.92071,54.198,0.15032,15.871,-37.244,22.517,-18.139,47.492,-40.909,47.502
23.934,22.68,17.735,40.547,21.07,29.869,0.92071,54.198,0.15032,15.871,-37.244,22.517,-18.139,47.492,-40.909,47.502
23.934,22.68,17.735,40.547,21.07,29.869,0.92071,54.198,0.15032,15.871,-37.244,22.517,-18.139,47.492,-40.909,47.502
24.135,22.617,17.837,40.512,21.468,29.61,1.1955,54.096,0.34122,15.783,-36.955,22.367,-18.023,47.324,-40.63,47.279
24.135,22.617,17.837,40.512,21.468,29.61,1.1955,54.096,0.34122,15.783,-36.955,22.367,-18.023,47.324,-40.63,47.279
24.135,22.617,17.837,40.512,21.468,29.61,1.1955,54.096,0.34122,15.783,-36.955,22.367,-18.023,47.324,-40.63,47.279
24.533,22.493,18.042,40.441,22.26,29.098,1.7442,53.895,0.72331,15.609,-36.375,22.069,-17.787,46.989,-40.07,46.834
24.533,22.493,18.042,40.441,22.26,29.098,1.7442,53.895,0.72331,15.609,-36.375,22.069,-17.787,46.989,-40.07,46.834
24.533,22.493,18.042,40.441,22.26,29.098,1.7442,53.895,0.72331,15.609,-36.375,22.069,-17.787,46.989,-40.07,46.834
24.732,22.433,18.145,40.407,22.653,28.844,2.0181,53.795,0.91445,15.524,-36.084,21.92,-17.667,46.821,-39.789,46.611
24.93,22.374,18.248,40.372,23.046,28.592,2.2917,53.695,1.1056,15.439,-35.792,21.772,-17.546,46.652,-39.508,46.387
24.93,22.374,18.248,40.372,23.046,28.592,2.2917,53.695,1.1056,15.439,-35.792,21.772,-17.546,46.652,-39.508,46.387
25.127,22.315,18.35,40.338,23.436,28.342,2.565,53.596,1.2968,15.356,-35.5,21.625,-17.425,46.484,-39.225,46.164
25.323,22.258,18.453,40.304,23.826,28.093,2.8379,53.497,1.488,15.274,-35.208,21.478,-17.302,46.315,-38.942,45.94
25.323,22.258,18.453,40.304,23.826,28.093,2.8379,53.497,1.488,15.274,-35.208,21.478,-17.302,46.315,-38.942,45.94
25.518,22.202,18.557,40.271,24.213,27.846,3.1104,53.398,1.6791,15.192,-34.914,21.331,-17.179,46.145,-38.659,45.716
25.518,22.202,18.557,40.271,24.213,27.846,3.1104,53.398,1.6791,15.192,-34.914,21.331,-17.179,46.145,-38.659,45.716
25.518,22.202,18.557,40.271,24.213,27.846,3.1104,53.398,1.6791,15.192,-34.914,21.331,-17.179,46.145,-38.659,45.716
25.713,22.148,18.66,40.238,24.599,27.601,3.3824,53.3,1.8702,15.112,-34.621,21.186,-17.054,45.976,-38.375,45.493
25.713,22.148,18.66,40.238,24.599,27.601,3.3824,53.3,1.8702,15.112,-34.621,21.186,-17.054,45.976,-38.375,45.493
25.907,22.094,18.763,40.205,24.983,27.357,3.654,53.203,2.0612,15.033,-34.327,21.04,-16.928,45.806,-38.09,45.269
25.907,22.094,18.763,40.205,24.983,27.357,3.654,53.203,2.0612,15.033,-34.327,21.04,-16.928,45.806,-38.09,45.269
26.1,22.041,18.866,40.173,25.366,27.115,3.9252,53.106,2.2521,14.955,-34.032,20.896,-16.802,45.636,-37.805,45.045
26.292,21.99,18.97,40.141,25.747,26.876,4.1959,53.01,2.4429,14.879,-33.737,20.752,-16.675,45.466,-37.519,44.821
26.292,21.99,18.97,40.141,25.747,26.876,4.1959,53.01,2.4429,14.879,-33.737,20.752,-16.675,45.466,-37.519,44.821
26.483,21.94,19.073,40.109,26.126,26.638,4.466,52.914,2.6336,14.803,-33.442,20.608,-16.546,45.296,-37.233,44.597
26.483,21.94,19.073,40.109,26.126,26.638,4.466,52.914,2.6336,14.803,-33.442,20.608,-16.546,45.296,-37.233,44.597
26.483,21.94,19.073,40.109,26.126,26.638,4.466,52.914,2.6336,14.803,-33.442,20.608,-16.546,45.296,-37.233,44.597
26.673,21.891,19.177,40.078,26.503,26.402,4.7357,52.819,2.824,14.729,-33.147,20.466,-16.417,45.125,-36.947,44.373
26.673,21.891,19.177,40.078,26.503,26.402,4.7357,52.819,2.824,14.729,-33.147,20.466,-16.417,45.125,-36.947,44.373
26.863,21.843,19.281,40.047,26.878,26.168,5.0047,52.724,3.0143,14.656,-32.851,20.324,-16.286,44.954,-36.66,44.149
27.051,21.796,19.384,40.016,27.252,25.935,5.2732,52.63,3.2044,14.584,-32.555,20.183,-16.155,44.784,-36.372,43.925
27.051,21.796,19.384,40.016,27.252,25.935,5.2732,52.63,3.2044,14.584,-32.555,20.183,-16.155,44.784,-36.372,43.925
27.051,21.796,19.384,40.016,27.252,25.935,5.2732,52.63,3.2044,14.584,-32.555,20.183,-16.155,44.784,-36.372,43.925
27.239,21.751,19.488,39.986,27.623,25.705,5.5411,52.537,3.3943,14.513,-32.258,20.042,-16.023,44.613,-36.085,43.702
27.239,21.751,19.488,39.986,27.623,25.705,5.5411,52.537,3.3943,14.513,-32.258,20.042,-16.023,44.613,-36.085,43.702
27.425,21.707,19.592,39.956,27.993,25.477,5.8083,52.444,3.5838,14.444,-31.962,19.902,-15.89,44.442,-35.797,43.478
27.425,21.707,19.592,39.956,27.993,25.477,5.8083,52.444,3.5838,14.444,-31.962,19.902,-15.89,44.442,-35.797,43.478
27.611,21.664,19.696,39.926,28.36,25.251,6.0749,52.352,3.7731,14.375,-31.665,19.763,-15.756,44.27,-35.508,43.255
27.611,21.664,19.696,39.926,28.36,25.251,6.0749,52.352,3.7731,14.375,-31.665,19.763,-15.756,44.27,-35.508,43.255
27.795,21.622,19.799,39.897,28.726,25.027,6.3408,52.261,3.9622,14.309,-31.368,19.625,-15.622,44.099,-35.22,43.032
27.795,21.622,19.799,39.897,28.726,25.027,6.3408,52.261,3.9622,14.309,-31.368,19.625,-15.622,44.099,-35.22,43.032
27.978,21.582,19.903,39.868,29.089,24.805,6.606,52.17,4.1508,14.243,-31.071,19.488,-15.486,43.928,-34.931,42.81
27.978,21.582,19.903,39.868,29.089,24.805,6.606,52.17,4.1508,14.243,-31.071,19.488,-15.486,43.928,-34.931,42.81
28.161,21.542,20.007,39.839,29.45,24.585,6.8705,52.08,4.3392,14.179,-30.774,19.351,-15.35,43.756,-34.642,42.587
28.161,21.542,20.007,39.839,29.45,24.585,6.8705,52.08,4.3392,14.179,-30.774,19.351,-15.35,43.756,-34.642,42.587
28.342,21.505,20.11,39.811,29.809,24.367,7.1343,51.991,4.5271,14.116,-30.477,19.216,-15.212,43.584,-34.353,42.365
28.342,21.505,20.11,39.811,29.809,24.367,7.1343,51.991,4.5271,14.116,-30.477,19.216,-15.212,43.584,-34.353,42.365
28.522,21.468,20.214,39.783,30.166,24.152,7.3973,51.902,4.7147,14.054,-30.179,19.081,-15.074,43.413,-34.064,42.143
28.522,21.468,20.214,39.783,30.166,24.152,7.3973,51.902,4.7147,14.054,-30.179,19.081,-15.074,43.413,-34.064,42.143
28.701,21.433,20.318,39.755,30.521,23.938,7.6595,51.814,4.9019,13.994,-29.882,18.947,-14.935,43.241,-33.774,41.921
28.701,21.433,20.318,39.755,30.521,23.938,7.6595,51.814,4.9019,13.994,-29.882,18.947,-14.935,43.241,-33.774,41.921
28.879,21.399,20.421,39.728,30.873,23.727,7.9208,51.727,5.0886,13.935,-29.585,18.815,-14.795,43.069,-33.485,41.7
28.879,21.399,20.421,39.728,30.873,23.727,7.9208,51.727,5.0886,13.935,-29.585,18.815,-14.795,43.069,-33.485,41.7
28.879,21.399,20.421,39.728,30.873,23.727,7.9208,51.727,5.0886,13.935,-29.585,18.815,-14.795,43.069,-33.485,41.7
29.055,21.366,20.525,39.701,31.223,23.518,8.1814,51.641,5.2749,13.878,-29.288,18.683,-14.655,42.898,-33.195,41.479
29.231,21.335,20.628,39.674,31.571,23.311,8.4411,51.555,5.4607,13.822,-28.99,18.552,-14.513,42.726,-32.905,41.259
29.231,21.335,20.628,39.674,31.571,23.311,8.4411,51.555,5.4607,13.822,-28.99,18.552,-14.513,42.726,-32.905,41.259
29.231,21.335,20.628,39.674,31.571,23.311,8.4411,51.555,5.4607,13.822,-28.99,18.552,-14.513,42.726,-32.905,41.259
29.578,21.277,20.835,39.622,32.259,22.905,8.9578,51.386,5.8307,13.714,-28.397,18.293,-14.228,42.382,-32.326,40.82
29.75,21.25,20.938,39.596,32.6,22.705,9.2148,51.303,6.015,13.663,-28.1,18.165,-14.085,42.21,-32.036,40.601
29.75,21.25,20.938,39.596,32.6,22.705,9.2148,51.303,6.015,13.663,-28.1,18.165,-14.085,42.21,-32.036,40.601
29.75,21.25,20.938,39.596,32.6,22.705,9.2148,51.303,6.015,13.663,-28.1,18.165,-14.085,42.21,-32.036,40.601
29.92,21.224,21.041,39.57,32.938,22.507,9.4708,51.221,6.1986,13.613,-27.803,18.038,-13.94,42.039,-31.747,40.382
29.92,21.224,21.041,39.57,32.938,22.507,9.4708,51.221,6.1986,13.613,-27.803,18.038,-13.94,42.039,-31.747,40.382
29.92,21.224,21.041,39.57,32.938,22.507,9.4708,51.221,6.1986,13.613,-27.803,18.038,-13.94,42.039,-31.747,40.382
30.089,21.199,21.144,39.545,33.273,22.312,9.7259,51.139,6.3817,13.564,-27.507,17.912,-13.795,41.867,-31.457,40.164
30.089,21.199,21.144,39.545,33.273,22.312,9.7259,51.139,6.3817,13.564,-27.507,17.912,-13.795,41.867,-31.457,40.164
30.089,21.199,21.144,39.545,33.273,22.312,9.7259,51.139,6.3817,13.564,-27.507,17.912,-13.795,41.867,-31.457,40.164
30.257,21.176,21.246,39.521,33.606,22.119,9.9799,51.059,6.5641,13.517,-27.211,17.787,-13.649,41.695,-31.168,39.947
30.423,21.155,21.349,39.496,33.936,21.929,10.233,50.979,6.746,13.471,-26.915,17.663,-13.502,41.523,-30.879,39.73
30.589,21.135,21.451,39.472,34.264,21.741,10.485,50.9,6.9271,13.427,-26.62,17.541,-13.355,41.352,-30.59,39.514
30.589,21.135,21.451,39.472,34.264,21.741,10.485,50.9,6.9271,13.427,-26.62,17.541,-13.355,41.352,-30.59,39.514
30.589,21.135,21.451,39.472,34.264,21.741,10.485,50.9,6.9271,13.427,-26.62,17.541,-13.355,41.352,-30.59,39.514
30.752,21.116,21.554,39.448,34.589,21.555,10.736,50.822,7.1076,13.384,-26.325,17.419,-13.207,41.18,-30.301,39.298
30.915,21.099,21.656,39.425,34.912,21.372,10.986,50.744,7.2874,13.343,-26.03,17.299,-13.058,41.009,-30.012,39.084
30.915,21.099,21.656,39.425,34.912,21.372,10.986,50.744,7.2874,13.343,-26.03,17.299,-13.058,41.009,-30.012,39.084
30.915,21.099,21.656,39.425,34.912,21.372,10.986,50.744,7.2874,13.343,-26.03,17.299,-13.058,41.009,-30.012,39.084
31.076,21.083,21.758,39.402,35.232,21.192,11.235,50.668,7.4665,13.304,-25.736,17.18,-12.908,40.837,-29.724,38.869
31.076,21.083,21.758,39.402,35.232,21.192,11.235,50.668,7.4665,13.304,-25.736,17.18,-12.908,40.837,-29.724,38.869
31.235,21.068,21.859,39.379,35.549,21.014,11.482,50.593,7.6448,13.266,-25.442,17.062,-12.758,40.666,-29.436,38.656
31.393,21.055,21.961,39.356,35.863,20.838,11.729,50.518,7.8224,13.23,-25.148,16.945,-12.608,40.495,-29.148,38.443
31.55,21.044,22.062,39.334,36.174,20.665,11.974,50.445,7.9991,13.195,-24.855,16.83,-12.456,40.324,-28.861,38.231
31.55,21.044,22.062,39.334,36.174,20.665,11.974,50.445,7.9991,13.195,-24.855,16.83,-12.456,40.324,-28.861,38.231
31.55,21.044,22.062,39.334,36.174,20.665,11.974,50.445,7.9991,13.195,-24.855,16.83,-12.456,40.324,-28.861,38.231
31.705,21.034,22.163,39.312,36.483,20.495,12.218,50.372,8.1751,13.162,-24.563,16.716,-12.304,40.153,-28.574,38.02
31.705,21.034,22.163,39.312,36.483,20.495,12.218,50.372,8.1751,13.162,-24.563,16.716,-12.304,40.153,-28.574,38.02
31.705,21.034,22.163,39.312,36.483,20.495,12.218,50.372,8.1751,13.162,-24.563,16.716,-12.304,40.153,-28.574,38.02
31.859,21.025,22.264,39.29,36.789,20.327,12.461,50.301,8.3503,13.13,-24.271,16.603,-12.151,39.982,-28.287,37.809
31.859,21.025,22.264,39.29,36.789,20.327,12.461,50.301,8.3503,13.13,-24.271,16.603,-12.151,39.982,-28.287,37.809
32.011,21.018,22.365,39.269,37.091,20.161,12.703,50.23,8.5246,13.101,-23.98,16.491,-11.998,39.812,-28.001,37.6
32.162,21.012,22.465,39.248,37.391,19.999,12.944,50.16,8.698,13.072,-23.689,16.38,-11.844,39.641,-27.715,37.391
32.162,21.012,22.465,39.248,37.391,19.999,12.944,50.16,8.698,13.072,-23.689,16.38,-11.844,39.641,-27.715,37.391
32.162,21.012,22.465,39.248,37.391,19.999,12.944,50.16,8.698,13.072,-23.689,16.38,-11.844,39.641,-27.715,37.391
32.311,21.008,22.565,39.227,37.688,19.839,13.183,50.091,8.8706,13.046,-23.399,16.271,-11.689,39.471,-27.43,37.183
32.458,21.006,22.665,39.206,37.982,19.681,13.421,50.024,9.0422,13.021,-23.11,16.164,-11.534,39.301,-27.145,36.976
32.458,21.006,22.665,39.206,37.982,19.681,13.421,50.024,9.0422,13.021,-23.11,16.164,-11.534,39.301,-27.145,36.976
32.604,21.005,22.765,39.186,38.273,19.526,13.657,49.957,9.2129,12.998,-22.821,16.057,-11.378,39.13,-26.861,36.77
32.604,21.005,22.765,39.186,38.273,19.526,13.657,49.957,9.2129,12.998,-22.821,16.057,-11.378,39.13,-26.861,36.77
32.604,21.005,22.765,39.186,38.273,19.526,13.657,49.957,9.2129,12.998,-22.821,16.057,-11.378,39.13,-26.861,36.77
32.748,21.005,22.864,39.166,38.561,19.374,13.893,49.891,9.3826,12.976,-22.533,15.952,-11.222,38.961,-26.577,36.565
32.748,21.005,22.864,39.166,38.561,19.374,13.893,49.891,9.3826,12.976,-22.533,15.952,-11.222,38.961,-26.577,36.565
32.891,21.007,22.963,39.146,38.846,19.225,14.127,49.827,9.5514,12.956,-22.246,15.848,-11.065,38.791,-26.294,36.36
33.032,21.01,23.062,39.126,39.128,19.078,14.359,49.763,9.7192,12.938,-21.959,15.746,-10.908,38.621,-26.011,36.157
33.032,21.01,23.062,39.126,39.128,19.078,14.359,49.763,9.7192,12.938,-21.959,15.746,-10.908,38.621,-26.011,36.157
33.171,21.015,23.16,39.107,39.406,18.934,14.591,49.7,9.886,12.922,-21.673,15.645,-10.75,38.452,-25.729,35.954
33.171,21.015,23.16,39.107,39.406,18.934,14.591,49.7,9.886,12.922,-21.673,15.645,-10.75,38.452,-25.729,35.954
33.171,21.015,23.16,39.107,39.406,18.934,14.591,49.7,9.886,12.922,-21.673,15.645,-10.75,38.452,-25.729,35.954
33.309,21.022,23.258,39.088,39.682,18.793,14.82,49.638,10.052,12.907,-21.389,15.545,-10.591,38.283,-25.448,35.753
33.309,21.022,23.258,39.088,39.682,18.793,14.82,49.638,10.052,12.907,-21.389,15.545,-10.591,38.283,-25.448,35.753
33.445,21.03,23.355,39.069,39.954,18.654,15.049,49.578,10.216,12.894,-21.105,15.447,-10.432,38.114,-25.168,35.553
33.579,21.039,23.453,39.051,40.223,18.519,15.276,49.518,10.38,12.883,-20.821,15.35,-10.273,37.946,-24.888,35.353
33.579,21.039,23.453,39.051,40.223,18.519,15.276,49.518,10.38,12.883,-20.821,15.35,-10.273,37.946,-24.888,35.353
33.712,21.05,23.55,39.032,40.489,18.385,15.501,49.46,10.543,12.874,-20.539,15.255,-10.113,37.777,-24.608,35.155
33.712,21.05,23.55,39.032,40.489,18.385,15.501,49.46,10.543,12.874,-20.539,15.255,-10.113,37.777,-24.608,35.155
33.843,21.063,23.646,39.014,40.751,18.255,15.725,49.402,10.704,12.866,-20.258,15.161,-9.9522,37.609,-24.33,34.958
33.843,21.063,23.646,39.014,40.751,18.255,15.725,49.402,10.704,12.866,-20.258,15.161,-9.9522,37.609,-24.33,34.958
33.843,21.063,23.646,39.014,40.751,18.255,15.725,49.402,10.704,12.866,-20.258,15.161,-9.9522,37.609,-24.33,34.958
33.972,21.077,23.742,38.996,41.01,18.128,15.948,49.346,10.864,12.86,-19.978,15.069,-9.7912,37.441,-24.052,34.762
33.972,21.077,23.742,38.996,41.01,18.128,15.948,49.346,10.864,12.86,-19.978,15.069,-9.7912,37.441,-24.052,34.762
33.972,21.077,23.742,38.996,41.01,18.128,15.948,49.346,10.864,12.86,-19.978,15.069,-9.7912,37.441,-24.052,34.762
34.099,21.093,23.838,38.978,41.266,18.003,16.169,49.291,11.023,12.856,-19.698,14.978,-9.6298,37.273,-23.775,34.567
34.225,21.11,23.934,38.961,41.519,17.881,16.388,49.237,11.181,12.854,-19.42,14.889,-9.4679,37.106,-23.499,34.373
34.225,21.11,23.934,38.961,41.519,17.881,16.388,49.237,11.181,12.854,-19.42,14.889,-9.4679,37.106,-23.499,34.373
34.348,21.129,24.028,38.944,41.768,17.762,16.606,49.183,11.338,12.853,-19.143,14.801,-9.3056,36.938,-23.224,34.18
34.348,21.129,24.028,38.944,41.768,17.762,16.606,49.183,11.338,12.853,-19.143,14.801,-9.3056,36.938,-23.224,34.18
34.47,21.149,24.123,38.926,42.014,17.646,16.822,49.131,11.494,12.854,-18.867,14.715,-9.1428,36.771,-22.95,33.989
34.47,21.149,24.123,38.926,42.014,17.646,16.822,49.131,11.494,12.854,-18.867,14.715,-9.1428,36.771,-22.95,33.989
34.59,21.171,24.217,38.91,42.256,17.533,17.037,49.08,11.648,12.857,-18.592,14.631,-8.9796,36.605,-22.677,33.799
34.59,21.171,24.217,38.91,42.256,17.533,17.037,49.08,11.648,12.857,-18.592,14.631,-8.9796,36.605,-22.677,33.799
34.709,21.195,24.311,38.893,42.495,17.422,17.25,49.031,11.801,12.862,-18.318,14.548,-8.816,36.438,-22.404,33.609
34.709,21.195,24.311,38.893,42.495,17.422,17.25,49.031,11.801,12.862,-18.318,14.548,-8.816,36.438,-22.404,33.609
34.825,21.22,24.404,38.876,42.731,17.315,17.462,48.982,11.953,12.869,-18.045,14.466,-8.652,36.272,-22.132,33.421
34.825,21.22,24.404,38.876,42.731,17.315,17.462,48.982,11.953,12.869,-18.045,14.466,-8.652,36.272,-22.132,33.421
34.939,21.246,24.497,38.86,42.963,17.21,17.672,48.934,12.103,12.877,-17.774,14.386,-8.4875,36.106,-21.862,33.235
35.052,21.275,24.589,38.844,43.191,17.108,17.88,48.888,12.253,12.888,-17.504,14.308,-8.3228,35.941,-21.592,33.049
35.052,21.275,24.589,38.844,43.191,17.108,17.88,48.888,12.253,12.888,-17.504,14.308,-8.3228,35.941,-21.592,33.049
35.163,21.304,24.681,38.828,43.416,17.009,18.086,48.842,12.401,12.9,-17.235,14.231,-8.1576,35.775,-21.324,32.865
35.163,21.304,24.681,38.828,43.416,17.009,18.086,48.842,12.401,12.9,-17.235,14.231,-8.1576,35.775,-21.324,32.865
35.271,21.336,24.772,38.812,43.638,16.913,18.291,48.798,12.547,12.914,-16.967,14.156,-7.9921,35.61,-21.056,32.682
35.271,21.336,24.772,38.812,43.638,16.913,18.291,48.798,12.547,12.914,-16.967,14.156,-7.9921,35.61,-21.056,32.682
35.271,21.336,24.772,38.812,43.638,16.913,18.291,48.798,12.547,12.914,-16.967,14.156,-7.9921,35.61,-21.056,32.682
35.378,21.369,24.863,38.796,43.856,16.82,18.494,48.755,12.692,12.929,-16.7,14.083,-7.8262,35.445,-20.79,32.501
35.378,21.369,24.863,38.796,43.856,16.82,18.494,48.755,12.692,12.929,-16.7,14.083,-7.8262,35.445,-20.79,32.501
35.483,21.403,24.953,38.78,44.07,16.73,18.696,48.713,12.836,12.947,-16.435,14.011,-7.66,35.281,-20.524,32.32
35.483,21.403,24.953,38.78,44.07,16.73,18.696,48.713,12.836,12.947,-16.435,14.011,-7.66,35.281,-20.524,32.32
35.586,21.439,25.043,38.765,44.28,16.643,18.895,48.672,12.979,12.966,-16.171,13.941,-7.4934,35.117,-20.26,32.141
35.586,21.439,25.043,38.765,44.28,16.643,18.895,48.672,12.979,12.966,-16.171,13.941,-7.4934,35.117,-20.26,32.141
35.687,21.477,25.132,38.749,44.487,16.559,19.093,48.632,13.12,12.988,-15.909,13.872,-7.3266,34.953,-19.997,31.964
35.687,21.477,25.132,38.749,44.487,16.559,19.093,48.632,13.12,12.988,-15.909,13.872,-7.3266,34.953,-19.997,31.964
35.687,21.477,25.132,38.749,44.487,16.559,19.093,48.632,13.12,12.988,-15.909,13.872,-7.3266,34.953,-19.997,31.964
35.883,21.557,25.309,38.719,44.89,16.399,19.483,48.556,13.398,13.036,-15.388,13.74,-6.9919,34.626,-19.474,31.613
35.883,21.557,25.309,38.719,44.89,16.399,19.483,48.556,13.398,13.036,-15.388,13.74,-6.9919,34.626,-19.474,31.613
35.978,21.599,25.397,38.704,45.086,16.323,19.676,48.519,13.534,13.063,-15.13,13.677,-6.8241,34.463,-19.214,31.439
35.978,21.599,25.397,38.704,45.086,16.323,19.676,48.519,13.534,13.063,-15.13,13.677,-6.8241,34.463,-19.214,31.439
35.978,21.599,25.397,38.704,45.086,16.323,19.676,48.519,13.534,13.063,-15.13,13.677,-6.8241,34.463,-19.214,31.439
36.071,21.643,25.484,38.689,45.278,16.251,19.866,48.484,13.67,13.091,-14.873,13.615,-6.6561,34.3,-18.956,31.267
36.071,21.643,25.484,38.689,45.278,16.251,19.866,48.484,13.67,13.091,-14.873,13.615,-6.6561,34.3,-18.956,31.267
36.071,21.643,25.484,38.689,45.278,16.251,19.866,48.484,13.67,13.091,-14.873,13.615,-6.6561,34.3,-18.956,31.267
36.162,21.689,25.57,38.674,45.467,16.181,20.055,48.45,13.803,13.122,-14.618,13.555,-6.4878,34.138,-18.698,31.096
36.251,21.736,25.656,38.659,45.652,16.114,20.242,48.417,13.936,13.154,-14.365,13.497,-6.3192,33.976,-18.442,30.927
36.251,21.736,25.656,38.659,45.652,16.114,20.242,48.417,13.936,13.154,-14.365,13.497,-6.3192,33.976,-18.442,30.927
36.338,21.784,25.741,38.644,45.833,16.051,20.427,48.385,14.066,13.189,-14.112,13.44,-6.1503,33.814,-18.188,30.759
36.338,21.784,25.741,38.644,45.833,16.051,20.427,48.385,14.066,13.189,-14.112,13.44,-6.1503,33.814,-18.188,30.759
36.423,21.835,25.826,38.63,46.01,15.99,20.61,48.354,14.196,13.225,-13.862,13.386,-5.9813,33.653,-17.934,30.593
36.423,21.835,25.826,38.63,46.01,15.99,20.61,48.354,14.196,13.225,-13.862,13.386,-5.9813,33.653,-17.934,30.593
36.505,21.886,25.91,38.615,46.183,15.932,20.792,48.325,14.323,13.263,-13.613,13.333,-5.8119,33.492,-17.682,30.428
36.505,21.886,25.91,38.615,46.183,15.932,20.792,48.325,14.323,13.263,-13.613,13.333,-5.8119,33.492,-17.682,30.428
36.586,21.94,25.993,38.6,46.353,15.878,20.971,48.296,14.449,13.303,-13.366,13.281,-5.6424,33.331,-17.431,30.264
36.586,21.94,25.993,38.6,46.353,15.878,20.971,48.296,14.449,13.303,-13.366,13.281,-5.6424,33.331,-17.431,30.264
36.586,21.94,25.993,38.6,46.353,15.878,20.971,48.296,14.449,13.303,-13.366,13.281,-5.6424,33.331,-17.431,30.264
36.664,21.995,26.076,38.586,46.518,15.826,21.148,48.269,14.574,13.344,-13.12,13.232,-5.4727,33.171,-17.182,30.102
36.664,21.995,26.076,38.586,46.518,15.826,21.148,48.269,14.574,13.344,-13.12,13.232,-5.4727,33.171,-17.182,30.102
36.815,22.109,26.24,38.557,46.838,15.731,21.498,48.218,14.818,13.434,-12.634,13.138,-5.1326,32.851,-16.687,29.783
36.815,22.109,26.24,38.557,46.838,15.731,21.498,48.218,14.818,13.434,-12.634,13.138,-5.1326,32.851,-16.687,29.783
36.815,22.109,26.24,38.557,46.838,15.731,21.498,48.218,14.818,13.434,-12.634,13.138,-5.1326,32.851,-16.687,29.783
36.887,22.169,26.321,38.542,46.992,15.688,21.669,48.194,14.937,13.481,-12.393,13.094,-4.9622,32.692,-16.442,29.625
36.887,22.169,26.321,38.542,46.992,15.688,21.669,48.194,14.937,13.481,-12.393,13.094,-4.9622,32.692,-16.442,29.625
36.957,22.23,26.401,38.528,47.142,15.648,21.839,48.171,15.055,13.53,-12.154,13.052,-4.7917,32.533,-16.198,29.469
36.957,22.23,26.401,38.528,47.142,15.648,21.839,48.171,15.055,13.53,-12.154,13.052,-4.7917,32.533,-16.198,29.469
37.025,22.293,26.48,38.513,47.288,15.611,22.006,48.15,15.172,13.581,-11.917,13.011,-4.6211,32.374,-15.956,29.315
37.091,22.357,26.559,38.499,47.431,15.578,22.172,48.129,15.286,13.634,-11.682,12.972,-4.4503,32.216,-15.715,29.162
37.091,22.357,26.559,38.499,47.431,15.578,22.172,48.129,15.286,13.634,-11.682,12.972,-4.4503,32.216,-15.715,29.162
37.091,22.357,26.559,38.499,47.431,15.578,22.172,48.129,15.286,13.634,-11.682,12.972,-4.4503,32.216,-15.715,29.162
37.154,22.423,26.637,38.484,47.569,15.547,22.335,48.11,15.399,13.689,-11.449,12.935,-4.2793,32.058,-15.476,29.01
37.154,22.423,26.637,38.484,47.569,15.547,22.335,48.11,15.399,13.689,-11.449,12.935,-4.2793,32.058,-15.476,29.01
37.215,22.49,26.715,38.469,47.704,15.519,22.497,48.092,15.511,13.746,-11.217,12.9,-4.1082,31.9,-15.238,28.861
37.215,22.49,26.715,38.469,47.704,15.519,22.497,48.092,15.511,13.746,-11.217,12.9,-4.1082,31.9,-15.238,28.861
37.215,22.49,26.715,38.469,47.704,15.519,22.497,48.092,15.511,13.746,-11.217,12.9,-4.1082,31.9,-15.238,28.861
37.275,22.559,26.791,38.455,47.834,15.494,22.656,48.075,15.62,13.804,-10.987,12.867,-3.9369,31.743,-15.002,28.712
37.331,22.629,26.867,38.44,47.96,15.472,22.814,48.059,15.728,13.865,-10.759,12.836,-3.7656,31.586,-14.767,28.566
37.386,22.701,26.943,38.425,48.083,15.453,22.969,48.044,15.834,13.927,-10.533,12.806,-3.5941,31.429,-14.534,28.421
37.386,22.701,26.943,38.425,48.083,15.453,22.969,48.044,15.834,13.927,-10.533,12.806,-3.5941,31.429,-14.534,28.421
37.386,22.701,26.943,38.425,48.083,15.453,22.969,48.044,15.834,13.927,-10.533,12.806,-3.5941,31.429,-14.534,28.421
37.439,22.775,27.017,38.41,48.201,15.437,23.122,48.03,15.938,13.991,-10.309,12.778,-3.4226,31.273,-14.302,28.277
37.439,22.775,27.017,38.41,48.201,15.437,23.122,48.03,15.938,13.991,-10.309,12.778,-3.4226,31.273,-14.302,28.277
37.439,22.775,27.017,38.41,48.201,15.437,23.122,48.03,15.938,13.991,-10.309,12.778,-3.4226,31.273,-14.302,28.277
37.489,22.85,27.091,38.395,48.316,15.424,23.273,48.017,16.041,14.057,-10.087,12.752,-3.2509,31.117,-14.072,28.135
37.489,22.85,27.091,38.395,48.316,15.424,23.273,48.017,16.041,14.057,-10.087,12.752,-3.2509,31.117,-14.072,28.135
37.537,22.926,27.164,38.38,48.426,15.414,23.422,48.006,16.141,14.125,-9.8671,12.728,-3.0792,30.961,-13.843,27.995
37.583,23.004,27.237,38.365,48.532,15.406,23.569,47.996,16.24,14.195,-9.649,12.706,-2.9073,30.806,-13.617,27.857
37.583,23.004,27.237,38.365,48.532,15.406,23.569,47.996,16.24,14.195,-9.649,12.706,-2.9073,30.806,-13.617,27.857
37.583,23.004,27.237,38.365,48.532,15.406,23.569,47.996,16.24,14.195,-9.649,12.706,-2.9073,30.806,-13.617,27.857
37.626,23.084,27.308,38.35,48.635,15.402,23.714,47.986,16.338,14.266,-9.4328,12.686,-2.7355,30.651,-13.391,27.72
37.626,23.084,27.308,38.35,48.635,15.402,23.714,47.986,16.338,14.266,-9.4328,12.686,-2.7355,30.651,-13.391,27.72
37.668,23.165,27.379,38.335,48.733,15.401,23.857,47.978,16.433,14.339,-9.2187,12.667,-2.5635,30.496,-13.168,27.584
37.707,23.247,27.449,38.319,48.827,15.403,23.997,47.971,16.526,14.415,-9.0066,12.65,-2.3915,30.342,-12.946,27.45
37.707,23.247,27.449,38.319,48.827,15.403,23.997,47.971,16.526,14.415,-9.0066,12.65,-2.3915,30.342,-12.946,27.45
37.743,23.331,27.518,38.304,48.917,15.407,24.135,47.965,16.618,14.492,-8.7966,12.636,-2.2195,30.188,-12.726,27.318
37.743,23.331,27.518,38.304,48.917,15.407,24.135,47.965,16.618,14.492,-8.7966,12.636,-2.2195,30.188,-12.726,27.318
37.743,23.331,27.518,38.304,48.917,15.407,24.135,47.965,16.618,14.492,-8.7966,12.636,-2.2195,30.188,-12.726,27.318
37.778,23.417,27.587,38.288,49.003,15.415,24.272,47.96,16.708,14.57,-8.5886,12.623,-2.0475,30.034,-12.507,27.188
37.778,23.417,27.587,38.288,49.003,15.415,24.272,47.96,16.708,14.57,-8.5886,12.623,-2.0475,30.034,-12.507,27.188
37.778,23.417,27.587,38.288,49.003,15.415,24.272,47.96,16.708,14.57,-8.5886,12.623,-2.0475,30.034,-12.507,27.188
37.778,23.417,27.587,38.288,49.003,15.415,24.272,47.96,16.708,14.57,-8.5886,12.623,-2.0475,30.034,-12.507,27.188
37.84,23.592,27.721,38.256,49.163,15.439,24.537,47.954,16.882,14.733,-8.1791,12.603,-1.7033,29.727,-12.076,26.932
37.84,23.592,27.721,38.256,49.163,15.439,24.537,47.954,16.882,14.733,-8.1791,12.603,-1.7033,29.727,-12.076,26.932
37.868,23.682,27.787,38.239,49.237,15.456,24.667,47.952,16.966,14.818,-7.9776,12.595,-1.5312,29.575,-11.862,26.807
37.868,23.682,27.787,38.239,49.237,15.456,24.667,47.952,16.966,14.818,-7.9776,12.595,-1.5312,29.575,-11.862,26.807
37.893,23.773,27.852,38.223,49.306,15.475,24.794,47.952,17.048,14.904,-7.7782,12.59,-1.3591,29.422,-11.651,26.683
37.893,23.773,27.852,38.223,49.306,15.475,24.794,47.952,17.048,14.904,-7.7782,12.59,-1.3591,29.422,-11.651,26.683
37.916,23.866,27.917,38.206,49.372,15.497,24.919,47.952,17.128,14.992,-7.5809,12.586,-1.187,29.27,-11.441,26.561
37.937,23.96,27.98,38.189,49.433,15.522,25.042,47.954,17.207,15.081,-7.3859,12.585,-1.0149,29.118,-11.233,26.44
37.937,23.96,27.98,38.189,49.433,15.522,25.042,47.954,17.207,15.081,-7.3859,12.585,-1.0149,29.118,-11.233,26.44
37.955,24.055,28.043,38.172,49.491,15.55,25.163,47.956,17.283,15.173,-7.1931,12.585,-0.84286,28.967,-11.027,26.321
37.971,24.153,28.105,38.155,49.544,15.581,25.281,47.96,17.358,15.266,-7.0026,12.587,-0.67085,28.816,-10.823,26.204
37.971,24.153,28.105,38.155,49.544,15.581,25.281,47.96,17.358,15.266,-7.0026,12.587,-0.67085,28.816,-10.823,26.204
37.971,24.153,28.105,38.155,49.544,15.581,25.281,47.96,17.358,15.266,-7.0026,12.587,-0.67085,28.816,-10.823,26.204
37.985,24.251,28.166,38.137,49.593,15.615,25.397,47.965,17.43,15.361,-6.8143,12.591,-0.49887,28.665,-10.62,26.089
37.985,24.251,28.166,38.137,49.593,15.615,25.397,47.965,17.43,15.361,-6.8143,12.591,-0.49887,28.665,-10.62,26.089
37.997,24.351,28.226,38.119,49.638,15.652,25.511,47.971,17.501,15.457,-6.6282,12.597,-0.32695,28.514,-10.419,25.975
37.997,24.351,28.226,38.119,49.638,15.652,25.511,47.971,17.501,15.457,-6.6282,12.597,-0.32695,28.514,-10.419,25.975
38.006,24.452,28.285,38.101,49.678,15.691,25.623,47.977,17.57,15.556,-6.4445,12.605,-0.15509,28.364,-10.221,25.863
38.006,24.452,28.285,38.101,49.678,15.691,25.623,47.977,17.57,15.556,-6.4445,12.605,-0.15509,28.364,-10.221,25.863
38.012,24.555,28.343,38.083,49.715,15.734,25.732,47.985,17.637,15.656,-6.2631,12.615,0.016712,28.214,-10.024,25.753
38.012,24.555,28.343,38.083,49.715,15.734,25.732,47.985,17.637,15.656,-6.2631,12.615,0.016712,28.214,-10.024,25.753
38.012,24.555,28.343,38.083,49.715,15.734,25.732,47.985,17.637,15.656,-6.2631,12.615,0.016712,28.214,-10.024,25.753
38.017,24.659,28.401,38.064,49.747,15.779,25.839,47.994,17.701,15.758,-6.0839,12.626,0.18844,28.065,-9.8285,25.644
38.017,24.659,28.401,38.064,49.747,15.779,25.839,47.994,17.701,15.758,-6.0839,12.626,0.18844,28.065,-9.8285,25.644
38.017,24.659,28.401,38.064,49.747,15.779,25.839,47.994,17.701,15.758,-6.0839,12.626,0.18844,28.065,-9.8285,25.644
38.019,24.871,28.513,38.026,49.8,15.878,26.047,48.015,17.825,15.967,-5.7327,12.655,0.53165,27.766,-9.444,25.432
38.019,24.871,28.513,38.026,49.8,15.878,26.047,48.015,17.825,15.967,-5.7327,12.655,0.53165,27.766,-9.444,25.432
38.016,24.979,28.568,38.006,49.819,15.932,26.147,48.026,17.884,16.074,-5.5607,12.672,0.70311,27.617,-9.2546,25.329
38.016,24.979,28.568,38.006,49.819,15.932,26.147,48.026,17.884,16.074,-5.5607,12.672,0.70311,27.617,-9.2546,25.329
38.011,25.088,28.622,37.986,49.835,15.988,26.245,48.039,17.94,16.183,-5.391,12.691,0.87448,27.469,-9.0671,25.227
38.011,25.088,28.622,37.986,49.835,15.988,26.245,48.039,17.94,16.183,-5.391,12.691,0.87448,27.469,-9.0671,25.227
38.004,25.199,28.675,37.966,49.847,16.048,26.34,48.053,17.995,16.293,-5.2237,12.712,1.0457,27.321,-8.8815,25.127
38.004,25.199,28.675,37.966,49.847,16.048,26.34,48.053,17.995,16.293,-5.2237,12.712,1.0457,27.321,-8.8815,25.127
37.994,25.311,28.727,37.945,49.854,16.11,26.433,48.068,18.048,16.405,-5.0588,12.735,1.2169,27.173,-8.6979,25.028
37.994,25.311,28.727,37.945,49.854,16.11,26.433,48.068,18.048,16.405,-5.0588,12.735,1.2169,27.173,-8.6979,25.028
37.982,25.425,28.778,37.924,49.858,16.175,26.524,48.083,18.098,16.519,-4.8964,12.76,1.3879,27.025,-8.5162,24.931
37.982,25.425,28.778,37.924,49.858,16.175,26.524,48.083,18.098,16.519,-4.8964,12.76,1.3879,27.025,-8.5162,24.931
37.968,25.54,28.828,37.903,49.857,16.242,26.613,48.1,18.147,16.635,-4.7364,12.786,1.5588,26.877,-8.3364,24.836
37.951,25.656,28.878,37.881,49.852,16.313,26.699,48.118,18.193,16.752,-4.5789,12.815,1.7295,26.73,-8.1587,24.743
37.951,25.656,28.878,37.881,49.852,16.313,26.699,48.118,18.193,16.752,-4.5789,12.815,1.7295,26.73,-8.1587,24.743
37.951,25.656,28.878,37.881,49.852,16.313,26.699,48.118,18.193,16.752,-4.5789,12.815,1.7295,26.73,-8.1587,24.743
37.932,25.773,28.926,37.859,49.843,16.386,26.783,48.136,18.238,16.871,-4.4238,12.845,1.9001,26.583,-7.9829,24.651
37.932,25.773,28.926,37.859,49.843,16.386,26.783,48.136,18.238,16.871,-4.4238,12.845,1.9001,26.583,-7.9829,24.651
37.91,25.892,28.974,37.836,49.829,16.461,26.864,48.155,18.28,16.991,-4.2712,12.877,2.0706,26.436,-7.809,24.561
37.91,25.892,28.974,37.836,49.829,16.461,26.864,48.155,18.28,16.991,-4.2712,12.877,2.0706,26.436,-7.809,24.561
37.91,25.892,28.974,37.836,49.829,16.461,26.864,48.155,18.28,16.991,-4.2712,12.877,2.0706,26.436,-7.809,24.561
37.886,26.011,29.02,37.813,49.812,16.54,26.943,48.176,18.321,17.113,-4.1211,12.911,2.2409,26.29,-7.6372,24.473
37.86,26.133,29.066,37.79,49.79,16.621,27.02,48.197,18.359,17.237,-3.9736,12.947,2.411,26.144,-7.4674,24.386
37.86,26.133,29.066,37.79,49.79,16.621,27.02,48.197,18.359,17.237,-3.9736,12.947,2.411,26.144,-7.4674,24.386
37.831,26.255,29.11,37.766,49.765,16.705,27.094,48.219,18.395,17.362,-3.8285,12.985,2.581,25.998,-7.2995,24.301
37.8,26.379,29.154,37.742,49.735,16.791,27.166,48.242,18.429,17.488,-3.686,13.024,2.7508,25.852,-7.1337,24.218
37.8,26.379,29.154,37.742,49.735,16.791,27.166,48.242,18.429,17.488,-3.686,13.024,2.7508,25.852,-7.1337,24.218
37.8,26.379,29.154,37.742,49.735,16.791,27.166,48.242,18.429,17.488,-3.686,13.024,2.7508,25.852,-7.1337,24.218
37.767,26.503,29.197,37.717,49.701,16.881,27.236,48.266,18.461,17.617,-3.546,13.066,2.9204,25.706,-6.9699,24.136
37.767,26.503,29.197,37.717,49.701,16.881,27.236,48.266,18.461,17.617,-3.546,13.066,2.9204,25.706,-6.9699,24.136
37.767,26.503,29.197,37.717,49.701,16.881,27.236,48.266,18.461,17.617,-3.546,13.066,2.9204,25.706,-6.9699,24.136
37.767,26.503,29.197,37.717,49.701,16.881,27.236,48.266,18.461,17.617,-3.546,13.066,2.9204,25.706,-6.9699,24.136
37.693,26.757,29.279,37.666,49.62,17.067,27.368,48.316,18.519,17.878,-3.2738,13.154,3.259,25.416,-6.6483,23.978
37.693,26.757,29.279,37.666,49.62,17.067,27.368,48.316,18.519,17.878,-3.2738,13.154,3.259,25.416,-6.6483,23.978
37.653,26.885,29.319,37.64,49.574,17.164,27.431,48.343,18.545,18.011,-3.1415,13.201,3.4281,25.271,-6.4906,23.902
37.61,27.015,29.358,37.613,49.523,17.263,27.491,48.37,18.569,18.145,-3.0119,13.25,3.5969,25.126,-6.3349,23.827
37.61,27.015,29.358,37.613,49.523,17.263,27.491,48.37,18.569,18.145,-3.0119,13.25,3.5969,25.126,-6.3349,23.827
37.61,27.015,29.358,37.613,49.523,17.263,27.491,48.37,18.569,18.145,-3.0119,13.25,3.5969,25.126,-6.3349,23.827
37.565,27.145,29.395,37.586,49.469,17.365,27.549,48.398,18.59,18.281,-2.8848,13.3,3.7655,24.981,-6.1813,23.753
37.565,27.145,29.395,37.586,49.469,17.365,27.549,48.398,18.59,18.281,-2.8848,13.3,3.7655,24.981,-6.1813,23.753
37.517,27.277,29.432,37.558,49.41,17.47,27.604,48.427,18.61,18.419,-2.7603,13.352,3.9339,24.837,-6.0297,23.682
37.517,27.277,29.432,37.558,49.41,17.47,27.604,48.427,18.61,18.419,-2.7603,13.352,3.9339,24.837,-6.0297,23.682
37.517,27.277,29.432,37.558,49.41,17.47,27.604,48.427,18.61,18.419,-2.7603,13.352,3.9339,24.837,-6.0297,23.682
37.468,27.41,29.468,37.53,49.347,17.577,27.657,48.457,18.627,18.558,-2.6385,13.406,4.102,24.693,-5.8802,23.612
37.468,27.41,29.468,37.53,49.347,17.577,27.657,48.457,18.627,18.558,-2.6385,13.406,4.102,24.693,-5.8802,23.612
37.415,27.545,29.503,37.501,49.28,17.687,27.707,48.487,18.642,18.698,-2.5193,13.462,4.27,24.549,-5.7328,23.543
37.415,27.545,29.503,37.501,49.28,17.687,27.707,48.487,18.642,18.698,-2.5193,13.462,4.27,24.549,-5.7328,23.543
37.415,27.545,29.503,37.501,49.28,17.687,27.707,48.487,18.642,18.698,-2.5193,13.462,4.27,24.549,-5.7328,23.543
37.304,27.816,29.57,37.442,49.134,17.914,27.801,48.55,18.666,18.983,-2.2889,13.579,4.6051,24.261,-5.444,23.412
37.304,27.816,29.57,37.442,49.134,17.914,27.801,48.55,18.666,18.983,-2.2889,13.579,4.6051,24.261,-5.444,23.412
37.244,27.954,29.601,37.411,49.055,18.031,27.845,48.583,18.675,19.128,-2.1776,13.64,4.7723,24.117,-5.3028,23.348
37.244,27.954,29.601,37.411,49.055,18.031,27.845,48.583,18.675,19.128,-2.1776,13.64,4.7723,24.117,-5.3028,23.348
37.183,28.092,29.632,37.38,48.972,18.151,27.885,48.617,18.682,19.274,-2.069,13.703,4.9393,23.974,-5.1636,23.286
37.183,28.092,29.632,37.38,48.972,18.151,27.885,48.617,18.682,19.274,-2.069,13.703,4.9393,23.974,-5.1636,23.286
37.119,28.232,29.662,37.348,48.884,18.273,27.924,48.651,18.687,19.421,-1.9631,13.768,5.106,23.83,-5.0265,23.226
37.119,28.232,29.662,37.348,48.884,18.273,27.924,48.651,18.687,19.421,-1.9631,13.768,5.106,23.83,-5.0265,23.226
37.052,28.372,29.691,37.316,48.793,18.397,27.96,48.686,18.689,19.57,-1.8599,13.834,5.2725,23.687,-4.8915,23.168
37.052,28.372,29.691,37.316,48.793,18.397,27.96,48.686,18.689,19.57,-1.8599,13.834,5.2725,23.687,-4.8915,23.168
36.984,28.514,29.719,37.282,48.698,18.524,27.994,48.721,18.69,19.72,-1.7594,13.903,5.4386,23.544,-4.7586,23.111
36.984,28.514,29.719,37.282,48.698,18.524,27.994,48.721,18.69,19.72,-1.7594,13.903,5.4386,23.544,-4.7586,23.111
36.984,28.514,29.719,37.282,48.698,18.524,27.994,48.721,18.69,19.72,-1.7594,13.903,5.4386,23.544,-4.7586,23.111
36.913,28.657,29.745,37.249,48.598,18.653,28.025,48.758,18.688,19.872,-1.6616,13.972,5.6046,23.401,-4.6277,23.055
36.839,28.801,29.771,37.214,48.495,18.784,28.054,48.795,18.684,20.025,-1.5664,14.044,5.7702,23.258,-4.499,23.001
36.764,28.945,29.796,37.179,48.388,18.918,28.08,48.832,18.678,20.179,-1.474,14.117,5.9355,23.115,-4.3723,22.949
36.764,28.945,29.796,37.179,48.388,18.918,28.08,48.832,18.678,20.179,-1.474,14.117,5.9355,23.115,-4.3723,22.949
36.686,29.091,29.82,37.144,48.276,19.054,28.105,48.87,18.67,20.334,-1.3843,14.192,6.1006,22.973,-4.2478,22.898
36.686,29.091,29.82,37.144,48.276,19.054,28.105,48.87,18.67,20.334,-1.3843,14.192,6.1006,22.973,-4.2478,22.898
36.686,29.091,29.82,37.144,48.276,19.054,28.105,48.87,18.67,20.334,-1.3843,14.192,6.1006,22.973,-4.2478,22.898
36.605,29.237,29.842,37.107,48.161,19.193,28.126,48.909,18.66,20.491,-1.2974,14.269,6.2654,22.83,-4.1253,22.849
36.605,29.237,29.842,37.107,48.161,19.193,28.126,48.909,18.66,20.491,-1.2974,14.269,6.2654,22.83,-4.1253,22.849
36.523,29.385,29.864,37.07,48.042,19.333,28.146,48.949,18.647,20.649,-1.2131,14.347,6.4299,22.687,-4.0049,22.802
36.523,29.385,29.864,37.07,48.042,19.333,28.146,48.949,18.647,20.649,-1.2131,14.347,6.4299,22.687,-4.0049,22.802
36.438,29.534,29.885,37.033,47.918,19.476,28.162,48.989,18.633,20.808,-1.1316,14.427,6.5941,22.545,-3.8866,22.755
36.35,29.683,29.904,36.994,47.791,19.621,28.177,49.03,18.616,20.968,-1.0529,14.509,6.758,22.402,-3.7705,22.711
36.35,29.683,29.904,36.994,47.791,19.621,28.177,49.03,18.616,20.968,-1.0529,14.509,6.758,22.402,-3.7705,22.711
36.35,29.683,29.904,36.994,47.791,19.621,28.177,49.03,18.616,20.968,-1.0529,14.509,6.758,22.402,-3.7705,22.711
36.261,29.833,29.923,36.955,47.66,19.769,28.189,49.071,18.597,21.13,-0.97686,14.592,6.9215,22.26,-3.6564,22.668
36.261,29.833,29.923,36.955,47.66,19.769,28.189,49.071,18.597,21.13,-0.97686,14.592,6.9215,22.26,-3.6564,22.668
36.261,29.833,29.923,36.955,47.66,19.769,28.189,49.071,18.597,21.13,-0.97686,14.592,6.9215,22.26,-3.6564,22.668
36.169,29.985,29.94,36.915,47.525,19.918,28.199,49.113,18.576,21.293,-0.90359,14.677,7.0848,22.117,-3.5444,22.626
36.169,29.985,29.94,36.915,47.525,19.918,28.199,49.113,18.576,21.293,-0.90359,14.677,7.0848,22.117,-3.5444,22.626
36.075,30.137,29.957,36.874,47.386,20.07,28.206,49.155,18.553,21.457,-0.83308,14.764,7.2478,21.975,-3.4345,22.586
35.978,30.29,29.972,36.833,47.243,20.224,28.211,49.198,18.528,21.622,-0.76532,14.852,7.4104,21.832,-3.3267,22.548
35.879,30.443,29.987,36.79,47.097,20.379,28.213,49.242,18.501,21.788,-0.70032,14.941,7.5727,21.69,-3.2209,22.511
35.879,30.443,29.987,36.79,47.097,20.379,28.213,49.242,18.501,21.788,-0.70032,14.941,7.5727,21.69,-3.2209,22.511
35.778,30.598,30,36.747,46.946,20.537,28.213,49.286,18.472,21.955,-0.63808,15.033,7.7347,21.548,-3.1173,22.475
35.778,30.598,30,36.747,46.946,20.537,28.213,49.286,18.472,21.955,-0.63808,15.033,7.7347,21.548,-3.1173,22.475
35.778,30.598,30,36.747,46.946,20.537,28.213,49.286,18.472,21.955,-0.63808,15.033,7.7347,21.548,-3.1173,22.475
35.675,30.753,30.012,36.703,46.792,20.697,28.211,49.33,18.44,22.123,-0.57861,15.126,7.8963,21.405,-3.0158,22.441
35.675,30.753,30.012,36.703,46.792,20.697,28.211,49.33,18.44,22.123,-0.57861,15.126,7.8963,21.405,-3.0158,22.441
35.675,30.753,30.012,36.703,46.792,20.697,28.211,49.33,18.44,22.123,-0.57861,15.126,7.8963,21.405,-3.0158,22.441
35.57,30.91,30.024,36.659,46.633,20.859,28.206,49.375,18.406,22.293,-0.52191,15.22,8.0576,21.263,-2.9163,22.408
35.462,31.067,30.034,36.613,46.471,21.024,28.199,49.421,18.371,22.463,-0.46798,15.316,8.2186,21.12,-2.819,22.377
35.462,31.067,30.034,36.613,46.471,21.024,28.199,49.421,18.371,22.463,-0.46798,15.316,8.2186,21.12,-2.819,22.377
35.352,31.224,30.043,36.567,46.305,21.19,28.19,49.467,18.333,22.635,-0.41682,15.414,8.3793,20.978,-2.7237,22.347
35.352,31.224,30.043,36.567,46.305,21.19,28.19,49.467,18.333,22.635,-0.41682,15.414,8.3793,20.978,-2.7237,22.347
35.24,31.383,30.051,36.52,46.136,21.358,28.178,49.513,18.293,22.808,-0.36844,15.513,8.5396,20.835,-2.6305,22.318
35.24,31.383,30.051,36.52,46.136,21.358,28.178,49.513,18.293,22.808,-0.36844,15.513,8.5396,20.835,-2.6305,22.318
35.24,31.383,30.051,36.52,46.136,21.358,28.178,49.513,18.293,22.808,-0.36844,15.513,8.5396,20.835,-2.6305,22.318
35.125,31.542,30.059,36.472,45.962,21.528,28.164,49.56,18.251,22.981,-0.32283,15.613,8.6995,20.693,-2.5394,22.291
35.125,31.542,30.059,36.472,45.962,21.528,28.164,49.56,18.251,22.981,-0.32283,15.613,8.6995,20.693,-2.5394,22.291
35.125,31.542,30.059,36.472,45.962,21.528,28.164,49.56,18.251,22.981,-0.32283,15.613,8.6995,20.693,-2.5394,22.291
34.889,31.863,30.07,36.373,45.605,21.873,28.128,49.655,18.161,23.331,-0.23994,15.819,9.0184,20.407,-2.3633,22.241
34.889,31.863,30.07,36.373,45.605,21.873,28.128,49.655,18.161,23.331,-0.23994,15.819,9.0184,20.407,-2.3633,22.241
34.768,32.024,30.074,36.323,45.42,22.049,28.107,49.703,18.112,23.507,-0.20266,15.924,9.1773,20.264,-2.2784,22.218
34.768,32.024,30.074,36.323,45.42,22.049,28.107,49.703,18.112,23.507,-0.20266,15.924,9.1773,20.264,-2.2784,22.218
34.768,32.024,30.074,36.323,45.42,22.049,28.107,49.703,18.112,23.507,-0.20266,15.924,9.1773,20.264,-2.2784,22.218
34.768,32.024,30.074,36.323,45.42,22.049,28.107,49.703,18.112,23.507,-0.20266,15.924,9.1773,20.264,-2.2784,22.218
34.519,32.349,30.079,36.219,45.04,22.406,28.057,49.799,18.01,23.863,-0.13642,16.138,9.494,19.978,-2.1147,22.176
34.519,32.349,30.079,36.219,45.04,22.406,28.057,49.799,18.01,23.863,-0.13642,16.138,9.494,19.978,-2.1147,22.176
34.392,32.512,30.08,36.166,44.844,22.587,28.029,49.848,17.955,24.042,-0.10747,16.247,9.6518,19.835,-2.036,22.157
34.392,32.512,30.08,36.166,44.844,22.587,28.029,49.848,17.955,24.042,-0.10747,16.247,9.6518,19.835,-2.036,22.157
34.262,32.676,30.079,36.111,44.645,22.77,27.998,49.898,17.898,24.222,-0.081292,16.358,9.8092,19.691,-1.9593,22.139
34.262,32.676,30.079,36.111,44.645,22.77,27.998,49.898,17.898,24.222,-0.081292,16.358,9.8092,19.691,-1.9593,22.139
34.13,32.84,30.078,36.056,44.442,22.954,27.965,49.947,17.84,24.403,-0.057885,16.47,9.9663,19.548,-1.8846,22.122
34.13,32.84,30.078,36.056,44.442,22.954,27.965,49.947,17.84,24.403,-0.057885,16.47,9.9663,19.548,-1.8846,22.122
34.13,32.84,30.078,36.056,44.442,22.954,27.965,49.947,17.84,24.403,-0.057885,16.47,9.9663,19.548,-1.8846,22.122
33.995,33.005,30.076,36,44.236,23.14,27.93,49.997,17.779,24.584,-0.037249,16.583,10.123,19.404,-1.812,22.107
33.859,33.171,30.073,35.943,44.026,23.328,27.892,50.047,17.716,24.767,-0.019382,16.698,10.279,19.261,-1.7414,22.093
33.859,33.171,30.073,35.943,44.026,23.328,27.892,50.047,17.716,24.767,-0.019382,16.698,10.279,19.261,-1.7414,22.093
33.721,33.337,30.069,35.885,43.812,23.518,27.852,50.097,17.652,24.95,-0.0042817,16.814,10.435,19.117,-1.6728,22.08
33.721,33.337,30.069,35.885,43.812,23.518,27.852,50.097,17.652,24.95,-0.0042817,16.814,10.435,19.117,-1.6728,22.08
33.58,33.504,30.063,35.826,43.595,23.709,27.81,50.148,17.585,25.133,0.0080549,16.931,10.591,18.972,-1.6062,22.069
33.58,33.504,30.063,35.826,43.595,23.709,27.81,50.148,17.585,25.133,0.0080549,16.931,10.591,18.972,-1.6062,22.069
33.58,33.504,30.063,35.826,43.595,23.709,27.81,50.148,17.585,25.133,0.0080549,16.931,10.591,18.972,-1.6062,22.069
33.437,33.671,30.057,35.766,43.374,23.902,27.765,50.199,17.516,25.318,0.017631,17.05,10.746,18.828,-1.5417,22.059
33.437,33.671,30.057,35.766,43.374,23.902,27.765,50.199,17.516,25.318,0.017631,17.05,10.746,18.828,-1.5417,22.059
33.145,34.007,30.041,35.643,42.923,24.293,27.669,50.301,17.372,25.689,0.028513,17.291,11.055,18.539,-1.4186,22.041
33.145,34.007,30.041,35.643,42.923,24.293,27.669,50.301,17.372,25.689,0.028513,17.291,11.055,18.539,-1.4186,22.041
33.145,34.007,30.041,35.643,42.923,24.293,27.669,50.301,17.372,25.689,0.028513,17.291,11.055,18.539,-1.4186,22.041
32.996,34.176,30.032,35.58,42.692,24.49,27.617,50.352,17.297,25.876,0.029828,17.414,11.209,18.394,-1.36,22.035
32.996,34.176,30.032,35.58,42.692,24.49,27.617,50.352,17.297,25.876,0.029828,17.414,11.209,18.394,-1.36,22.035
32.845,34.345,30.021,35.516,42.457,24.689,27.564,50.404,17.22,26.063,0.028397,17.538,11.363,18.248,-1.3034,22.029
32.845,34.345,30.021,35.516,42.457,24.689,27.564,50.404,17.22,26.063,0.028397,17.538,11.363,18.248,-1.3034,22.029
32.692,34.514,30.01,35.451,42.219,24.89,27.508,50.455,17.142,26.251,0.024225,17.663,11.516,18.103,-1.2488,22.024
32.692,34.514,30.01,35.451,42.219,24.89,27.508,50.455,17.142,26.251,0.024225,17.663,11.516,18.103,-1.2488,22.024
32.537,34.684,29.997,35.385,41.978,25.092,27.449,50.507,17.061,26.439,0.017317,17.789,11.669,17.957,-1.1961,22.021
32.537,34.684,29.997,35.385,41.978,25.092,27.449,50.507,17.061,26.439,0.017317,17.789,11.669,17.957,-1.1961,22.021
32.38,34.855,29.984,35.318,41.733,25.295,27.389,50.559,16.978,26.628,0.0076782,17.916,11.822,17.811,-1.1454,22.018
32.38,34.855,29.984,35.318,41.733,25.295,27.389,50.559,16.978,26.628,0.0076782,17.916,11.822,17.811,-1.1454,22.018
32.22,35.025,29.969,35.25,41.485,25.5,27.326,50.611,16.893,26.817,-0.0046858,18.045,11.974,17.664,-1.0967,22.017
32.22,35.025,29.969,35.25,41.485,25.5,27.326,50.611,16.893,26.817,-0.0046858,18.045,11.974,17.664,-1.0967,22.017
32.059,35.196,29.953,35.181,41.234,25.706,27.261,50.663,16.806,27.007,-0.019769,18.175,12.125,17.518,-1.0499,22.017
32.059,35.196,29.953,35.181,41.234,25.706,27.261,50.663,16.806,27.007,-0.019769,18.175,12.125,17.518,-1.0499,22.017
31.896,35.368,29.937,35.111,40.98,25.913,27.194,50.715,16.718,27.198,-0.037566,18.305,12.277,17.371,-1.005,22.017
31.731,35.539,29.919,35.039,40.722,26.122,27.124,50.767,16.627,27.389,-0.058069,18.437,12.427,17.224,-0.96202,22.019
31.731,35.539,29.919,35.039,40.722,26.122,27.124,50.767,16.627,27.389,-0.058069,18.437,12.427,17.224,-0.96202,22.019
31.731,35.539,29.919,35.039,40.722,26.122,27.124,50.767,16.627,27.389,-0.058069,18.437,12.427,17.224,-0.96202,22.019
31.563,35.711,29.901,34.967,40.461,26.332,27.052,50.819,16.534,27.58,-0.081272,18.57,12.578,17.076,-0.92096,22.022
31.563,35.711,29.901,34.967,40.461,26.332,27.052,50.819,16.534,27.58,-0.081272,18.57,12.578,17.076,-0.92096,22.022
31.563,35.711,29.901,34.967,40.461,26.332,27.052,50.819,16.534,27.58,-0.081272,18.57,12.578,17.076,-0.92096,22.022
31.394,35.884,29.881,34.893,40.196,26.543,26.978,50.871,16.44,27.772,-0.10717,18.705,12.728,16.928,-0.8818,22.026
31.394,35.884,29.881,34.893,40.196,26.543,26.978,50.871,16.44,27.772,-0.10717,18.705,12.728,16.928,-0.8818,22.026
31.394,35.884,29.881,34.893,40.196,26.543,26.978,50.871,16.44,27.772,-0.10717,18.705,12.728,16.928,-0.8818,22.026
31.05,36.229,29.839,34.743,39.658,26.97,26.824,50.975,16.245,28.157,-0.16701,18.976,13.027,16.631,-0.80914,22.036
31.05,36.229,29.839,34.743,39.658,26.97,26.824,50.975,16.245,28.157,-0.16701,18.976,13.027,16.631,-0.80914,22.036
30.874,36.402,29.816,34.666,39.384,27.184,26.744,51.027,16.145,28.35,-0.20094,19.113,13.176,16.482,-0.77561,22.042
30.874,36.402,29.816,34.666,39.384,27.184,26.744,51.027,16.145,28.35,-0.20094,19.113,13.176,16.482,-0.77561,22.042
30.697,36.575,29.792,34.588,39.107,27.4,26.661,51.078,16.043,28.543,-0.23752,19.251,13.324,16.333,-0.74394,22.05
30.697,36.575,29.792,34.588,39.107,27.4,26.661,51.078,16.043,28.543,-0.23752,19.251,13.324,16.333,-0.74394,22.05
30.519,36.748,29.768,34.509,38.827,27.617,26.576,51.13,15.939,28.737,-0.27677,19.391,13.473,16.183,-0.71411,22.058
30.519,36.748,29.768,34.509,38.827,27.617,26.576,51.13,15.939,28.737,-0.27677,19.391,13.473,16.183,-0.71411,22.058
30.338,36.922,29.742,34.428,38.544,27.835,26.489,51.182,15.833,28.93,-0.31865,19.531,13.62,16.033,-0.68612,22.067
30.155,37.096,29.716,34.347,38.258,28.055,26.4,51.233,15.725,29.125,-0.36317,19.672,13.767,15.882,-0.65995,22.077
30.155,37.096,29.716,34.347,38.258,28.055,26.4,51.233,15.725,29.125,-0.36317,19.672,13.767,15.882,-0.65995,22.077
30.155,37.096,29.716,34.347,38.258,28.055,26.4,51.233,15.725,29.125,-0.36317,19.672,13.767,15.882,-0.65995,22.077
29.97,37.27,29.688,34.264,37.969,28.275,26.309,51.285,15.616,29.319,-0.41031,19.814,13.914,15.731,-0.63559,22.088
29.97,37.27,29.688,34.264,37.969,28.275,26.309,51.285,15.616,29.319,-0.41031,19.814,13.914,15.731,-0.63559,22.088
29.784,37.443,29.659,34.18,37.677,28.496,26.215,51.336,15.505,29.513,-0.46007,19.957,14.061,15.579,-0.61302,22.1
29.784,37.443,29.659,34.18,37.677,28.496,26.215,51.336,15.505,29.513,-0.46007,19.957,14.061,15.579,-0.61302,22.1
29.596,37.617,29.63,34.095,37.381,28.718,26.12,51.387,15.391,29.708,-0.51243,20.1,14.207,15.427,-0.59224,22.112
29.596,37.617,29.63,34.095,37.381,28.718,26.12,51.387,15.391,29.708,-0.51243,20.1,14.207,15.427,-0.59224,22.112
29.406,37.792,29.599,34.009,37.083,28.941,26.023,51.438,15.276,29.903,-0.56738,20.245,14.353,15.275,-0.57323,22.125
29.406,37.792,29.599,34.009,37.083,28.941,26.023,51.438,15.276,29.903,-0.56738,20.245,14.353,15.275,-0.57323,22.125
29.214,37.966,29.568,33.921,36.782,29.165,25.923,51.488,15.16,30.098,-0.62492,20.39,14.498,15.122,-0.55597,22.139
29.02,38.14,29.535,33.833,36.478,29.39,25.821,51.538,15.041,30.293,-0.68503,20.537,14.643,14.968,-0.54047,22.154
29.02,38.14,29.535,33.833,36.478,29.39,25.821,51.538,15.041,30.293,-0.68503,20.537,14.643,14.968,-0.54047,22.154
29.02,38.14,29.535,33.833,36.478,29.39,25.821,51.538,15.041,30.293,-0.68503,20.537,14.643,14.968,-0.54047,22.154
28.824,38.314,29.502,33.743,36.172,29.615,25.717,51.589,14.921,30.488,-0.7477,20.684,14.787,14.814,-0.52669,22.169
28.824,38.314,29.502,33.743,36.172,29.615,25.717,51.589,14.921,30.488,-0.7477,20.684,14.787,14.814,-0.52669,22.169
28.627,38.488,29.468,33.652,35.862,29.842,25.612,51.638,14.799,30.683,-0.81291,20.832,14.931,14.66,-0.51464,22.185
28.627,38.488,29.468,33.652,35.862,29.842,25.612,51.638,14.799,30.683,-0.81291,20.832,14.931,14.66,-0.51464,22.185
28.428,38.662,29.432,33.56,35.55,30.069,25.504,51.688,14.675,30.879,-0.88067,20.98,15.075,14.505,-0.50429,22.202
28.428,38.662,29.432,33.56,35.55,30.069,25.504,51.688,14.675,30.879,-0.88067,20.98,15.075,14.505,-0.50429,22.202
28.227,38.836,29.396,33.466,35.235,30.297,25.394,51.737,14.55,31.074,-0.95094,21.129,15.218,14.349,-0.49563,22.219
28.227,38.836,29.396,33.466,35.235,30.297,25.394,51.737,14.55,31.074,-0.95094,21.129,15.218,14.349,-0.49563,22.219
28.227,38.836,29.396,33.466,35.235,30.297,25.394,51.737,14.55,31.074,-0.95094,21.129,15.218,14.349,-0.49563,22.219
28.227,38.836,29.396,33.466,35.235,30.297,25.394,51.737,14.55,31.074,-0.95094,21.129,15.218,14.349,-0.49563,22.219
27.821,39.184,29.321,33.275,34.596,30.754,25.168,51.835,14.294,31.464,-1.099,21.43,15.504,14.036,-0.48332,22.256
27.821,39.184,29.321,33.275,34.596,30.754,25.168,51.835,14.294,31.464,-1.099,21.43,15.504,14.036,-0.48332,22.256
27.615,39.358,29.282,33.178,34.273,30.984,25.052,51.883,14.163,31.659,-1.1768,21.581,15.646,13.879,-0.47964,22.275
27.615,39.358,29.282,33.178,34.273,30.984,25.052,51.883,14.163,31.659,-1.1768,21.581,15.646,13.879,-0.47964,22.275
27.407,39.532,29.242,33.08,33.947,31.215,24.934,51.931,14.031,31.854,-1.257,21.733,15.787,13.721,-0.4776,22.295
27.407,39.532,29.242,33.08,33.947,31.215,24.934,51.931,14.031,31.854,-1.257,21.733,15.787,13.721,-0.4776,22.295
27.407,39.532,29.242,33.08,33.947,31.215,24.934,51.931,14.031,31.854,-1.257,21.733,15.787,13.721,-0.4776,22.295
27.198,39.706,29.201,32.98,33.618,31.446,24.815,51.978,13.897,32.049,-1.3397,21.886,15.929,13.563,-0.47717,22.315
26.987,39.879,29.159,32.879,33.287,31.677,24.693,52.025,13.761,32.244,-1.4249,22.039,16.069,13.404,-0.47834,22.335
26.775,40.052,29.116,32.777,32.953,31.91,24.569,52.072,13.624,32.438,-1.5124,22.193,16.21,13.244,-0.4811,22.357
26.775,40.052,29.116,32.777,32.953,31.91,24.569,52.072,13.624,32.438,-1.5124,22.193,16.21,13.244,-0.4811,22.357
26.775,40.052,29.116,32.777,32.953,31.91,24.569,52.072,13.624,32.438,-1.5124,22.193,16.21,13.244,-0.4811,22.357
26.56,40.225,29.073,32.673,32.617,32.142,24.444,52.118,13.485,32.633,-1.6024,22.347,16.35,13.084,-0.48543,22.378
26.56,40.225,29.073,32.673,32.617,32.142,24.444,52.118,13.485,32.633,-1.6024,22.347,16.35,13.084,-0.48543,22.378
26.345,40.398,29.028,32.568,32.278,32.375,24.316,52.163,13.345,32.827,-1.6948,22.502,16.49,12.923,-0.49131,22.4
26.345,40.398,29.028,32.568,32.278,32.375,24.316,52.163,13.345,32.827,-1.6948,22.502,16.49,12.923,-0.49131,22.4
26.127,40.571,28.983,32.462,31.937,32.609,24.187,52.209,13.203,33.021,-1.7896,22.657,16.629,12.761,-0.49873,22.423
26.127,40.571,28.983,32.462,31.937,32.609,24.187,52.209,13.203,33.021,-1.7896,22.657,16.629,12.761,-0.49873,22.423
25.908,40.743,28.936,32.354,31.593,32.843,24.055,52.253,13.059,33.214,-1.8867,22.813,16.768,12.599,-0.50767,22.446
25.908,40.743,28.936,32.354,31.593,32.843,24.055,52.253,13.059,33.214,-1.8867,22.813,16.768,12.599,-0.50767,22.446
25.688,40.915,28.889,32.246,31.247,33.077,23.922,52.297,12.914,33.408,-1.9862,22.969,16.906,12.435,-0.51812,22.469
25.688,40.915,28.889,32.246,31.247,33.077,23.922,52.297,12.914,33.408,-1.9862,22.969,16.906,12.435,-0.51812,22.469
25.466,41.087,28.841,32.136,30.898,33.312,23.787,52.341,12.768,33.601,-2.088,23.126,17.044,12.272,-0.53006,22.492
25.466,41.087,28.841,32.136,30.898,33.312,23.787,52.341,12.768,33.601,-2.088,23.126,17.044,12.272,-0.53006,22.492
25.243,41.259,28.792,32.024,30.547,33.547,23.65,52.384,12.619,33.793,-2.1922,23.283,17.182,12.107,-0.54346,22.516
25.017,41.43,28.742,31.911,30.194,33.782,23.512,52.427,12.47,33.985,-2.2986,23.441,17.32,11.942,-0.55832,22.54
25.017,41.43,28.742,31.911,30.194,33.782,23.512,52.427,12.47,33.985,-2.2986,23.441,17.32,11.942,-0.55832,22.54
24.791,41.601,28.691,31.797,29.838,34.017,23.371,52.468,12.318,34.177,-2.4074,23.598,17.457,11.776,-0.57462,22.565
24.791,41.601,28.691,31.797,29.838,34.017,23.371,52.468,12.318,34.177,-2.4074,23.598,17.457,11.776,-0.57462,22.565
24.791,41.601,28.691,31.797,29.838,34.017,23.371,52.468,12.318,34.177,-2.4074,23.598,17.457,11.776,-0.57462,22.565
24.563,41.771,28.64,31.682,29.48,34.253,23.229,52.51,12.166,34.369,-2.5184,23.757,17.593,11.61,-0.59233,22.59
24.563,41.771,28.64,31.682,29.48,34.253,23.229,52.51,12.166,34.369,-2.5184,23.757,17.593,11.61,-0.59233,22.59
24.334,41.941,28.587,31.565,29.12,34.489,23.085,52.55,12.012,34.559,-2.6316,23.915,17.729,11.442,-0.61145,22.615
24.334,41.941,28.587,31.565,29.12,34.489,23.085,52.55,12.012,34.559,-2.6316,23.915,17.729,11.442,-0.61145,22.615
24.103,42.111,28.534,31.447,28.758,34.725,22.939,52.59,11.856,34.75,-2.7471,24.074,17.865,11.274,-0.63195,22.64
23.87,42.28,28.48,31.328,28.393,34.961,22.791,52.63,11.699,34.94,-2.8649,24.233,18.001,11.105,-0.65382,22.665
23.87,42.28,28.48,31.328,28.393,34.961,22.791,52.63,11.699,34.94,-2.8649,24.233,18.001,11.105,-0.65382,22.665
23.87,42.28,28.48,31.328,28.393,34.961,22.791,52.63,11.699,34.94,-2.8649,24.233,18.001,11.105,-0.65382,22.665
23.637,42.449,28.425,31.207,28.027,35.197,22.642,52.668,11.541,35.129,-2.9848,24.392,18.136,10.935,-0.67703,22.691
23.637,42.449,28.425,31.207,28.027,35.197,22.642,52.668,11.541,35.129,-2.9848,24.392,18.136,10.935,-0.67703,22.691
23.402,42.617,28.369,31.085,27.658,35.433,22.491,52.706,11.381,35.318,-3.1069,24.552,18.27,10.765,-0.70157,22.716
23.402,42.617,28.369,31.085,27.658,35.433,22.491,52.706,11.381,35.318,-3.1069,24.552,18.27,10.765,-0.70157,22.716
23.402,42.617,28.369,31.085,27.658,35.433,22.491,52.706,11.381,35.318,-3.1069,24.552,18.27,10.765,-0.70157,22.716
23.165,42.785,28.312,30.962,27.287,35.67,22.338,52.743,11.22,35.506,-3.2311,24.711,18.405,10.593,-0.72743,22.742
22.927,42.952,28.255,30.837,26.914,35.906,22.184,52.78,11.057,35.694,-3.3575,24.871,18.539,10.421,-0.75457,22.768
22.688,43.119,28.197,30.711,26.539,36.142,22.027,52.816,10.893,35.881,-3.486,25.031,18.672,10.248,-0.78299,22.794
22.688,43.119,28.197,30.711,26.539,36.142,22.027,52.816,10.893,35.881,-3.486,25.031,18.672,10.248,-0.78299,22.794
22.688,43.119,28.197,30.711,26.539,36.142,22.027,52.816,10.893,35.881,-3.486,25.031,18.672,10.248,-0.78299,22.794
22.688,43.119,28.197,30.711,26.539,36.142,22.027,52.816,10.893,35.881,-3.486,25.031,18.672,10.248,-0.78299,22.794
22.448,43.285,28.137,30.583,26.162,36.378,21.87,52.851,10.728,36.067,-3.6166,25.191,18.806,10.074,-0.81266,22.82
22.448,43.285,28.137,30.583,26.162,36.378,21.87,52.851,10.728,36.067,-3.6166,25.191,18.806,10.074,-0.81266,22.82
22.448,43.285,28.137,30.583,26.162,36.378,21.87,52.851,10.728,36.067,-3.6166,25.191,18.806,10.074,-0.81266,22.82
21.963,43.616,28.017,30.324,25.402,36.85,21.549,52.918,10.393,36.438,-3.8841,25.512,19.071,9.7235,-0.87568,22.872
21.963,43.616,28.017,30.324,25.402,36.85,21.549,52.918,10.393,36.438,-3.8841,25.512,19.071,9.7235,-0.87568,22.872
21.963,43.616,28.017,30.324,25.402,36.85,21.549,52.918,10.393,36.438,-3.8841,25.512,19.071,9.7235,-0.87568,22.872
21.719,43.78,27.955,30.192,25.02,37.086,21.386,52.951,10.224,36.622,-4.0209,25.672,19.203,9.5469,-0.909,22.898
21.473,43.944,27.893,30.059,24.635,37.321,21.222,52.982,10.054,36.806,-4.1597,25.833,19.335,9.3695,-0.94349,22.924
21.473,43.944,27.893,30.059,24.635,37.321,21.222,52.982,10.054,36.806,-4.1597,25.833,19.335,9.3695,-0.94349,22.924
21.473,43.944,27.893,30.059,24.635,37.321,21.222,52.982,10.054,36.806,-4.1597,25.833,19.335,9.3695,-0.94349,22.924
21.226,44.107,27.83,29.925,24.249,37.557,21.056,53.013,9.8822,36.988,-4.3006,25.993,19.467,9.1911,-0.97913,22.95
21.226,44.107,27.83,29.925,24.249,37.557,21.056,53.013,9.8822,36.988,-4.3006,25.993,19.467,9.1911,-0.97913,22.95
20.978,44.27,27.766,29.789,23.86,37.792,20.889,53.043,9.7094,37.17,-4.4434,26.153,19.598,9.0118,-1.0159,22.975
20.729,44.432,27.702,29.652,23.47,38.026,20.72,53.072,9.5353,37.351,-4.5882,26.314,19.729,8.8315,-1.0538,23.001
20.729,44.432,27.702,29.652,23.47,38.026,20.72,53.072,9.5353,37.351,-4.5882,26.314,19.729,8.8315,-1.0538,23.001
20.479,44.593,27.636,29.514,23.079,38.261,20.55,53.101,9.3601,37.531,-4.7349,26.474,19.859,8.6503,-1.0928,23.026
20.479,44.593,27.636,29.514,23.079,38.261,20.55,53.101,9.3601,37.531,-4.7349,26.474,19.859,8.6503,-1.0928,23.026
20.227,44.753,27.57,29.374,22.685,38.495,20.378,53.128,9.1837,37.71,-4.8835,26.634,19.989,8.4682,-1.1329,23.052
19.975,44.913,27.504,29.233,22.29,38.729,20.204,53.154,9.0061,37.889,-5.034,26.794,20.119,8.2851,-1.174,23.077
19.975,44.913,27.504,29.233,22.29,38.729,20.204,53.154,9.0061,37.889,-5.034,26.794,20.119,8.2851,-1.174,23.077
19.975,44.913,27.504,29.233,22.29,38.729,20.204,53.154,9.0061,37.889,-5.034,26.794,20.119,8.2851,-1.174,23.077
19.721,45.072,27.436,29.09,21.893,38.962,20.029,53.179,8.8274,38.066,-5.1864,26.954,20.248,8.101,-1.2161,23.101
19.721,45.072,27.436,29.09,21.893,38.962,20.029,53.179,8.8274,38.066,-5.1864,26.954,20.248,8.101,-1.2161,23.101
19.466,45.23,27.368,28.946,21.495,39.195,19.853,53.204,8.6476,38.242,-5.3407,27.113,20.378,7.9159,-1.2593,23.126
19.466,45.23,27.368,28.946,21.495,39.195,19.853,53.204,8.6476,38.242,-5.3407,27.113,20.378,7.9159,-1.2593,23.126
19.466,45.23,27.368,28.946,21.495,39.195,19.853,53.204,8.6476,38.242,-5.3407,27.113,20.378,7.9159,-1.2593,23.126
19.21,45.388,27.299,28.801,21.095,39.427,19.675,53.227,8.4667,38.418,-5.4967,27.273,20.506,7.7298,-1.3035,23.15
19.21,45.388,27.299,28.801,21.095,39.427,19.675,53.227,8.4667,38.418,-5.4967,27.273,20.506,7.7298,-1.3035,23.15
18.695,45.7,27.159,28.505,20.291,39.89,19.315,53.271,8.1017,38.765,-5.8143,27.591,20.763,7.3545,-1.3947,23.198
18.695,45.7,27.159,28.505,20.291,39.89,19.315,53.271,8.1017,38.765,-5.8143,27.591,20.763,7.3545,-1.3947,23.198
18.695,45.7,27.159,28.505,20.291,39.89,19.315,53.271,8.1017,38.765,-5.8143,27.591,20.763,7.3545,-1.3947,23.198
18.436,45.855,27.088,28.356,19.886,40.121,19.133,53.291,7.9177,38.938,-5.9757,27.749,20.891,7.1653,-1.4417,23.222
18.436,45.855,27.088,28.356,19.886,40.121,19.133,53.291,7.9177,38.938,-5.9757,27.749,20.891,7.1653,-1.4417,23.222
18.436,45.855,27.088,28.356,19.886,40.121,19.133,53.291,7.9177,38.938,-5.9757,27.749,20.891,7.1653,-1.4417,23.222
18.176,46.009,27.016,28.205,19.48,40.351,18.949,53.311,7.7326,39.109,-6.1388,27.908,21.018,6.9751,-1.4896,23.245
17.915,46.162,26.943,28.053,19.073,40.581,18.765,53.329,7.5465,39.279,-6.3037,28.066,21.146,6.7838,-1.5384,23.267
17.915,46.162,26.943,28.053,19.073,40.581,18.765,53.329,7.5465,39.279,-6.3037,28.066,21.146,6.7838,-1.5384,23.267
17.653,46.315,26.87,27.899,18.665,40.81,18.579,53.346,7.3595,39.448,-6.4703,28.223,21.273,6.5914,-1.5881,23.289
17.653,46.315,26.87,27.899,18.665,40.81,18.579,53.346,7.3595,39.448,-6.4703,28.223,21.273,6.5914,-1.5881,23.289
17.653,46.315,26.87,27.899,18.665,40.81,18.579,53.346,7.3595,39.448,-6.4703,28.223,21.273,6.5914,-1.5881,23.289
17.39,46.466,26.796,27.744,18.255,41.038,18.391,53.362,7.1714,39.615,-6.6385,28.381,21.399,6.398,-1.6386,23.311
17.39,46.466,26.796,27.744,18.255,41.038,18.391,53.362,7.1714,39.615,-6.6385,28.381,21.399,6.398,-1.6386,23.311
17.39,46.466,26.796,27.744,18.255,41.038,18.391,53.362,7.1714,39.615,-6.6385,28.381,21.399,6.398,-1.6386,23.311
16.861,46.766,26.647,27.429,17.431,41.492,18.012,53.39,6.7926,39.947,-6.9798,28.694,21.651,6.0078,-1.742,23.353
16.861,46.766,26.647,27.429,17.431,41.492,18.012,53.39,6.7926,39.947,-6.9798,28.694,21.651,6.0078,-1.742,23.353
16.596,46.915,26.571,27.27,17.017,41.718,17.821,53.403,6.6018,40.111,-7.1529,28.85,21.777,5.8111,-1.7949,23.373
16.596,46.915,26.571,27.27,17.017,41.718,17.821,53.403,6.6018,40.111,-7.1529,28.85,21.777,5.8111,-1.7949,23.373
16.329,47.062,26.494,27.109,16.602,41.943,17.629,53.414,6.4102,40.274,-7.3275,29.006,21.903,5.6132,-1.8485,23.393
16.062,47.209,26.417,26.947,16.186,42.168,17.435,53.424,6.2177,40.435,-7.5036,29.161,22.028,5.4143,-1.9029,23.412
16.062,47.209,26.417,26.947,16.186,42.168,17.435,53.424,6.2177,40.435,-7.5036,29.161,22.028,5.4143,-1.9029,23.412
16.062,47.209,26.417,26.947,16.186,42.168,17.435,53.424,6.2177,40.435,-7.5036,29.161,22.028,5.4143,-1.9029,23.412
15.794,47.354,26.339,26.783,15.768,42.391,17.24,53.433,6.0243,40.596,-7.6813,29.315,22.153,5.2141,-1.958,23.431
15.794,47.354,26.339,26.783,15.768,42.391,17.24,53.433,6.0243,40.596,-7.6813,29.315,22.153,5.2141,-1.958,23.431
15.794,47.354,26.339,26.783,15.768,42.391,17.24,53.433,6.0243,40.596,-7.6813,29.315,22.153,5.2141,-1.958,23.431
15.524,47.499,26.261,26.619,15.35,42.614,17.044,53.441,5.8302,40.754,-7.8605,29.469,22.277,5.0128,-2.0138,23.449
15.524,47.499,26.261,26.619,15.35,42.614,17.044,53.441,5.8302,40.754,-7.8605,29.469,22.277,5.0128,-2.0138,23.449
15.255,47.642,26.182,26.452,14.931,42.836,16.847,53.448,5.6352,40.912,-8.0411,29.622,22.401,4.8104,-2.0702,23.466
14.984,47.784,26.103,26.285,14.51,43.056,16.648,53.453,5.4395,41.068,-8.2232,29.775,22.525,4.6068,-2.1273,23.483
14.713,47.925,26.022,26.116,14.089,43.276,16.449,53.457,5.243,41.222,-8.4067,29.927,22.649,4.402,-2.1849,23.499
14.713,47.925,26.022,26.116,14.089,43.276,16.449,53.457,5.243,41.222,-8.4067,29.927,22.649,4.402,-2.1849,23.499
14.441,48.066,25.942,25.945,13.666,43.495,16.248,53.46,5.0457,41.376,-8.5916,30.079,22.773,4.196,-2.2432,23.514
14.441,48.066,25.942,25.945,13.666,43.495,16.248,53.46,5.0457,41.376,-8.5916,30.079,22.773,4.196,-2.2432,23.514
14.441,48.066,25.942,25.945,13.666,43.495,16.248,53.46,5.0457,41.376,-8.5916,30.079,22.773,4.196,-2.2432,23.514
14.168,48.205,25.86,25.774,13.243,43.712,16.046,53.461,4.8478,41.527,-8.7778,30.229,22.896,3.9888,-2.3021,23.528
14.168,48.205,25.86,25.774,13.243,43.712,16.046,53.461,4.8478,41.527,-8.7778,30.229,22.896,3.9888,-2.3021,23.528
14.168,48.205,25.86,25.774,13.243,43.712,16.046,53.461,4.8478,41.527,-8.7778,30.229,22.896,3.9888,-2.3021,23.528
13.894,48.342,25.779,25.6,12.818,43.929,15.844,53.461,4.6491,41.678,-8.9654,30.379,23.019,3.7804,-2.3615,23.542
13.62,48.479,25.696,25.426,12.393,44.145,15.64,53.46,4.4498,41.826,-9.1542,30.529,23.142,3.5708,-2.4214,23.555
13.62,48.479,25.696,25.426,12.393,44.145,15.64,53.46,4.4498,41.826,-9.1542,30.529,23.142,3.5708,-2.4214,23.555
13.345,48.615,25.613,25.25,11.967,44.359,15.435,53.458,4.2498,41.974,-9.3444,30.677,23.264,3.36,-2.4818,23.567
13.345,48.615,25.613,25.25,11.967,44.359,15.435,53.458,4.2498,41.974,-9.3444,30.677,23.264,3.36,-2.4818,23.567
13.07,48.749,25.529,25.073,11.54,44.572,15.229,53.454,4.0492,42.119,-9.5358,30.825,23.386,3.1479,-2.5427,23.579
13.07,48.749,25.529,25.073,11.54,44.572,15.229,53.454,4.0492,42.119,-9.5358,30.825,23.386,3.1479,-2.5427,23.579
12.793,48.882,25.445,24.894,11.112,44.784,15.022,53.448,3.8479,42.263,-9.7284,30.972,23.508,2.9346,-2.6041,23.589
12.793,48.882,25.445,24.894,11.112,44.784,15.022,53.448,3.8479,42.263,-9.7284,30.972,23.508,2.9346,-2.6041,23.589
12.793,48.882,25.445,24.894,11.112,44.784,15.022,53.448,3.8479,42.263,-9.7284,30.972,23.508,2.9346,-2.6041,23.589
12.517,49.014,25.361,24.714,10.684,44.995,14.814,53.442,3.6461,42.406,-9.9223,31.118,23.63,2.72,-2.6659,23.599
12.517,49.014,25.361,24.714,10.684,44.995,14.814,53.442,3.6461,42.406,-9.9223,31.118,23.63,2.72,-2.6659,23.599
12.239,49.144,25.275,24.533,10.255,45.205,14.605,53.434,3.4437,42.547,-10.117,31.263,23.752,2.5042,-2.7281,23.608
12.239,49.144,25.275,24.533,10.255,45.205,14.605,53.434,3.4437,42.547,-10.117,31.263,23.752,2.5042,-2.7281,23.608
11.962,49.274,25.19,24.35,9.8251,45.413,14.396,53.424,3.2408,42.686,-10.313,31.408,23.873,2.2871,-2.7907,23.615
11.962,49.274,25.19,24.35,9.8251,45.413,14.396,53.424,3.2408,42.686,-10.313,31.408,23.873,2.2871,-2.7907,23.615
11.404,49.529,25.017,23.981,8.9637,45.826,13.974,53.401,2.8333,42.959,-10.709,31.694,24.115,1.849,-2.9169,23.628
11.404,49.529,25.017,23.981,8.9637,45.826,13.974,53.401,2.8333,42.959,-10.709,31.694,24.115,1.849,-2.9169,23.628
11.404,49.529,25.017,23.981,8.9637,45.826,13.974,53.401,2.8333,42.959,-10.709,31.694,24.115,1.849,-2.9169,23.628
11.125,49.654,24.929,23.794,8.5321,46.031,13.761,53.387,2.6289,43.093,-10.908,31.835,24.236,1.6281,-2.9805,23.633
11.125,49.654,24.929,23.794,8.5321,46.031,13.761,53.387,2.6289,43.093,-10.908,31.835,24.236,1.6281,-2.9805,23.633
10.845,49.778,24.842,23.606,8.0999,46.234,13.548,53.372,2.4239,43.226,-11.109,31.976,24.356,1.4058,-3.0444,23.637
10.565,49.901,24.753,23.417,7.6673,46.436,13.334,53.355,2.2185,43.356,-11.31,32.115,24.476,1.1822,-3.1086,23.64
10.565,49.901,24.753,23.417,7.6673,46.436,13.334,53.355,2.2185,43.356,-11.31,32.115,24.476,1.1822,-3.1086,23.64
10.284,50.022,24.665,23.226,7.2341,46.636,13.119,53.337,2.0127,43.485,-11.513,32.254,24.596,0.9573,-3.173,23.641
10.284,50.022,24.665,23.226,7.2341,46.636,13.119,53.337,2.0127,43.485,-11.513,32.254,24.596,0.9573,-3.173,23.641
10.284,50.022,24.665,23.226,7.2341,46.636,13.119,53.337,2.0127,43.485,-11.513,32.254,24.596,0.9573,-3.173,23.641
10.002,50.143,24.576,23.034,6.8006,46.835,12.903,53.318,1.8065,43.612,-11.716,32.392,24.716,0.73107,-3.2376,23.642
10.002,50.143,24.576,23.034,6.8006,46.835,12.903,53.318,1.8065,43.612,-11.716,32.392,24.716,0.73107,-3.2376,23.642
9.7209,50.261,24.486,22.841,6.3666,47.032,12.687,53.296,1.5999,43.737,-11.92,32.528,24.836,0.5035,-3.3024,23.642
9.7209,50.261,24.486,22.841,6.3666,47.032,12.687,53.296,1.5999,43.737,-11.92,32.528,24.836,0.5035,-3.3024,23.642
9.4388,50.378,24.396,22.647,5.9322,47.228,12.47,53.274,1.393,43.86,-12.126,32.663,24.955,0.27459,-3.3674,23.64
9.1565,50.494,24.305,22.451,5.4975,47.422,12.252,53.249,1.1857,43.982,-12.332,32.797,25.074,0.044325,-3.4326,23.637
9.1565,50.494,24.305,22.451,5.4975,47.422,12.252,53.249,1.1857,43.982,-12.332,32.797,25.074,0.044325,-3.4326,23.637
9.1565,50.494,24.305,22.451,5.4975,47.422,12.252,53.249,1.1857,43.982,-12.332,32.797,25.074,0.044325,-3.4326,23.637
8.8737,50.609,24.214,22.253,5.0625,47.615,12.033,53.223,0.97809,44.102,-12.539,32.93,25.193,-0.18729,-3.4979,23.633
8.8737,50.609,24.214,22.253,5.0625,47.615,12.033,53.223,0.97809,44.102,-12.539,32.93,25.193,-0.18729,-3.4979,23.633
8.8737,50.609,24.214,22.253,5.0625,47.615,12.033,53.223,0.97809,44.102,-12.539,32.93,25.193,-0.18729,-3.4979,23.633
8.5907,50.722,24.123,22.055,4.6272,47.806,11.814,53.196,0.77019,44.219,-12.746,33.062,25.312,-0.42028,-3.5632,23.628
8.5907,50.722,24.123,22.055,4.6272,47.806,11.814,53.196,0.77019,44.219,-12.746,33.062,25.312,-0.42028,-3.5632,23.628
8.3073,50.833,24.031,21.855,4.1916,47.996,11.594,53.167,0.56201,44.335,-12.955,33.193,25.431,-0.65463,-3.6287,23.622
8.0237,50.943,23.939,21.654,3.7558,48.184,11.374,53.136,0.35359,44.449,-13.164,33.322,25.549,-0.89036,-3.6942,23.614
8.0237,50.943,23.939,21.654,3.7558,48.184,11.374,53.136,0.35359,44.449,-13.164,33.322,25.549,-0.89036,-3.6942,23.614
7.7398,51.052,23.846,21.452,3.3199,48.37,11.152,53.104,0.14493,44.561,-13.374,33.451,25.667,-1.1275,-3.7597,23.605
7.7398,51.052,23.846,21.452,3.3199,48.37,11.152,53.104,0.14493,44.561,-13.374,33.451,25.667,-1.1275,-3.7597,23.605
7.4556,51.159,23.753,21.248,2.8838,48.555,10.931,53.07,-0.063934,44.67,-13.584,33.577,25.786,-1.366,-3.8252,23.595
7.4556,51.159,23.753,21.248,2.8838,48.555,10.931,53.07,-0.063934,44.67,-13.584,33.577,25.786,-1.366,-3.8252,23.595
7.1712,51.264,23.659,21.044,2.4475,48.738,10.708,53.035,-0.27299,44.778,-13.796,33.703,25.904,-1.6059,-3.8907,23.584
7.1712,51.264,23.659,21.044,2.4475,48.738,10.708,53.035,-0.27299,44.778,-13.796,33.703,25.904,-1.6059,-3.8907,23.584
7.1712,51.264,23.659,21.044,2.4475,48.738,10.708,53.035,-0.27299,44.778,-13.796,33.703,25.904,-1.6059,-3.8907,23.584
6.8866,51.368,23.566,20.838,2.0112,48.919,10.485,52.998,-0.48221,44.884,-14.008,33.827,26.021,-1.8472,-3.9562,23.571
6.6019,51.471,23.471,20.63,1.5749,49.099,10.262,52.959,-0.69157,44.988,-14.22,33.95,26.139,-2.0899,-4.0216,23.557
6.6019,51.471,23.471,20.63,1.5749,49.099,10.262,52.959,-0.69157,44.988,-14.22,33.95,26.139,-2.0899,-4.0216,23.557
6.3169,51.572,23.377,20.422,1.1385,49.277,10.038,52.919,-0.90106,45.089,-14.433,34.072,26.257,-2.334,-4.0869,23.541
6.0318,51.671,23.282,20.212,0.70209,49.453,9.8134,52.877,-1.1106,45.189,-14.647,34.192,26.374,-2.5796,-4.1521,23.524
6.0318,51.671,23.282,20.212,0.70209,49.453,9.8134,52.877,-1.1106,45.189,-14.647,34.192,26.374,-2.5796,-4.1521,23.524
6.0318,51.671,23.282,20.212,0.70209,49.453,9.8134,52.877,-1.1106,45.189,-14.647,34.192,26.374,-2.5796,-4.1521,23.524
5.7466,51.769,23.186,20.001,0.26574,49.627,9.5884,52.833,-1.3203,45.286,-14.861,34.311,26.491,-2.8265,-4.2172,23.506
5.7466,51.769,23.186,20.001,0.26574,49.627,9.5884,52.833,-1.3203,45.286,-14.861,34.311,26.491,-2.8265,-4.2172,23.506
5.4613,51.865,23.091,19.789,-0.17053,49.799,9.363,52.788,-1.53,45.382,-15.075,34.428,26.608,-3.0749,-4.2821,23.486
5.4613,51.865,23.091,19.789,-0.17053,49.799,9.363,52.788,-1.53,45.382,-15.075,34.428,26.608,-3.0749,-4.2821,23.486
5.1759,51.959,22.995,19.575,-0.60671,49.97,9.1372,52.741,-1.7398,45.475,-15.291,34.544,26.725,-3.3248,-4.3468,23.465
4.8904,52.052,22.898,19.361,-1.0427,50.138,8.9109,52.692,-1.9496,45.566,-15.506,34.658,26.842,-3.5761,-4.4113,23.442
4.8904,52.052,22.898,19.361,-1.0427,50.138,8.9109,52.692,-1.9496,45.566,-15.506,34.658,26.842,-3.5761,-4.4113,23.442
4.8904,52.052,22.898,19.361,-1.0427,50.138,8.9109,52.692,-1.9496,45.566,-15.506,34.658,26.842,-3.5761,-4.4113,23.442
4.6048,52.143,22.802,19.145,-1.4786,50.305,8.6843,52.641,-2.1594,45.655,-15.722,34.771,26.959,-3.8288,-4.4755,23.418
4.6048,52.143,22.802,19.145,-1.4786,50.305,8.6843,52.641,-2.1594,45.655,-15.722,34.771,26.959,-3.8288,-4.4755,23.418
4.3193,52.233,22.705,18.928,-1.9143,50.47,8.4572,52.589,-2.3691,45.741,-15.938,34.883,27.076,-4.083,-4.5396,23.393
4.3193,52.233,22.705,18.928,-1.9143,50.47,8.4572,52.589,-2.3691,45.741,-15.938,34.883,27.076,-4.083,-4.5396,23.393
4.0337,52.321,22.607,18.71,-2.3497,50.633,8.2299,52.535,-2.5788,45.826,-16.155,34.992,27.192,-4.3386,-4.6033,23.365
4.0337,52.321,22.607,18.71,-2.3497,50.633,8.2299,52.535,-2.5788,45.826,-16.155,34.992,27.192,-4.3386,-4.6033,23.365
3.7481,52.407,22.51,18.491,-2.7849,50.793,8.0022,52.479,-2.7884,45.908,-16.371,35.101,27.308,-4.5957,-4.6667,23.336
3.7481,52.407,22.51,18.491,-2.7849,50.793,8.0022,52.479,-2.7884,45.908,-16.371,35.101,27.308,-4.5957,-4.6667,23.336
3.4625,52.492,22.412,18.27,-3.2198,50.952,7.7742,52.421,-2.998,45.988,-16.588,35.207,27.425,-4.8542,-4.7298,23.306
3.4625,52.492,22.412,18.27,-3.2198,50.952,7.7742,52.421,-2.998,45.988,-16.588,35.207,27.425,-4.8542,-4.7298,23.306
3.4625,52.492,22.412,18.27,-3.2198,50.952,7.7742,52.421,-2.998,45.988,-16.588,35.207,27.425,-4.8542,-4.7298,23.306
3.4625,52.492,22.412,18.27,-3.2198,50.952,7.7742,52.421,-2.998,45.988,-16.588,35.207,27.425,-4.8542,-4.7298,23.306
2.8916,52.656,22.215,17.826,-4.0887,51.264,7.3173,52.301,-3.4167,46.141,-17.023,35.416,27.657,-5.3758,-4.8549,23.24
2.8916,52.656,22.215,17.826,-4.0887,51.264,7.3173,52.301,-3.4167,46.141,-17.023,35.416,27.657,-5.3758,-4.8549,23.24
2.6062,52.735,22.116,17.602,-4.5225,51.417,7.0885,52.238,-3.6258,46.214,-17.241,35.517,27.773,-5.6387,-4.9169,23.205
2.6062,52.735,22.116,17.602,-4.5225,51.417,7.0885,52.238,-3.6258,46.214,-17.241,35.517,27.773,-5.6387,-4.9169,23.205
2.3209,52.813,22.017,17.377,-4.956,51.567,6.8595,52.173,-3.8348,46.284,-17.459,35.617,27.889,-5.9032,-4.9784,23.168
2.0358,52.889,21.918,17.151,-5.389,51.716,6.6303,52.107,-4.0435,46.353,-17.677,35.716,28.004,-6.1691,-5.0395,23.13
2.0358,52.889,21.918,17.151,-5.389,51.716,6.6303,52.107,-4.0435,46.353,-17.677,35.716,28.004,-6.1691,-5.0395,23.13
2.0358,52.889,21.918,17.151,-5.389,51.716,6.6303,52.107,-4.0435,46.353,-17.677,35.716,28.004,-6.1691,-5.0395,23.13
1.7508,52.963,21.818,16.924,-5.8215,51.862,6.4009,52.039,-4.252,46.418,-17.895,35.812,28.12,-6.4365,-5.1002,23.089
1.7508,52.963,21.818,16.924,-5.8215,51.862,6.4009,52.039,-4.252,46.418,-17.895,35.812,28.12,-6.4365,-5.1002,23.089
1.7508,52.963,21.818,16.924,-5.8215,51.862,6.4009,52.039,-4.252,46.418,-17.895,35.812,28.12,-6.4365,-5.1002,23.089
1.4659,53.035,21.718,16.696,-6.2535,52.007,6.1713,51.968,-4.4603,46.482,-18.113,35.907,28.235,-6.7054,-5.1603,23.047
1.4659,53.035,21.718,16.696,-6.2535,52.007,6.1713,51.968,-4.4603,46.482,-18.113,35.907,28.235,-6.7054,-5.1603,23.047
1.4659,53.035,21.718,16.696,-6.2535,52.007,6.1713,51.968,-4.4603,46.482,-18.113,35.907,28.235,-6.7054,-5.1603,23.047
0.89679,53.174,21.518,16.236,-7.116,52.289,5.7118,51.823,-4.8761,46.602,-18.549,36.092,28.466,-7.2477,-5.279,22.958
0.89679,53.174,21.518,16.236,-7.116,52.289,5.7118,51.823,-4.8761,46.602,-18.549,36.092,28.466,-7.2477,-5.279,22.958
0.89679,53.174,21.518,16.236,-7.116,52.289,5.7118,51.823,-4.8761,46.602,-18.549,36.092,28.466,-7.2477,-5.279,22.958
0.61253,53.241,21.417,16.005,-7.5463,52.427,5.4819,51.747,-5.0835,46.658,-18.767,36.181,28.582,-7.521,-5.3375,22.911
0.61253,53.241,21.417,16.005,-7.5463,52.427,5.4819,51.747,-5.0835,46.658,-18.767,36.181,28.582,-7.521,-5.3375,22.911
0.61253,53.241,21.417,16.005,-7.5463,52.427,5.4819,51.747,-5.0835,46.658,-18.767,36.181,28.582,-7.521,-5.3375,22.911
0.044724,53.37,21.215,15.539,-8.4051,52.696,5.0219,51.59,-5.4974,46.764,-19.203,36.355,28.812,-8.0723,-5.4528,22.811
0.044724,53.37,21.215,15.539,-8.4051,52.696,5.0219,51.59,-5.4974,46.764,-19.203,36.355,28.812,-8.0723,-5.4528,22.811
-0.23878,53.432,21.114,15.305,-8.8335,52.827,4.7918,51.509,-5.7038,46.813,-19.421,36.438,28.927,-8.3502,-5.5095,22.758
-0.23878,53.432,21.114,15.305,-8.8335,52.827,4.7918,51.509,-5.7038,46.813,-19.421,36.438,28.927,-8.3502,-5.5095,22.758
-0.522,53.491,21.013,15.069,-9.2612,52.956,4.5617,51.426,-5.9098,46.859,-19.639,36.521,29.042,-8.6295,-5.5655,22.704
-0.80491,53.549,20.911,14.833,-9.6882,53.082,4.3317,51.341,-6.1154,46.903,-19.856,36.601,29.157,-8.9104,-5.6209,22.647
-0.80491,53.549,20.911,14.833,-9.6882,53.082,4.3317,51.341,-6.1154,46.903,-19.856,36.601,29.157,-8.9104,-5.6209,22.647
-1.0875,53.605,20.809,14.595,-10.114,53.207,4.1016,51.254,-6.3206,46.945,-20.073,36.679,29.272,-9.1928,-5.6756,22.589
-1.0875,53.605,20.809,14.595,-10.114,53.207,4.1016,51.254,-6.3206,46.945,-20.073,36.679,29.272,-9.1928,-5.6756,22.589
-1.0875,53.605,20.809,14.595,-10.114,53.207,4.1016,51.254,-6.3206,46.945,-20.073,36.679,29.272,-9.1928,-5.6756,22.589
-1.3697,53.659,20.707,14.357,-10.54,53.329,3.8716,51.165,-6.5253,46.984,-20.29,36.755,29.387,-9.4767,-5.7295,22.529
-1.3697,53.659,20.707,14.357,-10.54,53.329,3.8716,51.165,-6.5253,46.984,-20.29,36.755,29.387,-9.4767,-5.7295,22.529
-1.6516,53.711,20.605,14.118,-10.964,53.448,3.6417,51.074,-6.7295,47.02,-20.507,36.829,29.502,-9.7621,-5.7827,22.467
-1.6516,53.711,20.605,14.118,-10.964,53.448,3.6417,51.074,-6.7295,47.02,-20.507,36.829,29.502,-9.7621,-5.7827,22.467
-1.9331,53.762,20.503,13.877,-11.388,53.566,3.4119,50.982,-6.9333,47.054,-20.724,36.902,29.617,-10.049,-5.8352,22.403
-1.9331,53.762,20.503,13.877,-11.388,53.566,3.4119,50.982,-6.9333,47.054,-20.724,36.902,29.617,-10.049,-5.8352,22.403
-1.9331,53.762,20.503,13.877,-11.388,53.566,3.4119,50.982,-6.9333,47.054,-20.724,36.902,29.617,-10.049,-5.8352,22.403
-2.2142,53.81,20.4,13.636,-11.811,53.68,3.1822,50.887,-7.1365,47.085,-20.94,36.972,29.732,-10.337,-5.8868,22.337
-2.2142,53.81,20.4,13.636,-11.811,53.68,3.1822,50.887,-7.1365,47.085,-20.94,36.972,29.732,-10.337,-5.8868,22.337
-2.2142,53.81,20.4,13.636,-11.811,53.68,3.1822,50.887,-7.1365,47.085,-20.94,36.972,29.732,-10.337,-5.8868,22.337
-2.7752,53.901,20.195,13.151,-12.654,53.903,2.7232,50.692,-7.5414,47.14,-21.37,37.107,29.961,-10.919,-5.9877,22.2
-2.7752,53.901,20.195,13.151,-12.654,53.903,2.7232,50.692,-7.5414,47.14,-21.37,37.107,29.961,-10.919,-5.9877,22.2
-2.7752,53.901,20.195,13.151,-12.654,53.903,2.7232,50.692,-7.5414,47.14,-21.37,37.107,29.961,-10.919,-5.9877,22.2
-3.055,53.944,20.092,12.907,-13.074,54.011,2.494,50.592,-7.7429,47.164,-21.585,37.171,30.076,-11.212,-6.0368,22.128
-3.3343,53.985,19.988,12.662,-13.493,54.116,2.2649,50.49,-7.9439,47.185,-21.8,37.233,30.191,-11.506,-6.0851,22.054
-3.6132,54.023,19.885,12.417,-13.911,54.219,2.0361,50.386,-8.1443,47.203,-22.013,37.293,30.305,-11.802,-6.1325,21.978
-3.6132,54.023,19.885,12.417,-13.911,54.219,2.0361,50.386,-8.1443,47.203,-22.013,37.293,30.305,-11.802,-6.1325,21.978
-3.6132,54.023,19.885,12.417,-13.911,54.219,2.0361,50.386,-8.1443,47.203,-22.013,37.293,30.305,-11.802,-6.1325,21.978
-3.8915,54.06,19.782,12.17,-14.328,54.32,1.8075,50.279,-8.344,47.219,-22.227,37.351,30.42,-12.1,-6.179,21.9
-3.8915,54.06,19.782,12.17,-14.328,54.32,1.8075,50.279,-8.344,47.219,-22.227,37.351,30.42,-12.1,-6.179,21.9
-3.8915,54.06,19.782,12.17,-14.328,54.32,1.8075,50.279,-8.344,47.219,-22.227,37.351,30.42,-12.1,-6.179,21.9
-4.1693,54.095,19.678,11.923,-14.744,54.418,1.5792,50.171,-8.543,47.232,-22.44,37.407,30.534,-12.399,-6.2245,21.82
-4.1693,54.095,19.678,11.923,-14.744,54.418,1.5792,50.171,-8.543,47.232,-22.44,37.407,30.534,-12.399,-6.2245,21.82
-4.1693,54.095,19.678,11.923,-14.744,54.418,1.5792,50.171,-8.543,47.232,-22.44,37.407,30.534,-12.399,-6.2245,21.82
-4.7233,54.159,19.471,11.426,-15.573,54.606,1.1233,49.949,-8.9391,47.25,-22.863,37.512,30.763,-13.001,-6.3126,21.655
-4.7233,54.159,19.471,11.426,-15.573,54.606,1.1233,49.949,-8.9391,47.25,-22.863,37.512,30.763,-13.001,-6.3126,21.655
-4.7233,54.159,19.471,11.426,-15.573,54.606,1.1233,49.949,-8.9391,47.25,-22.863,37.512,30.763,-13.001,-6.3126,21.655
-4.9995,54.188,19.367,11.176,-15.986,54.696,0.89591,49.836,-9.1361,47.255,-23.074,37.561,30.878,-13.305,-6.3552,21.568
-4.9995,54.188,19.367,11.176,-15.986,54.696,0.89591,49.836,-9.1361,47.255,-23.074,37.561,30.878,-13.305,-6.3552,21.568
-4.9995,54.188,19.367,11.176,-15.986,54.696,0.89591,49.836,-9.1361,47.255,-23.074,37.561,30.878,-13.305,-6.3552,21.568
-5.55,54.24,19.159,10.674,-16.807,54.87,0.44209,49.602,-9.5278,47.256,-23.494,37.653,31.107,-13.916,-6.4372,21.39
-5.55,54.24,19.159,10.674,-16.807,54.87,0.44209,49.602,-9.5278,47.256,-23.494,37.653,31.107,-13.916,-6.4372,21.39
-5.8243,54.263,19.055,10.422,-17.216,54.953,0.21574,49.482,-9.7225,47.253,-23.703,37.695,31.221,-14.224,-6.4767,21.298
-5.8243,54.263,19.055,10.422,-17.216,54.953,0.21574,49.482,-9.7225,47.253,-23.703,37.695,31.221,-14.224,-6.4767,21.298
-6.098,54.284,18.951,10.169,-17.624,55.033,-0.010212,49.36,-9.9164,47.247,-23.911,37.736,31.336,-14.533,-6.515,21.203
-6.371,54.303,18.846,9.9155,-18.031,55.111,-0.23574,49.236,-10.109,47.239,-24.118,37.774,31.451,-14.844,-6.5522,21.106
-6.371,54.303,18.846,9.9155,-18.031,55.111,-0.23574,49.236,-10.109,47.239,-24.118,37.774,31.451,-14.844,-6.5522,21.106
-6.6434,54.32,18.742,9.6613,-18.436,55.186,-0.46083,49.111,-10.302,47.227,-24.324,37.809,31.565,-15.157,-6.5883,21.008
-6.6434,54.32,18.742,9.6613,-18.436,55.186,-0.46083,49.111,-10.302,47.227,-24.324,37.809,31.565,-15.157,-6.5883,21.008
-6.6434,54.32,18.742,9.6613,-18.436,55.186,-0.46083,49.111,-10.302,47.227,-24.324,37.809,31.565,-15.157,-6.5883,21.008
-6.9151,54.335,18.637,9.4063,-18.84,55.258,-0.68545,48.983,-10.493,47.213,-24.53,37.843,31.68,-15.471,-6.6233,20.907
-6.9151,54.335,18.637,9.4063,-18.84,55.258,-0.68545,48.983,-10.493,47.213,-24.53,37.843,31.68,-15.471,-6.6233,20.907
-7.186,54.348,18.533,9.1507,-19.242,55.328,-0.90959,48.853,-10.684,47.196,-24.734,37.874,31.794,-15.786,-6.6571,20.803
-7.186,54.348,18.533,9.1507,-19.242,55.328,-0.90959,48.853,-10.684,47.196,-24.734,37.874,31.794,-15.786,-6.6571,20.803
-7.4562,54.359,18.428,8.8945,-19.643,55.396,-1.1332,48.722,-10.873,47.177,-24.938,37.903,31.909,-16.103,-6.6897,20.698
-7.4562,54.359,18.428,8.8945,-19.643,55.396,-1.1332,48.722,-10.873,47.177,-24.938,37.903,31.909,-16.103,-6.6897,20.698
-7.7257,54.368,18.324,8.6375,-20.043,55.46,-1.3564,48.588,-11.062,47.154,-25.141,37.929,32.023,-16.421,-6.7211,20.591
-7.9944,54.375,18.219,8.38,-20.442,55.522,-1.5789,48.452,-11.25,47.129,-25.343,37.954,32.138,-16.741,-6.7513,20.481
-7.9944,54.375,18.219,8.38,-20.442,55.522,-1.5789,48.452,-11.25,47.129,-25.343,37.954,32.138,-16.741,-6.7513,20.481
-7.9944,54.375,18.219,8.38,-20.442,55.522,-1.5789,48.452,-11.25,47.129,-25.343,37.954,32.138,-16.741,-6.7513,20.481
-8.2624,54.379,18.114,8.1218,-20.838,55.582,-1.801,48.315,-11.437,47.101,-25.543,37.975,32.252,-17.063,-6.7802,20.369
-8.2624,54.379,18.114,8.1218,-20.838,55.582,-1.801,48.315,-11.437,47.101,-25.543,37.975,32.252,-17.063,-6.7802,20.369
-8.2624,54.379,18.114,8.1218,-20.838,55.582,-1.801,48.315,-11.437,47.101,-25.543,37.975,32.252,-17.063,-6.7802,20.369
-8.5295,54.382,18.009,7.863,-21.234,55.638,-2.0224,48.175,-11.623,47.07,-25.743,37.995,32.367,-17.385,-6.8078,20.255
-8.7959,54.383,17.905,7.6037,-21.628,55.692,-2.2432,48.033,-11.807,47.037,-25.942,38.012,32.482,-17.709,-6.8342,20.138
-8.7959,54.383,17.905,7.6037,-21.628,55.692,-2.2432,48.033,-11.807,47.037,-25.942,38.012,32.482,-17.709,-6.8342,20.138
-9.0614,54.381,17.8,7.3438,-22.02,55.744,-2.4635,47.89,-11.991,47,-26.139,38.026,32.596,-18.035,-6.8593,20.019
-9.0614,54.381,17.8,7.3438,-22.02,55.744,-2.4635,47.89,-11.991,47,-26.139,38.026,32.596,-18.035,-6.8593,20.019
-9.0614,54.381,17.8,7.3438,-22.02,55.744,-2.4635,47.89,-11.991,47,-26.139,38.026,32.596,-18.035,-6.8593,20.019
-9.3261,54.378,17.695,7.0833,-22.411,55.793,-2.683,47.744,-12.174,46.961,-26.336,38.038,32.711,-18.362,-6.883,19.898
-9.3261,54.378,17.695,7.0833,-22.411,55.793,-2.683,47.744,-12.174,46.961,-26.336,38.038,32.711,-18.362,-6.883,19.898
-9.3261,54.378,17.695,7.0833,-22.411,55.793,-2.683,47.744,-12.174,46.961,-26.336,38.038,32.711,-18.362,-6.883,19.898
-9.8529,54.365,17.485,6.5607,-23.188,55.882,-3.1202,47.447,-12.537,46.874,-26.725,38.055,32.94,-19.021,-6.9265,19.65
-9.8529,54.365,17.485,6.5607,-23.188,55.882,-3.1202,47.447,-12.537,46.874,-26.725,38.055,32.94,-19.021,-6.9265,19.65
-10.115,54.355,17.38,6.2987,-23.574,55.922,-3.3378,47.296,-12.716,46.826,-26.918,38.06,33.055,-19.352,-6.9461,19.522
-10.115,54.355,17.38,6.2987,-23.574,55.922,-3.3378,47.296,-12.716,46.826,-26.918,38.06,33.055,-19.352,-6.9461,19.522
-10.115,54.355,17.38,6.2987,-23.574,55.922,-3.3378,47.296,-12.716,46.826,-26.918,38.06,33.055,-19.352,-6.9461,19.522
-10.376,54.343,17.275,6.0361,-23.959,55.96,-3.5546,47.142,-12.895,46.775,-27.11,38.062,33.17,-19.685,-6.9644,19.392
-10.376,54.343,17.275,6.0361,-23.959,55.96,-3.5546,47.142,-12.895,46.775,-27.11,38.062,33.17,-19.685,-6.9644,19.392
-10.896,54.314,17.065,5.5097,-24.723,56.028,-3.9861,46.829,-13.249,46.666,-27.489,38.059,33.399,-20.355,-6.9967,19.124
-10.896,54.314,17.065,5.5097,-24.723,56.028,-3.9861,46.829,-13.249,46.666,-27.489,38.059,33.399,-20.355,-6.9967,19.124
-10.896,54.314,17.065,5.5097,-24.723,56.028,-3.9861,46.829,-13.249,46.666,-27.489,38.059,33.399,-20.355,-6.9967,19.124
-11.154,54.296,16.961,5.2458,-25.103,56.057,-4.2007,46.669,-13.424,46.606,-27.677,38.054,33.514,-20.692,-7.0107,18.987
-11.154,54.296,16.961,5.2458,-25.103,56.057,-4.2007,46.669,-13.424,46.606,-27.677,38.054,33.514,-20.692,-7.0107,18.987
-11.412,54.276,16.856,4.9815,-25.48,56.084,-4.4145,46.508,-13.598,46.544,-27.864,38.046,33.629,-21.031,-7.0232,18.848
-11.668,54.253,16.751,4.7168,-25.856,56.108,-4.6274,46.344,-13.771,46.479,-28.049,38.036,33.744,-21.37,-7.0342,18.706
-11.668,54.253,16.751,4.7168,-25.856,56.108,-4.6274,46.344,-13.771,46.479,-28.049,38.036,33.744,-21.37,-7.0342,18.706
-11.923,54.229,16.646,4.4516,-26.231,56.13,-4.8396,46.179,-13.943,46.412,-28.232,38.023,33.859,-21.712,-7.0438,18.562
-11.923,54.229,16.646,4.4516,-26.231,56.13,-4.8396,46.179,-13.943,46.412,-28.232,38.023,33.859,-21.712,-7.0438,18.562
-11.923,54.229,16.646,4.4516,-26.231,56.13,-4.8396,46.179,-13.943,46.412,-28.232,38.023,33.859,-21.712,-7.0438,18.562
-12.178,54.203,16.541,4.1862,-26.603,56.149,-5.0509,46.011,-14.113,46.341,-28.415,38.008,33.974,-22.054,-7.0518,18.416
-12.178,54.203,16.541,4.1862,-26.603,56.149,-5.0509,46.011,-14.113,46.341,-28.415,38.008,33.974,-22.054,-7.0518,18.416
-12.431,54.174,16.436,3.9203,-26.974,56.164,-5.2614,45.842,-14.282,46.267,-28.595,37.99,34.089,-22.398,-7.0583,18.267
-12.431,54.174,16.436,3.9203,-26.974,56.164,-5.2614,45.842,-14.282,46.267,-28.595,37.99,34.089,-22.398,-7.0583,18.267
-12.684,54.144,16.331,3.6542,-27.343,56.177,-5.4709,45.671,-14.45,46.191,-28.775,37.969,34.204,-22.744,-7.0632,18.116
-12.684,54.144,16.331,3.6542,-27.343,56.177,-5.4709,45.671,-14.45,46.191,-28.775,37.969,34.204,-22.744,-7.0632,18.116
-12.935,54.111,16.227,3.3877,-27.71,56.188,-5.6796,45.497,-14.617,46.111,-28.952,37.946,34.319,-23.09,-7.0666,17.963
-13.185,54.076,16.122,3.1209,-28.075,56.195,-5.8874,45.322,-14.782,46.029,-29.129,37.92,34.434,-23.438,-7.0684,17.807
-13.185,54.076,16.122,3.1209,-28.075,56.195,-5.8874,45.322,-14.782,46.029,-29.129,37.92,34.434,-23.438,-7.0684,17.807
-13.185,54.076,16.122,3.1209,-28.075,56.195,-5.8874,45.322,-14.782,46.029,-29.129,37.92,34.434,-23.438,-7.0684,17.807
-13.435,54.039,16.017,2.8538,-28.438,56.2,-6.0942,45.144,-14.946,45.944,-29.303,37.892,34.55,-23.788,-7.0686,17.649
-13.435,54.039,16.017,2.8538,-28.438,56.2,-6.0942,45.144,-14.946,45.944,-29.303,37.892,34.55,-23.788,-7.0686,17.649
-13.683,54,15.913,2.5865,-28.8,56.202,-6.3,44.965,-15.109,45.856,-29.476,37.861,34.665,-24.139,-7.0671,17.488
-13.683,54,15.913,2.5865,-28.8,56.202,-6.3,44.965,-15.109,45.856,-29.476,37.861,34.665,-24.139,-7.0671,17.488
-13.93,53.959,15.808,2.3189,-29.159,56.201,-6.5049,44.784,-15.27,45.765,-29.648,37.827,34.78,-24.491,-7.0641,17.325
-13.93,53.959,15.808,2.3189,-29.159,56.201,-6.5049,44.784,-15.27,45.765,-29.648,37.827,34.78,-24.491,-7.0641,17.325
-14.176,53.916,15.703,2.0511,-29.517,56.197,-6.7089,44.601,-15.431,45.671,-29.818,37.791,34.896,-24.844,-7.0594,17.16
-14.176,53.916,15.703,2.0511,-29.517,56.197,-6.7089,44.601,-15.431,45.671,-29.818,37.791,34.896,-24.844,-7.0594,17.16
-14.176,53.916,15.703,2.0511,-29.517,56.197,-6.7089,44.601,-15.431,45.671,-29.818,37.791,34.896,-24.844,-7.0594,17.16
-14.42,53.871,15.599,1.783,-29.873,56.191,-6.9118,44.415,-15.589,45.575,-29.986,37.752,35.011,-25.199,-7.0531,16.992
