-1.2478,-13.374,2.2312,-3.8845,3.8265,-27.126,11.452,-6.6212,16.46,7.4818,-16.1,11.12,-22.859,16.768,1.9666,7.2481
-1.2478,-13.374,2.2312,-3.8845,3.8265,-27.126,11.452,-6.6212,16.46,7.4818,-16.1,11.12,-22.859,16.768,1.9666,7.2481
-1.1885,-13.273,2.3986,-3.7778,4.0291,-27.141,11.542,-6.5296,16.514,7.4757,-15.965,11.199,-22.743,16.865,2.0255,7.3371
-1.1295,-13.172,2.5658,-3.671,4.2311,-27.156,11.632,-6.4374,16.567,7.47,-15.829,11.277,-22.626,16.963,2.0842,7.4265
-1.0708,-13.071,2.733,-3.564,4.4324,-27.17,11.721,-6.3447,16.62,7.4647,-15.693,11.355,-22.511,17.061,2.1425,7.5163
-1.0708,-13.071,2.733,-3.564,4.4324,-27.17,11.721,-6.3447,16.62,7.4647,-15.693,11.355,-22.511,17.061,2.1425,7.5163
-1.0124,-12.97,2.9001,-3.4568,4.6329,-27.184,11.808,-6.2513,16.672,7.4598,-15.557,11.433,-22.396,17.161,2.2006,7.6065
-0.95431,-12.868,3.0671,-3.3496,4.8328,-27.196,11.896,-6.1573,16.723,7.4553,-15.421,11.511,-22.282,17.261,2.2584,7.697
-0.89652,-12.766,3.2341,-3.2422,5.0319,-27.208,11.982,-6.0627,16.774,7.4512,-15.284,11.589,-22.168,17.361,2.3159,7.788
-0.89652,-12.766,3.2341,-3.2422,5.0319,-27.208,11.982,-6.0627,16.774,7.4512,-15.284,11.589,-22.168,17.361,2.3159,7.788
-0.83903,-12.664,3.4009,-3.1347,5.2303,-27.219,12.067,-5.9676,16.825,7.4475,-15.147,11.666,-22.055,17.463,2.3732,7.8793
-0.78183,-12.562,3.5677,-3.027,5.428,-27.229,12.152,-5.8718,16.875,7.4442,-15.01,11.743,-21.943,17.565,2.4302,7.9711
-0.72492,-12.459,3.7344,-2.9193,5.6249,-27.238,12.236,-5.7754,16.924,7.4413,-14.872,11.82,-21.832,17.668,2.4869,8.0632
-0.66829,-12.357,3.901,-2.8115,5.821,-27.246,12.319,-5.6785,16.973,7.4388,-14.735,11.897,-21.721,17.772,2.5433,8.1557
-0.66829,-12.357,3.901,-2.8115,5.821,-27.246,12.319,-5.6785,16.973,7.4388,-14.735,11.897,-21.721,17.772,2.5433,8.1557
-0.61195,-12.254,4.0675,-2.7035,6.0164,-27.254,12.401,-5.5809,17.021,7.4367,-14.596,11.973,-21.611,17.877,2.5995,8.2486
-0.55589,-12.151,4.2339,-2.5954,6.211,-27.261,12.482,-5.4828,17.069,7.435,-14.458,12.05,-21.502,17.982,2.6554,8.3419
-0.50011,-12.047,4.4003,-2.4873,6.4049,-27.267,12.563,-5.384,17.116,7.4337,-14.32,12.126,-21.393,18.088,2.711,8.4356
-0.44461,-11.944,4.5665,-2.379,6.5979,-27.272,12.642,-5.2847,17.163,7.4327,-14.181,12.202,-21.285,18.195,2.7664,8.5297
-0.44461,-11.944,4.5665,-2.379,6.5979,-27.272,12.642,-5.2847,17.163,7.4327,-14.181,12.202,-21.285,18.195,2.7664,8.5297
-0.38938,-11.84,4.7326,-2.2706,6.7902,-27.276,12.721,-5.1847,17.209,7.4322,-14.042,12.277,-21.178,18.302,2.8215,8.6242
-0.33442,-11.736,4.8986,-2.1622,6.9816,-27.279,12.799,-5.0842,17.255,7.432,-13.902,12.353,-21.071,18.411,2.8763,8.7191
-0.33442,-11.736,4.8986,-2.1622,6.9816,-27.279,12.799,-5.0842,17.255,7.432,-13.902,12.353,-21.071,18.411,2.8763,8.7191
-0.27972,-11.632,5.0645,-2.0537,7.1723,-27.282,12.876,-4.9831,17.3,7.4322,-13.763,12.428,-20.966,18.52,2.9309,8.8144
-0.22529,-11.528,5.2303,-1.945,7.3621,-27.284,12.952,-4.8814,17.344,7.4328,-13.623,12.503,-20.86,18.629,2.9852,8.91
-0.17111,-11.423,5.3959,-1.8363,7.5512,-27.285,13.028,-4.7791,17.388,7.4338,-13.483,12.577,-20.756,18.74,3.0392,9.0061
-0.11719,-11.318,5.5615,-1.7275,7.7394,-27.285,13.103,-4.6762,17.432,7.4352,-13.342,12.652,-20.652,18.851,3.093,9.1026
-0.11719,-11.318,5.5615,-1.7275,7.7394,-27.285,13.103,-4.6762,17.432,7.4352,-13.342,12.652,-20.652,18.851,3.093,9.1026
-0.063529,-11.213,5.7269,-1.6187,7.9267,-27.284,13.176,-4.5728,17.474,7.437,-13.202,12.726,-20.549,18.963,3.1464,9.1995
-0.010113,-11.108,5.8922,-1.5098,8.1133,-27.283,13.249,-4.4687,17.517,7.4392,-13.061,12.8,-20.447,19.075,3.1997,9.2967
0.043057,-11.003,6.0574,-1.4008,8.2989,-27.28,13.321,-4.3641,17.558,7.4418,-12.92,12.874,-20.345,19.189,3.2526,9.3944
0.043057,-11.003,6.0574,-1.4008,8.2989,-27.28,13.321,-4.3641,17.558,7.4418,-12.92,12.874,-20.345,19.189,3.2526,9.3944
0.095985,-10.898,6.2224,-1.2917,8.4838,-27.277,13.393,-4.2589,17.6,7.4447,-12.778,12.947,-20.244,19.303,3.3053,9.4925
0.14867,-10.792,6.3873,-1.1826,8.6677,-27.273,13.463,-4.1531,17.64,7.448,-12.637,13.021,-20.144,19.417,3.3578,9.591
0.20113,-10.686,6.5521,-1.0734,8.8508,-27.268,13.533,-4.0467,17.68,7.4518,-12.495,13.094,-20.045,19.533,3.4099,9.6899
0.25335,-10.58,6.7168,-0.96412,9.0331,-27.262,13.602,-3.9397,17.72,7.4559,-12.353,13.167,-19.946,19.649,3.4618,9.7892
0.30535,-10.474,6.8813,-0.85481,9.2144,-27.255,13.67,-3.8322,17.759,7.4604,-12.21,13.239,-19.848,19.766,3.5135,9.8889
0.30535,-10.474,6.8813,-0.85481,9.2144,-27.255,13.67,-3.8322,17.759,7.4604,-12.21,13.239,-19.848,19.766,3.5135,9.8889
0.35712,-10.367,7.0456,-0.74545,9.3949,-27.248,13.737,-3.724,17.798,7.4653,-12.068,13.311,-19.751,19.883,3.5649,9.9891
0.40868,-10.261,7.2099,-0.63604,9.5745,-27.239,13.803,-3.6153,17.836,7.4705,-11.925,13.384,-19.654,20.002,3.616,10.09
0.40868,-10.261,7.2099,-0.63604,9.5745,-27.239,13.803,-3.6153,17.836,7.4705,-11.925,13.384,-19.654,20.002,3.616,10.09
0.46001,-10.154,7.374,-0.52657,9.7532,-27.23,13.868,-3.506,17.873,7.4762,-11.782,13.455,-19.558,20.121,3.6669,10.191
0.51114,-10.047,7.5379,-0.41706,9.931,-27.22,13.933,-3.3962,17.91,7.4823,-11.639,13.527,-19.463,20.24,3.7175,10.292
0.56206,-9.9394,7.7017,-0.30751,10.108,-27.209,13.997,-3.2857,17.946,7.4887,-11.495,13.598,-19.368,20.361,3.7679,10.394
0.61278,-9.832,7.8653,-0.19791,10.284,-27.197,14.06,-3.1747,17.982,7.4955,-11.352,13.669,-19.275,20.482,3.818,10.496
0.61278,-9.832,7.8653,-0.19791,10.284,-27.197,14.06,-3.1747,17.982,7.4955,-11.352,13.669,-19.275,20.482,3.818,10.496
0.66329,-9.7244,8.0288,-0.088269,10.459,-27.184,14.122,-3.0631,18.018,7.5028,-11.208,13.74,-19.181,20.603,3.8678,10.599
0.71361,-9.6166,8.1921,0.02141,10.633,-27.17,14.183,-2.9509,18.052,7.5104,-11.064,13.811,-19.089,20.726,3.9175,10.702
0.76375,-9.5087,8.3553,0.13113,10.806,-27.156,14.244,-2.8381,18.087,7.5184,-10.919,13.881,-18.997,20.849,3.9668,10.805
0.76375,-9.5087,8.3553,0.13113,10.806,-27.156,14.244,-2.8381,18.087,7.5184,-10.919,13.881,-18.997,20.849,3.9668,10.805
0.81369,-9.4005,8.5184,0.24088,10.979,-27.141,14.303,-2.7248,18.12,7.5268,-10.775,13.951,-18.906,20.973,4.0159,10.909
0.86345,-9.2922,8.6812,0.35066,11.15,-27.124,14.362,-2.6108,18.154,7.5356,-10.63,14.021,-18.816,21.097,4.0648,11.014
0.91304,-9.1836,8.8439,0.46048,11.321,-27.107,14.42,-2.4963,18.186,7.5448,-10.485,14.09,-18.726,21.222,4.1134,11.118
0.91304,-9.1836,8.8439,0.46048,11.321,-27.107,14.42,-2.4963,18.186,7.5448,-10.485,14.09,-18.726,21.222,4.1134,11.118
0.96245,-9.0749,9.0065,0.57033,11.49,-27.089,14.478,-2.3813,18.219,7.5544,-10.34,14.159,-18.637,21.348,4.1618,11.224
1.0117,-8.966,9.1688,0.6802,11.659,-27.07,14.534,-2.2656,18.25,7.5644,-10.194,14.228,-18.549,21.474,4.2099,11.329
1.0608,-8.8569,9.331,0.79011,11.826,-27.051,14.59,-2.1494,18.282,7.5748,-10.049,14.297,-18.462,21.602,4.2578,11.436
1.1097,-8.7476,9.4931,0.90004,11.993,-27.03,14.644,-2.0326,18.312,7.5855,-9.9027,14.366,-18.375,21.729,4.3054,11.542
1.1097,-8.7476,9.4931,0.90004,11.993,-27.03,14.644,-2.0326,18.312,7.5855,-9.9027,14.366,-18.375,21.729,4.3054,11.542
1.1585,-8.6381,9.655,1.01,12.159,-27.009,14.698,-1.9152,18.343,7.5967,-9.7567,14.434,-18.288,21.858,4.3528,11.649
1.2071,-8.5284,9.8167,1.12,12.323,-26.986,14.751,-1.7972,18.372,7.6083,-9.6105,14.502,-18.203,21.987,4.4,11.757
1.2071,-8.5284,9.8167,1.12,12.323,-26.986,14.751,-1.7972,18.372,7.6083,-9.6105,14.502,-18.203,21.987,4.4,11.757
1.2555,-8.4185,9.9782,1.23,12.487,-26.963,14.804,-1.6787,18.402,7.6203,-9.464,14.57,-18.118,22.117,4.4469,11.865
1.3039,-8.3084,10.14,1.34,12.65,-26.939,14.855,-1.5596,18.43,7.6327,-9.3174,14.637,-18.034,22.247,4.4936,11.973
1.352,-8.1982,10.301,1.45,12.812,-26.914,14.906,-1.4399,18.459,7.6455,-9.1706,14.704,-17.951,22.378,4.54,12.082
1.4001,-8.0877,10.462,1.5601,12.973,-26.888,14.956,-1.3196,18.486,7.6587,-9.0236,14.771,-17.868,22.51,4.5862,12.192
1.448,-7.9771,10.623,1.6702,13.133,-26.861,15.005,-1.1987,18.514,7.6723,-8.8764,14.838,-17.786,22.642,4.6322,12.302
1.448,-7.9771,10.623,1.6702,13.133,-26.861,15.005,-1.1987,18.514,7.6723,-8.8764,14.838,-17.786,22.642,4.6322,12.302
1.4958,-7.8662,10.783,1.7803,13.292,-26.833,15.053,-1.0773,18.54,7.6863,-8.729,14.905,-17.704,22.775,4.6779,12.412
1.5435,-7.7552,10.944,1.8904,13.449,-26.804,15.101,-0.95533,18.567,7.7007,-8.5815,14.971,-17.623,22.909,4.7235,12.523
1.5911,-7.6439,11.104,2.0005,13.606,-26.775,15.147,-0.83276,18.593,7.7155,-8.4337,15.037,-17.543,23.043,4.7688,12.634
1.5911,-7.6439,11.104,2.0005,13.606,-26.775,15.147,-0.83276,18.593,7.7155,-8.4337,15.037,-17.543,23.043,4.7688,12.634
1.6385,-7.5325,11.264,2.1107,13.762,-26.744,15.193,-0.70961,18.618,7.7308,-8.2858,15.102,-17.464,23.178,4.8138,12.746
1.6859,-7.4209,11.424,2.2208,13.917,-26.713,15.238,-0.58588,18.643,7.7464,-8.1377,15.168,-17.385,23.313,4.8587,12.858
1.7332,-7.309,11.584,2.331,14.071,-26.681,15.283,-0.46157,18.668,7.7625,-7.9894,15.233,-17.307,23.45,4.9033,12.971
1.7332,-7.309,11.584,2.331,14.071,-26.681,15.283,-0.46157,18.668,7.7625,-7.9894,15.233,-17.307,23.45,4.9033,12.971
1.7803,-7.197,11.743,2.4412,14.224,-26.647,15.326,-0.33669,18.692,7.779,-7.8409,15.298,-17.229,23.586,4.9477,13.084
1.8274,-7.0847,11.903,2.5514,14.376,-26.613,15.369,-0.21123,18.715,7.7959,-7.6923,15.363,-17.152,23.724,4.9918,13.198
1.8744,-6.9723,12.062,2.6617,14.527,-26.578,15.411,-0.085195,18.738,7.8132,-7.5435,15.427,-17.076,23.862,5.0358,13.313
1.8744,-6.9723,12.062,2.6617,14.527,-26.578,15.411,-0.085195,18.738,7.8132,-7.5435,15.427,-17.076,23.862,5.0358,13.313
1.9213,-6.8596,12.221,2.7719,14.678,-26.542,15.452,0.041421,18.761,7.831,-7.3945,15.492,-17,24,5.0795,13.427
1.9682,-6.7467,12.38,2.8821,14.827,-26.506,15.493,0.16861,18.783,7.8491,-7.2454,15.556,-16.925,24.139,5.123,13.543
2.0149,-6.6336,12.538,2.9924,14.975,-26.468,15.533,0.29639,18.805,7.8677,-7.0961,15.619,-16.851,24.279,5.1663,13.659
2.0616,-6.5204,12.697,3.1027,15.122,-26.429,15.571,0.42474,18.827,7.8868,-6.9466,15.683,-16.777,24.42,5.2094,13.775
2.0616,-6.5204,12.697,3.1027,15.122,-26.429,15.571,0.42474,18.827,7.8868,-6.9466,15.683,-16.777,24.42,5.2094,13.775
2.1083,-6.4068,12.855,3.213,15.268,-26.39,15.61,0.55367,18.848,7.9062,-6.797,15.746,-16.704,24.561,5.2523,13.892
2.1549,-6.2931,13.013,3.3233,15.413,-26.349,15.647,0.68318,18.868,7.9261,-6.6472,15.809,-16.632,24.702,5.2949,14.01
2.2014,-6.1792,13.171,3.4336,15.557,-26.308,15.684,0.81328,18.888,7.9464,-6.4972,15.872,-16.56,24.845,5.3374,14.128
2.2014,-6.1792,13.171,3.4336,15.557,-26.308,15.684,0.81328,18.888,7.9464,-6.4972,15.872,-16.56,24.845,5.3374,14.128
2.2479,-6.0651,13.328,3.544,15.7,-26.265,15.719,0.94395,18.908,7.9672,-6.3471,15.935,-16.489,24.987,5.3796,14.246
2.2944,-5.9507,13.486,3.6544,15.842,-26.222,15.755,1.0752,18.927,7.9884,-6.1969,15.997,-16.418,25.131,5.4217,14.365
2.3408,-5.8361,13.643,3.7647,15.983,-26.178,15.789,1.207,18.946,8.0101,-6.0465,16.059,-16.348,25.275,5.4635,14.485
2.3408,-5.8361,13.643,3.7647,15.983,-26.178,15.789,1.207,18.946,8.0101,-6.0465,16.059,-16.348,25.275,5.4635,14.485
2.3872,-5.7213,13.8,3.8751,16.123,-26.133,15.823,1.3395,18.965,8.0321,-5.8959,16.121,-16.279,25.419,5.5051,14.605
2.4336,-5.6062,13.957,3.9856,16.262,-26.087,15.856,1.4725,18.983,8.0547,-5.7452,16.183,-16.21,25.564,5.5465,14.726
2.4799,-5.491,14.113,4.096,16.4,-26.04,15.888,1.6061,19.001,8.0776,-5.5944,16.245,-16.142,25.71,5.5877,14.848
2.5263,-5.3755,14.27,4.2065,16.537,-25.992,15.919,1.7402,19.018,8.1011,-5.4434,16.306,-16.074,25.856,5.6287,14.97
2.5263,-5.3755,14.27,4.2065,16.537,-25.992,15.919,1.7402,19.018,8.1011,-5.4434,16.306,-16.074,25.856,5.6287,14.97
2.5726,-5.2598,14.426,4.3169,16.673,-25.943,15.95,1.875,19.035,8.125,-5.2923,16.367,-16.007,26.003,5.6695,15.092
2.6189,-5.1438,14.582,4.4274,16.808,-25.893,15.98,2.0103,19.052,8.1493,-5.1411,16.428,-15.94,26.151,5.7101,15.215
2.6652,-5.0276,14.738,4.538,16.941,-25.843,16.009,2.1463,19.068,8.1741,-4.9897,16.489,-15.874,26.299,5.7506,15.339
2.6652,-5.0276,14.738,4.538,16.941,-25.843,16.009,2.1463,19.068,8.1741,-4.9897,16.489,-15.874,26.299,5.7506,15.339
2.7116,-4.9112,14.894,4.6485,17.074,-25.791,16.038,2.2828,19.084,8.1993,-4.8382,16.549,-15.809,26.447,5.7908,15.463
2.7579,-4.7946,15.049,4.7591,17.206,-25.738,16.065,2.4199,19.099,8.225,-4.6865,16.609,-15.744,26.596,5.8308,15.588
2.8043,-4.6777,15.204,4.8697,17.337,-25.685,16.092,2.5576,19.115,8.2512,-4.5347,16.669,-15.68,26.746,5.8706,15.714
2.8506,-4.5605,15.359,4.9804,17.467,-25.63,16.119,2.6959,19.129,8.2779,-4.3828,16.729,-15.616,26.896,5.9103,15.84
2.897,-4.4432,15.514,5.091,17.596,-25.575,16.145,2.8347,19.144,8.305,-4.2308,16.789,-15.553,27.047,5.9497,15.967
2.897,-4.4432,15.514,5.091,17.596,-25.575,16.145,2.8347,19.144,8.305,-4.2308,16.789,-15.553,27.047,5.9497,15.967
2.9435,-4.3255,15.668,5.2017,17.724,-25.519,16.17,2.9742,19.158,8.3326,-4.0787,16.849,-15.491,27.198,5.9889,16.094
2.9899,-4.2076,15.823,5.3125,17.851,-25.461,16.194,3.1143,19.172,8.3606,-3.9264,16.908,-15.429,27.35,6.028,16.222
3.0364,-4.0895,15.977,5.4232,17.977,-25.403,16.217,3.2549,19.185,8.3892,-3.774,16.967,-15.367,27.503,6.0669,16.351
3.0364,-4.0895,15.977,5.4232,17.977,-25.403,16.217,3.2549,19.185,8.3892,-3.774,16.967,-15.367,27.503,6.0669,16.351
3.083,-3.9711,16.131,5.5341,18.102,-25.344,16.24,3.3962,19.199,8.4182,-3.6215,17.026,-15.306,27.656,6.1056,16.48
3.1296,-3.8525,16.284,5.6449,18.225,-25.284,16.263,3.538,19.212,8.4477,-3.4689,17.085,-15.246,27.809,6.144,16.61
3.1762,-3.7336,16.438,5.7558,18.348,-25.223,16.284,3.6804,19.224,8.4777,-3.3162,17.144,-15.186,27.963,6.1824,16.741
3.1762,-3.7336,16.438,5.7558,18.348,-25.223,16.284,3.6804,19.224,8.4777,-3.3162,17.144,-15.186,27.963,6.1824,16.741
3.223,-3.6145,16.591,5.8668,18.47,-25.16,16.305,3.8235,19.236,8.5082,-3.1634,17.202,-15.126,28.118,6.2205,16.872
3.2698,-3.495,16.744,5.9777,18.591,-25.097,16.325,3.9671,19.248,8.5391,-3.0105,17.261,-15.067,28.273,6.2584,17.004
3.3166,-3.3754,16.897,6.0888,18.711,-25.033,16.345,4.1113,19.26,8.5706,-2.8574,17.319,-15.009,28.428,6.2962,17.137
3.3635,-3.2554,17.05,6.1999,18.83,-24.969,16.363,4.2562,19.271,8.6025,-2.7043,17.377,-14.951,28.585,6.3337,17.27
3.3635,-3.2554,17.05,6.1999,18.83,-24.969,16.363,4.2562,19.271,8.6025,-2.7043,17.377,-14.951,28.585,6.3337,17.27
3.4105,-3.1352,17.202,6.311,18.948,-24.903,16.382,4.4016,19.282,8.635,-2.5511,17.435,-14.894,28.741,6.3711,17.404
3.4576,-3.0147,17.354,6.4222,19.065,-24.836,16.399,4.5476,19.293,8.668,-2.3978,17.493,-14.837,28.898,6.4083,17.539
3.4576,-3.0147,17.354,6.4222,19.065,-24.836,16.399,4.5476,19.293,8.668,-2.3978,17.493,-14.837,28.898,6.4083,17.539
3.5048,-2.8939,17.506,6.5334,19.181,-24.768,16.416,4.6943,19.304,8.7014,-2.2443,17.55,-14.781,29.056,6.4454,17.674
3.5521,-2.7729,17.658,6.6447,19.296,-24.699,16.432,4.8415,19.314,8.7354,-2.0908,17.608,-14.725,29.214,6.4822,17.81
3.5994,-2.6516,17.81,6.7561,19.409,-24.629,16.448,4.9893,19.324,8.7699,-1.9372,17.665,-14.669,29.373,6.5189,17.947
3.5994,-2.6516,17.81,6.7561,19.409,-24.629,16.448,4.9893,19.324,8.7699,-1.9372,17.665,-14.669,29.373,6.5189,17.947
3.6469,-2.53,17.961,6.8675,19.522,-24.559,16.463,5.1378,19.334,8.8049,-1.7835,17.722,-14.614,29.532,6.5554,18.084
3.6945,-2.4081,18.112,6.9791,19.634,-24.487,16.477,5.2868,19.343,8.8404,-1.6298,17.779,-14.56,29.692,6.5917,18.223
3.7422,-2.2859,18.263,7.0906,19.745,-24.414,16.49,5.4365,19.353,8.8764,-1.4759,17.837,-14.506,29.852,6.6278,18.361
3.79,-2.1635,18.413,7.2023,19.855,-24.341,16.503,5.5867,19.362,8.913,-1.322,17.893,-14.452,30.013,6.6638,18.501
3.8379,-2.0407,18.564,7.314,19.964,-24.266,16.516,5.7376,19.371,8.9501,-1.168,17.95,-14.399,30.174,6.6995,18.641
3.8379,-2.0407,18.564,7.314,19.964,-24.266,16.516,5.7376,19.371,8.9501,-1.168,17.95,-14.399,30.174,6.6995,18.641
3.886,-1.9177,18.714,7.4258,20.072,-24.191,16.528,5.8891,19.379,8.9877,-1.0139,18.007,-14.346,30.335,6.7351,18.783
3.9342,-1.7944,18.864,7.5377,20.18,-24.114,16.539,6.0412,19.388,9.0259,-0.85978,18.064,-14.294,30.498,6.7706,18.924
3.9825,-1.6707,19.013,7.6497,20.286,-24.036,16.549,6.1939,19.396,9.0645,-0.70556,18.12,-14.242,30.66,6.8058,19.067
3.9825,-1.6707,19.013,7.6497,20.286,-24.036,16.549,6.1939,19.396,9.0645,-0.70556,18.12,-14.242,30.66,6.8058,19.067
4.0309,-1.5468,19.163,7.7617,20.391,-23.958,16.559,6.3472,19.404,9.1038,-0.55128,18.177,-14.191,30.823,6.8409,19.21
4.0795,-1.4225,19.312,7.8739,20.495,-23.878,16.568,6.5012,19.411,9.1435,-0.39693,18.233,-14.14,30.987,6.8758,19.354
4.0795,-1.4225,19.312,7.8739,20.495,-23.878,16.568,6.5012,19.411,9.1435,-0.39693,18.233,-14.14,30.987,6.8758,19.354
4.1283,-1.298,19.461,7.9861,20.598,-23.798,16.577,6.6557,19.419,9.1838,-0.24252,18.289,-14.089,31.151,6.9105,19.499
4.1772,-1.1731,19.61,8.0985,20.701,-23.717,16.585,6.8109,19.426,9.2247,-0.088054,18.346,-14.039,31.316,6.9451,19.645
4.2262,-1.048,19.758,8.2109,20.802,-23.634,16.593,6.9667,19.433,9.2661,0.066471,18.402,-13.99,31.481,6.9794,19.791
4.2755,-0.92249,19.907,8.3234,20.902,-23.551,16.6,7.1231,19.44,9.308,0.22105,18.458,-13.94,31.646,7.0136,19.939
4.2755,-0.92249,19.907,8.3234,20.902,-23.551,16.6,7.1231,19.44,9.308,0.22105,18.458,-13.94,31.646,7.0136,19.939
4.3248,-0.7967,20.055,8.4361,21.002,-23.466,16.606,7.2801,19.447,9.3505,0.37568,18.514,-13.892,31.812,7.0476,20.087
4.3744,-0.67058,20.203,8.5489,21.1,-23.381,16.612,7.4378,19.454,9.3936,0.53036,18.57,-13.843,31.978,7.0815,20.235
4.4241,-0.54415,20.35,8.6617,21.198,-23.294,16.617,7.5961,19.46,9.4372,0.68508,18.626,-13.795,32.145,7.1151,20.385
4.4241,-0.54415,20.35,8.6617,21.198,-23.294,16.617,7.5961,19.46,9.4372,0.68508,18.626,-13.795,32.145,7.1151,20.385
4.474,-0.41739,20.498,8.7747,21.294,-23.207,16.621,7.755,19.467,9.4814,0.83985,18.682,-13.747,32.313,7.1486,20.535
4.5241,-0.2903,20.645,8.8879,21.39,-23.119,16.625,7.9145,19.473,9.5262,0.99466,18.738,-13.7,32.48,7.1819,20.687
4.5743,-0.16289,20.791,9.0011,21.485,-23.029,16.629,8.0746,19.479,9.5715,1.1495,18.794,-13.653,32.649,7.2151,20.839
4.5743,-0.16289,20.791,9.0011,21.485,-23.029,16.629,8.0746,19.479,9.5715,1.1495,18.794,-13.653,32.649,7.2151,20.839
4.6248,-0.035145,20.938,9.1145,21.579,-22.939,16.631,8.2354,19.485,9.6174,1.3044,18.849,-13.607,32.817,7.248,20.992
4.6754,0.092932,21.084,9.228,21.672,-22.848,16.634,8.3968,19.49,9.6639,1.4593,18.905,-13.56,32.986,7.2808,21.145
4.7263,0.22134,21.23,9.3416,21.764,-22.755,16.635,8.5588,19.496,9.7109,1.6142,18.961,-13.515,33.156,7.3134,21.3
4.7773,0.35009,21.376,9.4554,21.855,-22.662,16.637,8.7215,19.501,9.7586,1.7692,19.017,-13.469,33.326,7.3458,21.455
4.7773,0.35009,21.376,9.4554,21.855,-22.662,16.637,8.7215,19.501,9.7586,1.7692,19.017,-13.469,33.326,7.3458,21.455
4.8285,0.47918,21.522,9.5693,21.945,-22.568,16.637,8.8848,19.507,9.8068,1.9242,19.073,-13.424,33.496,7.3781,21.611
4.88,0.60862,21.667,9.6834,22.034,-22.472,16.637,9.0487,19.512,9.8556,2.0792,19.129,-13.379,33.667,7.4101,21.769
4.9316,0.73839,21.812,9.7976,22.123,-22.376,16.637,9.2132,19.517,9.905,2.2343,19.184,-13.335,33.838,7.442,21.926
4.9316,0.73839,21.812,9.7976,22.123,-22.376,16.637,9.2132,19.517,9.905,2.2343,19.184,-13.335,33.838,7.442,21.926
4.9835,0.86852,21.957,9.912,22.21,-22.278,16.636,9.3784,19.522,9.955,2.3893,19.24,-13.291,34.01,7.4737,22.085
5.0356,0.99899,22.102,10.027,22.297,-22.18,16.634,9.5443,19.527,10.006,2.5444,19.296,-13.247,34.182,7.5053,22.245
5.0879,1.1298,22.246,10.141,22.383,-22.081,16.632,9.7107,19.532,10.057,2.6995,19.352,-13.204,34.355,7.5366,22.405
5.0879,1.1298,22.246,10.141,22.383,-22.081,16.632,9.7107,19.532,10.057,2.6995,19.352,-13.204,34.355,7.5366,22.405
5.1404,1.261,22.39,10.256,22.467,-21.98,16.63,9.8778,19.536,10.109,2.8546,19.408,-13.161,34.528,7.5677,22.567
5.1932,1.3925,22.534,10.371,22.551,-21.879,16.626,10.046,19.541,10.161,3.0096,19.464,-13.118,34.701,7.5987,22.729
5.2461,1.5244,22.677,10.486,22.634,-21.777,16.623,10.214,19.545,10.214,3.1647,19.52,-13.076,34.875,7.6295,22.892
5.2461,1.5244,22.677,10.486,22.634,-21.777,16.623,10.214,19.545,10.214,3.1647,19.52,-13.076,34.875,7.6295,22.892
5.2994,1.6567,22.821,10.602,22.717,-21.673,16.619,10.383,19.55,10.267,3.3198,19.576,-13.033,35.049,7.6601,23.056
5.3528,1.7893,22.964,10.717,22.798,-21.569,16.614,10.553,19.554,10.322,3.4749,19.632,-12.992,35.224,7.6905,23.221
5.4065,1.9222,23.106,10.833,22.878,-21.463,16.609,10.723,19.559,10.377,3.63,19.688,-12.95,35.399,7.7207,23.387
5.4065,1.9222,23.106,10.833,22.878,-21.463,16.609,10.723,19.559,10.377,3.63,19.688,-12.95,35.399,7.7207,23.387
5.4604,2.0556,23.249,10.949,22.958,-21.357,16.603,10.894,19.563,10.432,3.785,19.745,-12.909,35.574,7.7508,23.554
5.5146,2.1893,23.391,11.065,23.037,-21.249,16.597,11.065,19.567,10.488,3.9401,19.801,-12.868,35.75,7.7806,23.722
5.569,2.3234,23.533,11.182,23.115,-21.141,16.59,11.237,19.571,10.545,4.0951,19.857,-12.827,35.926,7.8102,23.89
5.6237,2.4578,23.674,11.298,23.192,-21.031,16.583,11.41,19.576,10.602,4.2501,19.914,-12.787,36.102,7.8397,24.06
5.6786,2.5926,23.816,11.415,23.268,-20.921,16.575,11.584,19.58,10.66,4.4051,19.971,-12.747,36.279,7.869,24.23
5.6786,2.5926,23.816,11.415,23.268,-20.921,16.575,11.584,19.58,10.66,4.4051,19.971,-12.747,36.279,7.869,24.23
5.7337,2.7278,23.957,11.532,23.344,-20.809,16.567,11.758,19.584,10.718,4.5601,20.027,-12.707,36.457,7.898,24.401
5.7892,2.8634,24.098,11.649,23.418,-20.697,16.558,11.933,19.588,10.778,4.715,20.084,-12.668,36.634,7.9269,24.574
5.8448,2.9993,24.238,11.766,23.492,-20.583,16.549,12.108,19.592,10.837,4.8699,20.141,-12.629,36.812,7.9555,24.747
5.8448,2.9993,24.238,11.766,23.492,-20.583,16.549,12.108,19.592,10.837,4.8699,20.141,-12.629,36.812,7.9555,24.747
5.9008,3.1356,24.378,11.884,23.565,-20.469,16.539,12.284,19.596,10.898,5.0248,20.198,-12.59,36.991,7.984,24.921
5.957,3.2723,24.518,12.002,23.637,-20.353,16.529,12.461,19.6,10.959,5.1796,20.255,-12.551,37.17,8.0122,25.096
6.0134,3.4094,24.658,12.12,23.709,-20.237,16.518,12.638,19.604,11.021,5.3344,20.312,-12.513,37.349,8.0403,25.272
6.0702,3.5469,24.797,12.238,23.779,-20.119,16.507,12.816,19.608,11.083,5.4891,20.37,-12.474,37.528,8.0681,25.449
6.0702,3.5469,24.797,12.238,23.779,-20.119,16.507,12.816,19.608,11.083,5.4891,20.37,-12.474,37.528,8.0681,25.449
6.1272,3.6848,24.936,12.357,23.849,-20,16.496,12.995,19.612,11.146,5.6438,20.427,-12.436,37.708,8.0957,25.627
6.1844,3.823,25.075,12.476,23.918,-19.881,16.483,13.174,19.616,11.21,5.7984,20.485,-12.399,37.888,8.1232,25.806
6.242,3.9616,25.213,12.595,23.986,-19.76,16.471,13.354,19.619,11.274,5.953,20.543,-12.361,38.069,8.1504,25.986
6.242,3.9616,25.213,12.595,23.986,-19.76,16.471,13.354,19.619,11.274,5.953,20.543,-12.361,38.069,8.1504,25.986
6.2998,4.1006,25.351,12.714,24.053,-19.638,16.458,13.535,19.623,11.339,6.1075,20.601,-12.324,38.25,8.1774,26.167
6.3579,4.24,25.489,12.834,24.12,-19.515,16.444,13.716,19.627,11.404,6.2619,20.659,-12.287,38.431,8.2041,26.348
6.3579,4.24,25.489,12.834,24.12,-19.515,16.444,13.716,19.627,11.404,6.2619,20.659,-12.287,38.431,8.2041,26.348
6.4163,4.3798,25.626,12.953,24.186,-19.392,16.43,13.898,19.631,11.471,6.4163,20.717,-12.25,38.613,8.2307,26.531
6.4749,4.52,25.763,13.073,24.251,-19.267,16.416,14.08,19.635,11.537,6.5706,20.776,-12.214,38.795,8.257,26.715
6.5338,4.6606,25.9,13.194,24.315,-19.141,16.401,14.263,19.64,11.605,6.7248,20.835,-12.178,38.977,8.2831,26.899
6.593,4.8016,26.036,13.314,24.379,-19.014,16.386,14.447,19.644,11.673,6.879,20.893,-12.142,39.16,8.309,27.085
6.6525,4.9429,26.173,13.435,24.442,-18.886,16.37,14.631,19.648,11.742,7.033,20.952,-12.106,39.342,8.3346,27.272
6.6525,4.9429,26.173,13.435,24.442,-18.886,16.37,14.631,19.648,11.742,7.033,20.952,-12.106,39.342,8.3346,27.272
6.7123,5.0847,26.308,13.557,24.504,-18.758,16.354,14.816,19.652,11.811,7.187,21.012,-12.07,39.526,8.3601,27.459
6.7723,5.2269,26.444,13.678,24.565,-18.628,16.337,15.002,19.656,11.882,7.3409,21.071,-12.035,39.709,8.3852,27.648
6.7723,5.2269,26.444,13.678,24.565,-18.628,16.337,15.002,19.656,11.882,7.3409,21.071,-12.035,39.709,8.3852,27.648
6.8326,5.3694,26.579,13.8,24.625,-18.497,16.32,15.189,19.66,11.952,7.4947,21.131,-12,39.893,8.4102,27.837
6.8932,5.5124,26.714,13.922,24.685,-18.365,16.303,15.375,19.665,12.024,7.6484,21.191,-11.965,40.077,8.4349,28.028
6.9541,5.6557,26.848,14.044,24.744,-18.232,16.285,15.563,19.669,12.096,7.802,21.251,-11.93,40.262,8.4594,28.219
6.9541,5.6557,26.848,14.044,24.744,-18.232,16.285,15.563,19.669,12.096,7.802,21.251,-11.93,40.262,8.4594,28.219
7.0153,5.7994,26.982,14.167,24.803,-18.098,16.266,15.751,19.674,12.169,7.9555,21.311,-11.895,40.446,8.4836,28.412
7.0768,5.9436,27.116,14.29,24.861,-17.963,16.247,15.94,19.678,12.242,8.1089,21.371,-11.861,40.632,8.5075,28.605
7.1385,6.0881,27.249,14.413,24.918,-17.827,16.228,16.13,19.683,12.316,8.2621,21.432,-11.827,40.817,8.5313,28.8
7.2006,6.2331,27.382,14.537,24.974,-17.69,16.208,16.32,19.687,12.391,8.4153,21.493,-11.793,41.003,8.5547,28.995
7.2629,6.3784,27.515,14.66,25.029,-17.552,16.188,16.511,19.692,12.466,8.5683,21.554,-11.759,41.188,8.578,29.192
7.2629,6.3784,27.515,14.66,25.029,-17.552,16.188,16.511,19.692,12.466,8.5683,21.554,-11.759,41.188,8.578,29.192
7.3255,6.5241,27.647,14.785,25.084,-17.412,16.167,16.702,19.697,12.543,8.7212,21.616,-11.725,41.375,8.6009,29.389
7.3884,6.6703,27.779,14.909,25.138,-17.272,16.146,16.894,19.701,12.619,8.874,21.678,-11.692,41.561,8.6236,29.588
7.4516,6.8168,27.911,15.034,25.192,-17.131,16.125,17.087,19.706,12.697,9.0266,21.74,-11.659,41.748,8.646,29.787
7.4516,6.8168,27.911,15.034,25.192,-17.131,16.125,17.087,19.706,12.697,9.0266,21.74,-11.659,41.748,8.646,29.787
7.515,6.9638,28.042,15.159,25.245,-16.989,16.103,17.28,19.711,12.775,9.1791,21.802,-11.626,41.935,8.6682,29.987
7.5788,7.1111,28.172,15.285,25.297,-16.846,16.081,17.474,19.716,12.854,9.3314,21.864,-11.593,42.122,8.6901,30.189
7.5788,7.1111,28.172,15.285,25.297,-16.846,16.081,17.474,19.716,12.854,9.3314,21.864,-11.593,42.122,8.6901,30.189
7.6428,7.2588,28.303,15.41,25.348,-16.702,16.058,17.669,19.722,12.933,9.4836,21.927,-11.56,42.31,8.7117,30.391
7.7071,7.4069,28.433,15.537,25.399,-16.556,16.035,17.864,19.727,13.013,9.6357,21.99,-11.528,42.498,8.733,30.594
7.7717,7.5555,28.562,15.663,25.449,-16.41,16.011,18.06,19.732,13.094,9.7876,22.053,-11.495,42.686,8.7541,30.799
7.7717,7.5555,28.562,15.663,25.449,-16.41,16.011,18.06,19.732,13.094,9.7876,22.053,-11.495,42.686,8.7541,30.799
7.8366,7.7044,28.691,15.79,25.499,-16.263,15.987,18.256,19.738,13.175,9.9393,22.117,-11.463,42.874,8.7749,31.004
7.9018,7.8537,28.82,15.917,25.548,-16.114,15.963,18.453,19.743,13.257,10.091,22.181,-11.431,43.062,8.7954,31.21
7.9673,8.0034,28.948,16.045,25.596,-15.965,15.938,18.651,19.749,13.34,10.242,22.245,-11.399,43.251,8.8156,31.418
8.033,8.1535,29.076,16.173,25.644,-15.815,15.913,18.849,19.755,13.423,10.393,22.31,-11.367,43.44,8.8355,31.626
8.033,8.1535,29.076,16.173,25.644,-15.815,15.913,18.849,19.755,13.423,10.393,22.31,-11.367,43.44,8.8355,31.626
8.099,8.304,29.204,16.301,25.691,-15.664,15.887,19.048,19.76,13.507,10.544,22.374,-11.336,43.629,8.8551,31.835
8.1653,8.4549,29.331,16.43,25.737,-15.511,15.861,19.247,19.766,13.592,10.695,22.439,-11.304,43.819,8.8744,32.045
8.2318,8.6062,29.458,16.559,25.783,-15.358,15.834,19.447,19.772,13.677,10.846,22.505,-11.273,44.008,8.8934,32.256
8.2318,8.6062,29.458,16.559,25.783,-15.358,15.834,19.447,19.772,13.677,10.846,22.505,-11.273,44.008,8.8934,32.256
8.2987,8.7579,29.584,16.688,25.828,-15.203,15.807,19.648,19.779,13.763,10.996,22.57,-11.242,44.198,8.9121,32.469
8.3658,8.9099,29.709,16.818,25.872,-15.048,15.78,19.849,19.785,13.85,11.147,22.636,-11.211,44.388,8.9305,32.682
8.4332,9.0624,29.835,16.948,25.916,-14.892,15.752,20.051,19.791,13.937,11.297,22.703,-11.18,44.579,8.9485,32.896
8.5008,9.2152,29.96,17.078,25.959,-14.734,15.724,20.253,19.798,14.025,11.447,22.769,-11.15,44.769,8.9663,33.111
8.5008,9.2152,29.96,17.078,25.959,-14.734,15.724,20.253,19.798,14.025,11.447,22.769,-11.15,44.769,8.9663,33.111
8.5688,9.3684,30.084,17.209,26.002,-14.576,15.695,20.456,19.804,14.114,11.596,22.836,-11.119,44.96,8.9837,33.327
8.637,9.522,30.208,17.341,26.044,-14.416,15.666,20.66,19.811,14.203,11.746,22.904,-11.089,45.15,9.0008,33.544
8.637,9.522,30.208,17.341,26.044,-14.416,15.666,20.66,19.811,14.203,11.746,22.904,-11.089,45.15,9.0008,33.544
8.7054,9.676,30.331,17.472,26.086,-14.256,15.637,20.864,19.818,14.293,11.895,22.971,-11.059,45.341,9.0176,33.761
8.7741,9.8304,30.454,17.604,26.127,-14.095,15.607,21.069,19.825,14.383,12.044,23.039,-11.029,45.533,9.034,33.98
8.8431,9.9851,30.577,17.737,26.167,-13.932,15.577,21.274,19.832,14.475,12.193,23.108,-10.999,45.724,9.0502,34.2
8.9123,10.14,30.699,17.869,26.207,-13.769,15.546,21.48,19.839,14.566,12.341,23.176,-10.969,45.915,9.0659,34.421
8.9818,10.296,30.82,18.003,26.246,-13.604,15.515,21.687,19.846,14.659,12.489,23.245,-10.94,46.107,9.0814,34.642
8.9818,10.296,30.82,18.003,26.246,-13.604,15.515,21.687,19.846,14.659,12.489,23.245,-10.94,46.107,9.0814,34.642
9.0516,10.452,30.941,18.136,26.285,-13.439,15.483,21.894,19.854,14.752,12.637,23.315,-10.91,46.299,9.0964,34.865
9.1216,10.608,31.062,18.27,26.323,-13.273,15.452,22.101,19.861,14.846,12.785,23.384,-10.881,46.491,9.1112,35.088
9.1918,10.764,31.182,18.405,26.36,-13.105,15.419,22.31,19.869,14.94,12.932,23.454,-10.852,46.683,9.1255,35.313
9.1918,10.764,31.182,18.405,26.36,-13.105,15.419,22.31,19.869,14.94,12.932,23.454,-10.852,46.683,9.1255,35.313
9.2623,10.921,31.301,18.539,26.397,-12.937,15.386,22.518,19.877,15.035,13.08,23.525,-10.823,46.875,9.1396,35.538
9.333,11.079,31.42,18.674,26.434,-12.768,15.353,22.727,19.885,15.131,13.227,23.596,-10.794,47.068,9.1532,35.764
9.333,11.079,31.42,18.674,26.434,-12.768,15.353,22.727,19.885,15.131,13.227,23.596,-10.794,47.068,9.1532,35.764
9.404,11.236,31.539,18.81,26.47,-12.597,15.32,22.937,19.893,15.227,13.373,23.667,-10.765,47.26,9.1665,35.991
9.4752,11.395,31.657,18.946,26.505,-12.426,15.286,23.148,19.901,15.324,13.52,23.738,-10.737,47.453,9.1794,36.219
9.5467,11.553,31.774,19.082,26.54,-12.254,15.251,23.358,19.909,15.421,13.666,23.81,-10.708,47.645,9.192,36.448
9.5467,11.553,31.774,19.082,26.54,-12.254,15.251,23.358,19.909,15.421,13.666,23.81,-10.708,47.645,9.192,36.448
9.6183,11.712,31.891,19.219,26.574,-12.08,15.216,23.57,19.917,15.519,13.811,23.882,-10.68,47.838,9.2042,36.677
9.6902,11.871,32.007,19.356,26.608,-11.906,15.181,23.782,19.926,15.618,13.957,23.955,-10.652,48.031,9.216,36.908
9.7624,12.03,32.123,19.494,26.641,-11.731,15.145,23.994,19.934,15.717,14.102,24.028,-10.624,48.224,9.2274,37.139
9.8347,12.19,32.238,19.632,26.674,-11.555,15.109,24.207,19.943,15.817,14.247,24.101,-10.596,48.417,9.2384,37.372
9.8347,12.19,32.238,19.632,26.674,-11.555,15.109,24.207,19.943,15.817,14.247,24.101,-10.596,48.417,9.2384,37.372
9.9073,12.35,32.353,19.771,26.706,-11.378,15.073,24.421,19.952,15.918,14.392,24.175,-10.568,48.61,9.249,37.605
9.9801,12.511,32.467,19.909,26.738,-11.2,15.036,24.634,19.961,16.019,14.536,24.249,-10.541,48.803,9.2593,37.839
10.053,12.672,32.58,20.049,26.77,-11.021,14.998,24.849,19.97,16.121,14.68,24.323,-10.513,48.997,9.2691,38.073
10.053,12.672,32.58,20.049,26.77,-11.021,14.998,24.849,19.97,16.121,14.68,24.323,-10.513,48.997,9.2691,38.073
10.126,12.833,32.693,20.188,26.8,-10.841,14.96,25.064,19.979,16.223,14.823,24.398,-10.486,49.19,9.2785,38.309
10.2,12.994,32.805,20.328,26.831,-10.66,14.922,25.279,19.988,16.326,14.967,24.474,-10.459,49.383,9.2876,38.545
10.2,12.994,32.805,20.328,26.831,-10.66,14.922,25.279,19.988,16.326,14.967,24.474,-10.459,49.383,9.2876,38.545
10.273,13.156,32.917,20.469,26.861,-10.478,14.883,25.495,19.998,16.429,15.109,24.549,-10.431,49.577,9.2962,38.782
10.273,13.156,32.917,20.469,26.861,-10.478,14.883,25.495,19.998,16.429,15.109,24.549,-10.431,49.577,9.2962,38.782
10.273,13.156,32.917,20.469,26.861,-10.478,14.883,25.495,19.998,16.429,15.109,24.549,-10.431,49.577,9.2962,38.782
10.421,13.481,33.138,20.751,26.919,-10.111,14.805,25.928,20.017,16.638,15.394,24.701,-10.378,49.964,9.3122,39.259
10.495,13.643,33.248,20.893,26.947,-9.9263,14.765,26.146,20.026,16.743,15.536,24.778,-10.351,50.157,9.3196,39.498
10.57,13.806,33.357,21.035,26.976,-9.7406,14.724,26.363,20.036,16.849,15.677,24.855,-10.325,50.351,9.3265,39.739
10.57,13.806,33.357,21.035,26.976,-9.7406,14.724,26.363,20.036,16.849,15.677,24.855,-10.325,50.351,9.3265,39.739
10.644,13.97,33.466,21.178,27.003,-9.554,14.683,26.581,20.046,16.955,15.818,24.933,-10.298,50.544,9.3331,39.979
10.719,14.133,33.574,21.321,27.03,-9.3665,14.642,26.8,20.056,17.062,15.959,25.011,-10.272,50.738,9.3392,40.221
10.794,14.297,33.681,21.464,27.057,-9.178,14.6,27.019,20.066,17.169,16.099,25.089,-10.246,50.931,9.3448,40.463
10.794,14.297,33.681,21.464,27.057,-9.178,14.6,27.019,20.066,17.169,16.099,25.089,-10.246,50.931,9.3448,40.463
10.869,14.462,33.788,21.608,27.083,-8.9886,14.558,27.239,20.076,17.277,16.239,25.168,-10.22,51.125,9.3501,40.707
10.944,14.626,33.894,21.752,27.109,-8.7983,14.516,27.458,20.086,17.386,16.379,25.247,-10.195,51.318,9.3549,40.95
11.019,14.791,33.999,21.897,27.134,-8.6071,14.473,27.679,20.097,17.495,16.518,25.326,-10.169,51.512,9.3592,41.195
11.019,14.791,33.999,21.897,27.134,-8.6071,14.473,27.679,20.097,17.495,16.518,25.326,-10.169,51.512,9.3592,41.195
11.095,14.956,34.103,22.042,27.159,-8.4149,14.429,27.899,20.107,17.604,16.657,25.406,-10.144,51.705,9.3631,41.44
11.17,15.121,34.207,22.187,27.184,-8.2219,14.385,28.121,20.118,17.714,16.795,25.486,-10.118,51.899,9.3666,41.686
11.246,15.287,34.311,22.333,27.208,-8.0279,14.341,28.342,20.128,17.825,16.933,25.566,-10.093,52.092,9.3696,41.932
11.246,15.287,34.311,22.333,27.208,-8.0279,14.341,28.342,20.128,17.825,16.933,25.566,-10.093,52.092,9.3696,41.932
11.322,15.453,34.413,22.479,27.231,-7.8331,14.296,28.564,20.139,17.936,17.07,25.647,-10.068,52.285,9.3721,42.179
11.398,15.619,34.515,22.626,27.254,-7.6374,14.251,28.786,20.15,18.047,17.207,25.729,-10.043,52.478,9.3742,42.427
11.474,15.786,34.616,22.773,27.277,-7.4408,14.205,29.009,20.16,18.159,17.344,25.81,-10.019,52.672,9.3759,42.675
11.55,15.952,34.717,22.92,27.3,-7.2433,14.159,29.232,20.171,18.272,17.48,25.892,-9.994,52.865,9.377,42.924
11.55,15.952,34.717,22.92,27.3,-7.2433,14.159,29.232,20.171,18.272,17.48,25.892,-9.994,52.865,9.377,42.924
11.627,16.119,34.816,23.068,27.322,-7.0449,14.112,29.455,20.182,18.385,17.615,25.975,-9.9696,53.057,9.3778,43.173
11.703,16.286,34.915,23.216,27.343,-6.8457,14.065,29.678,20.193,18.498,17.75,26.058,-9.9454,53.25,9.378,43.423
11.78,16.454,35.013,23.365,27.365,-6.6455,14.017,29.902,20.204,18.612,17.885,26.141,-9.9214,53.443,9.3778,43.673
11.78,16.454,35.013,23.365,27.365,-6.6455,14.017,29.902,20.204,18.612,17.885,26.141,-9.9214,53.443,9.3778,43.673
11.857,16.621,35.111,23.514,27.385,-6.4446,13.969,30.127,20.215,18.727,18.019,26.224,-9.8975,53.636,9.377,43.924
11.934,16.789,35.208,23.663,27.406,-6.2427,13.921,30.351,20.227,18.842,18.153,26.308,-9.8737,53.828,9.3759,44.176
12.01,16.957,35.304,23.813,27.426,-6.0401,13.872,30.576,20.238,18.957,18.286,26.392,-9.8502,54.021,9.3742,44.428
12.01,16.957,35.304,23.813,27.426,-6.0401,13.872,30.576,20.238,18.957,18.286,26.392,-9.8502,54.021,9.3742,44.428
12.087,17.125,35.399,23.963,27.446,-5.8365,13.822,30.801,20.249,19.073,18.419,26.477,-9.8268,54.213,9.372,44.68
12.164,17.294,35.493,24.114,27.465,-5.6321,13.772,31.027,20.26,19.189,18.551,26.562,-9.8035,54.405,9.3694,44.933
12.242,17.463,35.587,24.265,27.484,-5.4269,13.722,31.252,20.272,19.305,18.683,26.647,-9.7805,54.597,9.3663,45.186
12.319,17.631,35.68,24.416,27.502,-5.2209,13.671,31.478,20.283,19.422,18.814,26.733,-9.7576,54.788,9.3627,45.44
12.396,17.8,35.772,24.568,27.521,-5.014,13.62,31.704,20.294,19.54,18.945,26.819,-9.7348,54.98,9.3586,45.694
12.396,17.8,35.772,24.568,27.521,-5.014,13.62,31.704,20.294,19.54,18.945,26.819,-9.7348,54.98,9.3586,45.694
12.473,17.97,35.863,24.72,27.538,-4.8064,13.568,31.931,20.306,19.658,19.075,26.905,-9.7123,55.171,9.354,45.949
12.551,18.139,35.954,24.872,27.556,-4.5979,13.515,32.158,20.317,19.776,19.205,26.992,-9.6899,55.362,9.3489,46.204
12.628,18.309,36.043,25.025,27.573,-4.3886,13.463,32.384,20.329,19.895,19.334,27.079,-9.6677,55.553,9.3434,46.459
12.628,18.309,36.043,25.025,27.573,-4.3886,13.463,32.384,20.329,19.895,19.334,27.079,-9.6677,55.553,9.3434,46.459
12.705,18.478,36.132,25.178,27.59,-4.1785,13.409,32.612,20.34,20.014,19.462,27.166,-9.6457,55.744,9.3373,46.714
12.783,18.648,36.22,25.332,27.606,-3.9676,13.356,32.839,20.351,20.133,19.59,27.254,-9.6239,55.935,9.3307,46.97
12.86,18.818,36.307,25.486,27.622,-3.7559,13.301,33.066,20.363,20.253,19.718,27.342,-9.6022,56.125,9.3237,47.226
12.938,18.988,36.394,25.64,27.638,-3.5434,13.247,33.294,20.374,20.373,19.844,27.43,-9.5807,56.315,9.3161,47.483
12.938,18.988,36.394,25.64,27.638,-3.5434,13.247,33.294,20.374,20.373,19.844,27.43,-9.5807,56.315,9.3161,47.483
13.015,19.159,36.479,25.794,27.654,-3.3302,13.191,33.522,20.386,20.493,19.971,27.518,-9.5595,56.505,9.308,47.739
13.093,19.329,36.564,25.949,27.669,-3.1162,13.136,33.75,20.397,20.614,20.096,27.607,-9.5384,56.694,9.2994,47.996
13.093,19.329,36.564,25.949,27.669,-3.1162,13.136,33.75,20.397,20.614,20.096,27.607,-9.5384,56.694,9.2994,47.996
13.17,19.499,36.647,26.104,27.683,-2.9015,13.079,33.978,20.408,20.735,20.221,27.697,-9.5175,56.883,9.2904,48.253
13.248,19.67,36.73,26.26,27.698,-2.686,13.023,34.206,20.42,20.856,20.346,27.786,-9.4968,57.072,9.2808,48.511
13.325,19.841,36.812,26.416,27.712,-2.4697,12.965,34.434,20.431,20.978,20.47,27.876,-9.4762,57.261,9.2707,48.768
13.325,19.841,36.812,26.416,27.712,-2.4697,12.965,34.434,20.431,20.978,20.47,27.876,-9.4762,57.261,9.2707,48.768
13.402,20.012,36.894,26.572,27.726,-2.2527,12.908,34.663,20.442,21.1,20.593,27.966,-9.4559,57.449,9.2601,49.026
13.48,20.183,36.974,26.728,27.739,-2.035,12.849,34.891,20.453,21.222,20.715,28.056,-9.4358,57.637,9.2489,49.283
13.557,20.354,37.053,26.885,27.752,-1.8165,12.791,35.12,20.465,21.345,20.837,28.147,-9.4159,57.825,9.2373,49.541
13.557,20.354,37.053,26.885,27.752,-1.8165,12.791,35.12,20.465,21.345,20.837,28.147,-9.4159,57.825,9.2373,49.541
13.634,20.525,37.132,27.042,27.765,-1.5974,12.731,35.349,20.476,21.467,20.959,28.238,-9.3962,58.012,9.2252,49.799
13.712,20.696,37.209,27.199,27.778,-1.3775,12.671,35.577,20.487,21.59,21.079,28.329,-9.3767,58.199,9.2125,50.057
13.789,20.867,37.286,27.357,27.79,-1.157,12.611,35.806,20.498,21.714,21.2,28.42,-9.3574,58.386,9.1994,50.315
13.866,21.038,37.361,27.515,27.802,-0.9357,12.55,36.035,20.508,21.837,21.319,28.512,-9.3383,58.572,9.1857,50.573
13.943,21.21,37.436,27.673,27.813,-0.71376,12.489,36.264,20.519,21.961,21.438,28.604,-9.3194,58.758,9.1715,50.831
13.943,21.21,37.436,27.673,27.813,-0.71376,12.489,36.264,20.519,21.961,21.438,28.604,-9.3194,58.758,9.1715,50.831
14.02,21.381,37.51,27.831,27.825,-0.49115,12.427,36.492,20.53,22.085,21.556,28.696,-9.3008,58.943,9.1569,51.088
14.097,21.552,37.583,27.99,27.836,-0.26786,12.365,36.721,20.54,22.209,21.673,28.788,-9.2823,59.128,9.1417,51.346
14.097,21.552,37.583,27.99,27.836,-0.26786,12.365,36.721,20.54,22.209,21.673,28.788,-9.2823,59.128,9.1417,51.346
14.173,21.724,37.655,28.148,27.846,-0.043924,12.302,36.95,20.551,22.333,21.79,28.881,-9.2641,59.313,9.1259,51.604
14.25,21.895,37.726,28.308,27.857,0.18066,12.238,37.179,20.561,22.458,21.906,28.974,-9.2461,59.497,9.1097,51.862
14.327,22.066,37.796,28.467,27.867,0.40589,12.174,37.407,20.572,22.582,22.021,29.067,-9.2283,59.681,9.093,52.119
14.327,22.066,37.796,28.467,27.867,0.40589,12.174,37.407,20.572,22.582,22.021,29.067,-9.2283,59.681,9.093,52.119
14.403,22.238,37.865,28.626,27.876,0.63175,12.11,37.636,20.582,22.707,22.136,29.16,-9.2107,59.864,9.0757,52.376
14.479,22.409,37.933,28.786,27.886,0.85824,12.045,37.864,20.592,22.832,22.25,29.253,-9.1934,60.047,9.058,52.633
14.556,22.58,38,28.946,27.895,1.0853,11.979,38.093,20.602,22.957,22.363,29.347,-9.1763,60.229,9.0397,52.89
14.632,22.752,38.066,29.106,27.904,1.313,11.913,38.321,20.611,23.083,22.475,29.44,-9.1594,60.411,9.021,53.147
14.708,22.923,38.131,29.267,27.913,1.5413,11.847,38.549,20.621,23.208,22.587,29.534,-9.1428,60.592,9.0017,53.403
14.708,22.923,38.131,29.267,27.913,1.5413,11.847,38.549,20.621,23.208,22.587,29.534,-9.1428,60.592,9.0017,53.403
14.783,23.094,38.195,29.427,27.921,1.7702,11.78,38.777,20.63,23.333,22.698,29.628,-9.1264,60.773,8.9819,53.659
14.859,23.265,38.258,29.588,27.929,1.9997,11.712,39.005,20.64,23.459,22.808,29.722,-9.1102,60.953,8.9617,53.915
14.859,23.265,38.258,29.588,27.929,1.9997,11.712,39.005,20.64,23.459,22.808,29.722,-9.1102,60.953,8.9617,53.915
14.934,23.436,38.321,29.749,27.937,2.2297,11.644,39.233,20.649,23.584,22.918,29.817,-9.0943,61.133,8.9409,54.17
15.009,23.607,38.382,29.91,27.945,2.4603,11.575,39.46,20.658,23.71,23.026,29.911,-9.0786,61.312,8.9196,54.425
15.085,23.778,38.442,30.071,27.952,2.6914,11.506,39.687,20.666,23.836,23.134,30.006,-9.0632,61.491,8.8978,54.68
15.159,23.949,38.501,30.232,27.959,2.9231,11.436,39.915,20.675,23.961,23.241,30.1,-9.048,61.669,8.8756,54.934
15.159,23.949,38.501,30.232,27.959,2.9231,11.436,39.915,20.675,23.961,23.241,30.1,-9.048,61.669,8.8756,54.934
15.234,24.119,38.559,30.394,27.966,3.1553,11.365,40.141,20.683,24.087,23.348,30.195,-9.033,61.846,8.8528,55.187
15.308,24.29,38.616,30.555,27.972,3.388,11.294,40.368,20.691,24.213,23.453,30.29,-9.0183,62.023,8.8295,55.44
15.383,24.46,38.671,30.717,27.978,3.6212,11.223,40.594,20.699,24.339,23.558,30.385,-9.0039,62.2,8.8058,55.693
15.383,24.46,38.671,30.717,27.978,3.6212,11.223,40.594,20.699,24.339,23.558,30.385,-9.0039,62.2,8.8058,55.693
15.457,24.631,38.726,30.878,27.984,3.8549,11.151,40.82,20.707,24.464,23.662,30.479,-8.9897,62.375,8.7816,55.945
15.53,24.801,38.78,31.04,27.99,4.0891,11.078,41.046,20.715,24.59,23.765,30.574,-8.9758,62.55,8.7569,56.196
15.604,24.971,38.833,31.202,27.995,4.3237,11.005,41.271,20.722,24.716,23.867,30.669,-8.9621,62.724,8.7317,56.447
15.604,24.971,38.833,31.202,27.995,4.3237,11.005,41.271,20.722,24.716,23.867,30.669,-8.9621,62.724,8.7317,56.447
15.677,25.14,38.884,31.364,28,4.5588,10.931,41.496,20.729,24.841,23.969,30.765,-8.9487,62.898,8.706,56.697
15.75,25.31,38.935,31.526,28.005,4.7944,10.857,41.721,20.736,24.967,24.069,30.86,-8.9355,63.071,8.6798,56.947
15.823,25.479,38.984,31.688,28.009,5.0304,10.782,41.945,20.742,25.092,24.169,30.955,-8.9226,63.243,8.6532,57.196
15.895,25.649,39.033,31.85,28.014,5.2669,10.707,42.169,20.748,25.218,24.268,31.05,-8.91,63.415,8.6261,57.444
15.895,25.649,39.033,31.85,28.014,5.2669,10.707,42.169,20.748,25.218,24.268,31.05,-8.91,63.415,8.6261,57.444
15.968,25.818,39.08,32.012,28.018,5.5037,10.631,42.392,20.754,25.343,24.366,31.145,-8.8977,63.585,8.5986,57.691
16.039,25.986,39.126,32.174,28.022,5.741,10.555,42.615,20.76,25.468,24.463,31.24,-8.8856,63.756,8.5706,57.937
16.039,25.986,39.126,32.174,28.022,5.741,10.555,42.615,20.76,25.468,24.463,31.24,-8.8856,63.756,8.5706,57.937
16.111,26.155,39.171,32.336,28.025,5.9786,10.478,42.838,20.766,25.593,24.56,31.335,-8.8738,63.925,8.5421,58.183
16.182,26.323,39.215,32.498,28.028,6.2166,10.4,43.06,20.771,25.718,24.655,31.43,-8.8622,64.093,8.5132,58.428
16.253,26.491,39.258,32.66,28.031,6.455,10.322,43.282,20.776,25.842,24.75,31.524,-8.851,64.261,8.4838,58.672
16.324,26.659,39.3,32.822,28.034,6.6938,10.243,43.503,20.78,25.966,24.843,31.619,-8.84,64.428,8.454,58.915
16.324,26.659,39.3,32.822,28.034,6.6938,10.243,43.503,20.78,25.966,24.843,31.619,-8.84,64.428,8.454,58.915
16.394,26.826,39.341,32.984,28.036,6.9329,10.164,43.723,20.784,26.091,24.936,31.714,-8.8292,64.594,8.4237,59.156
16.464,26.994,39.38,33.146,28.039,7.1723,10.084,43.943,20.788,26.215,25.028,31.808,-8.8188,64.759,8.393,59.397
16.534,27.16,39.418,33.308,28.04,7.4121,10.004,44.163,20.792,26.338,25.119,31.903,-8.8086,64.924,8.3619,59.637
16.534,27.16,39.418,33.308,28.04,7.4121,10.004,44.163,20.792,26.338,25.119,31.903,-8.8086,64.924,8.3619,59.637
16.603,27.327,39.456,33.469,28.042,7.6522,9.9232,44.382,20.795,26.462,25.209,31.997,-8.7988,65.087,8.3303,59.876
16.672,27.493,39.492,33.631,28.043,7.8925,9.8417,44.6,20.798,26.585,25.298,32.091,-8.7892,65.25,8.2984,60.114
16.741,27.659,39.527,33.792,28.045,8.1331,9.7597,44.818,20.8,26.708,25.386,32.185,-8.7799,65.412,8.266,60.351
16.741,27.659,39.527,33.792,28.045,8.1331,9.7597,44.818,20.8,26.708,25.386,32.185,-8.7799,65.412,8.266,60.351
16.809,27.825,39.56,33.953,28.045,8.374,9.6772,45.035,20.802,26.831,25.474,32.279,-8.7708,65.573,8.2332,60.586
16.877,27.99,39.593,34.114,28.046,8.6152,9.5941,45.251,20.804,26.953,25.56,32.372,-8.7621,65.733,8.2,60.82
16.944,28.155,39.625,34.275,28.046,8.8566,9.5105,45.467,20.806,27.075,25.645,32.466,-8.7537,65.892,8.1664,61.053
17.011,28.319,39.655,34.436,28.046,9.0982,9.4263,45.682,20.807,27.196,25.73,32.559,-8.7455,66.05,8.1324,61.285
17.011,28.319,39.655,34.436,28.046,9.0982,9.4263,45.682,20.807,27.196,25.73,32.559,-8.7455,66.05,8.1324,61.285
17.077,28.483,39.684,34.597,28.046,9.34,9.3416,45.897,20.807,27.318,25.813,32.652,-8.7376,66.207,8.098,61.515
17.144,28.647,39.712,34.757,28.046,9.5821,9.2563,46.11,20.808,27.439,25.895,32.744,-8.73,66.363,8.0632,61.744
17.209,28.81,39.739,34.917,28.045,9.8243,9.1705,46.323,20.807,27.559,25.977,32.837,-8.7228,66.518,8.0281,61.972
17.209,28.81,39.739,34.917,28.045,9.8243,9.1705,46.323,20.807,27.559,25.977,32.837,-8.7228,66.518,8.0281,61.972
17.275,28.973,39.764,35.077,28.044,10.067,9.0841,46.535,20.807,27.679,26.057,32.929,-8.7158,66.672,7.9926,62.198
17.339,29.135,39.789,35.237,28.043,10.309,8.9972,46.746,20.806,27.799,26.137,33.021,-8.709,66.825,7.9567,62.423
17.404,29.297,39.812,35.396,28.041,10.552,8.9097,46.957,20.805,27.918,26.215,33.112,-8.7026,66.977,7.9204,62.647
17.404,29.297,39.812,35.396,28.041,10.552,8.9097,46.957,20.805,27.918,26.215,33.112,-8.7026,66.977,7.9204,62.647
17.468,29.459,39.834,35.555,28.039,10.795,8.8217,47.166,20.803,28.037,26.293,33.203,-8.6965,67.128,7.8839,62.869
17.531,29.62,39.855,35.714,28.037,11.038,8.7332,47.375,20.8,28.155,26.369,33.294,-8.6907,67.278,7.8469,63.089
17.594,29.78,39.875,35.872,28.034,11.281,8.6441,47.583,20.798,28.273,26.444,33.384,-8.6852,67.427,7.8097,63.308
17.656,29.94,39.893,36.03,28.032,11.524,8.5545,47.79,20.794,28.39,26.519,33.474,-8.6799,67.574,7.7721,63.525
17.656,29.94,39.893,36.03,28.032,11.524,8.5545,47.79,20.794,28.39,26.519,33.474,-8.6799,67.574,7.7721,63.525
17.718,30.1,39.911,36.188,28.029,11.767,8.4644,47.996,20.791,28.506,26.592,33.564,-8.675,67.721,7.7342,63.74
17.78,30.259,39.927,36.345,28.026,12.01,8.3737,48.201,20.787,28.623,26.664,33.653,-8.6703,67.866,7.696,63.954
17.841,30.417,39.942,36.502,28.022,12.254,8.2825,48.405,20.782,28.738,26.736,33.742,-8.666,68.01,7.6575,64.166
17.841,30.417,39.942,36.502,28.022,12.254,8.2825,48.405,20.782,28.738,26.736,33.742,-8.666,68.01,7.6575,64.166
17.901,30.575,39.955,36.659,28.018,12.497,8.1908,48.608,20.777,28.853,26.806,33.83,-8.6619,68.153,7.6186,64.376
17.961,30.732,39.968,36.815,28.014,12.74,8.0985,48.81,20.772,28.967,26.875,33.918,-8.6582,68.295,7.5795,64.584
18.02,30.889,39.979,36.971,28.009,12.983,8.0058,49.011,20.765,29.081,26.943,34.005,-8.6547,68.436,7.5401,64.791
18.079,31.045,39.989,37.126,28.005,13.227,7.9125,49.212,20.759,29.194,27.01,34.092,-8.6515,68.575,7.5005,64.996
18.137,31.2,39.998,37.281,28,13.47,7.8187,49.41,20.752,29.307,27.076,34.178,-8.6487,68.713,7.4606,65.198
18.137,31.2,39.998,37.281,28,13.47,7.8187,49.41,20.752,29.307,27.076,34.178,-8.6487,68.713,7.4606,65.198
18.195,31.355,40.005,37.435,27.994,13.713,7.7244,49.608,20.744,29.418,27.141,34.264,-8.6461,68.85,7.4204,65.399
18.252,31.509,40.012,37.589,27.989,13.956,7.6296,49.805,20.736,29.529,27.205,34.349,-8.6438,68.985,7.38,65.598
18.309,31.663,40.017,37.742,27.983,14.199,7.5342,50.001,20.728,29.64,27.267,34.434,-8.6418,69.12,7.3393,65.795
18.309,31.663,40.017,37.742,27.983,14.199,7.5342,50.001,20.728,29.64,27.267,34.434,-8.6418,69.12,7.3393,65.795
18.365,31.816,40.021,37.895,27.977,14.442,7.4384,50.195,20.718,29.749,27.329,34.518,-8.6401,69.252,7.2984,65.989
18.42,31.968,40.023,38.047,27.97,14.685,7.3421,50.388,20.709,29.858,27.39,34.601,-8.6387,69.384,7.2573,66.182
18.475,32.12,40.025,38.199,27.963,14.928,7.2453,50.58,20.698,29.966,27.449,34.684,-8.6376,69.514,7.216,66.372
18.475,32.12,40.025,38.199,27.963,14.928,7.2453,50.58,20.698,29.966,27.449,34.684,-8.6376,69.514,7.216,66.372
18.529,32.27,40.025,38.35,27.956,15.17,7.148,50.771,20.688,30.073,27.507,34.766,-8.6367,69.643,7.1744,66.56
18.582,32.42,40.024,38.5,27.948,15.412,7.0502,50.961,20.676,30.18,27.564,34.848,-8.6362,69.77,7.1327,66.746
18.635,32.57,40.022,38.65,27.941,15.655,6.952,51.149,20.664,30.285,27.62,34.928,-8.6359,69.896,7.0908,66.93
18.635,32.57,40.022,38.65,27.941,15.655,6.952,51.149,20.664,30.285,27.62,34.928,-8.6359,69.896,7.0908,66.93
18.687,32.718,40.018,38.799,27.932,15.897,6.8532,51.336,20.652,30.39,27.675,35.008,-8.636,70.021,7.0487,67.112
18.739,32.866,40.013,38.948,27.924,16.138,6.754,51.521,20.639,30.494,27.729,35.088,-8.6363,70.144,7.0065,67.291
18.79,33.013,40.007,39.095,27.915,16.38,6.6543,51.706,20.625,30.597,27.782,35.166,-8.6369,70.265,6.9641,67.467
18.79,33.013,40.007,39.095,27.915,16.38,6.6543,51.706,20.625,30.597,27.782,35.166,-8.6369,70.265,6.9641,67.467
18.84,33.16,40,39.242,27.906,16.621,6.5542,51.888,20.611,30.699,27.833,35.244,-8.6377,70.385,6.9216,67.642
18.889,33.305,39.992,39.389,27.896,16.862,6.4536,52.07,20.596,30.8,27.884,35.321,-8.6389,70.504,6.8789,67.813
18.938,33.45,39.982,39.534,27.887,17.103,6.3525,52.25,20.581,30.901,27.933,35.397,-8.6403,70.621,6.8362,67.983
18.987,33.594,39.971,39.679,27.876,17.343,6.251,52.429,20.565,31,27.981,35.472,-8.642,70.736,6.7933,68.15
18.987,33.594,39.971,39.679,27.876,17.343,6.251,52.429,20.565,31,27.981,35.472,-8.642,70.736,6.7933,68.15
19.034,33.737,39.959,39.823,27.866,17.583,6.1491,52.606,20.548,31.098,28.028,35.547,-8.644,70.85,6.7503,68.314
19.081,33.879,39.946,39.966,27.855,17.823,6.0467,52.781,20.531,31.195,28.074,35.62,-8.6463,70.963,6.7072,68.475
19.127,34.02,39.931,40.109,27.844,18.062,5.9439,52.955,20.513,31.292,28.118,35.693,-8.6488,71.073,6.664,68.634
19.127,34.02,39.931,40.109,27.844,18.062,5.9439,52.955,20.513,31.292,28.118,35.693,-8.6488,71.073,6.664,68.634
19.172,34.161,39.915,40.25,27.832,18.301,5.8406,53.128,20.494,31.387,28.162,35.765,-8.6516,71.182,6.6208,68.791
19.217,34.3,39.898,40.391,27.82,18.54,5.737,53.299,20.475,31.481,28.204,35.835,-8.6546,71.29,6.5775,68.944
19.261,34.439,39.879,40.531,27.808,18.778,5.6329,53.469,20.455,31.574,28.245,35.905,-8.6579,71.396,6.5341,69.095
19.304,34.577,39.86,40.67,27.795,19.016,5.5284,53.636,20.435,31.666,28.285,35.974,-8.6615,71.5,6.4908,69.243
19.304,34.577,39.86,40.67,27.795,19.016,5.5284,53.636,20.435,31.666,28.285,35.974,-8.6615,71.5,6.4908,69.243
19.347,34.714,39.839,40.808,27.782,19.253,5.4236,53.803,20.414,31.757,28.324,36.042,-8.6653,71.602,6.4474,69.388
19.388,34.849,39.817,40.945,27.768,19.49,5.3183,53.967,20.392,31.846,28.362,36.109,-8.6693,71.703,6.4039,69.531
19.429,34.984,39.794,41.081,27.755,19.726,5.2126,54.13,20.37,31.935,28.398,36.174,-8.6737,71.802,6.3605,69.67
19.469,35.118,39.769,41.216,27.74,19.962,5.1066,54.291,20.347,32.022,28.433,36.239,-8.6782,71.899,6.3171,69.807
19.469,35.118,39.769,41.216,27.74,19.962,5.1066,54.291,20.347,32.022,28.433,36.239,-8.6782,71.899,6.3171,69.807
19.509,35.251,39.743,41.35,27.726,20.197,5.0002,54.451,20.323,32.108,28.467,36.303,-8.683,71.995,6.2737,69.94
19.547,35.383,39.716,41.483,27.711,20.432,4.8934,54.608,20.299,32.193,28.5,36.365,-8.6881,72.088,6.2304,70.07
19.585,35.514,39.688,41.615,27.695,20.666,4.7862,54.764,20.274,32.277,28.532,36.427,-8.6934,72.18,6.1871,70.198
19.585,35.514,39.688,41.615,27.695,20.666,4.7862,54.764,20.274,32.277,28.532,36.427,-8.6934,72.18,6.1871,70.198
19.622,35.643,39.658,41.746,27.679,20.9,4.6788,54.919,20.248,32.359,28.562,36.487,-8.6989,72.27,6.1438,70.322
19.658,35.772,39.627,41.876,27.663,21.133,4.5709,55.071,20.221,32.44,28.591,36.546,-8.7046,72.358,6.1006,70.443
19.693,35.9,39.596,42.005,27.646,21.365,4.4627,55.221,20.194,32.52,28.619,36.604,-8.7106,72.444,6.0575,70.561
19.728,36.026,39.562,42.133,27.629,21.597,4.3542,55.37,20.167,32.599,28.646,36.66,-8.7167,72.529,6.0145,70.676
19.728,36.026,39.562,42.133,27.629,21.597,4.3542,55.37,20.167,32.599,28.646,36.66,-8.7167,72.529,6.0145,70.676
19.762,36.152,39.528,42.259,27.612,21.828,4.2454,55.517,20.138,32.676,28.672,36.716,-8.7231,72.611,5.9715,70.788
19.795,36.276,39.492,42.384,27.594,22.058,4.1363,55.661,20.109,32.751,28.696,36.77,-8.7297,72.692,5.9287,70.896
19.827,36.399,39.455,42.508,27.576,22.288,4.0268,55.804,20.079,32.826,28.719,36.823,-8.7365,72.771,5.886,71.001
19.827,36.399,39.455,42.508,27.576,22.288,4.0268,55.804,20.079,32.826,28.719,36.823,-8.7365,72.771,5.886,71.001
19.858,36.522,39.417,42.631,27.557,22.517,3.9171,55.945,20.049,32.899,28.741,36.874,-8.7435,72.847,5.8435,71.102
19.888,36.643,39.378,42.753,27.537,22.745,3.8071,56.084,20.017,32.97,28.762,36.924,-8.7507,72.922,5.8011,71.201
19.888,36.643,39.378,42.753,27.537,22.745,3.8071,56.084,20.017,32.97,28.762,36.924,-8.7507,72.922,5.8011,71.201
19.917,36.762,39.337,42.874,27.518,22.973,3.6967,56.221,19.986,33.04,28.781,36.973,-8.7581,72.995,5.7588,71.295
19.946,36.881,39.296,42.993,27.498,23.199,3.5862,56.356,19.953,33.109,28.8,37.021,-8.7657,73.065,5.7168,71.387
19.974,36.998,39.253,43.111,27.477,23.425,3.4753,56.489,19.92,33.176,28.817,37.067,-8.7735,73.134,5.6749,71.475
19.974,36.998,39.253,43.111,27.477,23.425,3.4753,56.489,19.92,33.176,28.817,37.067,-8.7735,73.134,5.6749,71.475
20.001,37.114,39.208,43.227,27.456,23.651,3.3642,56.62,19.885,33.242,28.833,37.112,-8.7814,73.2,5.6332,71.559
20.027,37.229,39.163,43.342,27.434,23.875,3.2529,56.748,19.851,33.306,28.847,37.155,-8.7895,73.265,5.5917,71.64
20.052,37.343,39.117,43.456,27.412,24.098,3.1413,56.875,19.815,33.369,28.861,37.197,-8.7978,73.327,5.5505,71.717
20.076,37.456,39.069,43.569,27.39,24.321,3.0294,56.999,19.779,33.43,28.873,37.237,-8.8063,73.387,5.5094,71.79
20.076,37.456,39.069,43.569,27.39,24.321,3.0294,56.999,19.779,33.43,28.873,37.237,-8.8063,73.387,5.5094,71.79
20.099,37.567,39.02,43.68,27.367,24.543,2.9174,57.121,19.742,33.489,28.884,37.276,-8.8149,73.446,5.4686,71.86
20.121,37.677,38.97,43.79,27.344,24.763,2.8052,57.241,19.704,33.547,28.894,37.313,-8.8236,73.502,5.4281,71.926
20.143,37.785,38.918,43.898,27.32,24.983,2.6927,57.359,19.666,33.603,28.902,37.349,-8.8325,73.555,5.3878,71.989
20.143,37.785,38.918,43.898,27.32,24.983,2.6927,57.359,19.666,33.603,28.902,37.349,-8.8325,73.555,5.3878,71.989
20.163,37.893,38.866,44.005,27.295,25.202,2.5801,57.475,19.627,33.658,28.91,37.383,-8.8415,73.607,5.3479,72.047
20.183,37.999,38.812,44.11,27.27,25.42,2.4673,57.588,19.587,33.711,28.916,37.415,-8.8507,73.656,5.3082,72.102
20.201,38.103,38.757,44.214,27.245,25.637,2.3543,57.699,19.547,33.762,28.921,37.446,-8.86,73.704,5.2688,72.153
20.219,38.207,38.701,44.316,27.219,25.853,2.2412,57.808,19.505,33.812,28.924,37.476,-8.8694,73.749,5.2297,72.201
20.219,38.207,38.701,44.316,27.219,25.853,2.2412,57.808,19.505,33.812,28.924,37.476,-8.8694,73.749,5.2297,72.201
20.236,38.309,38.644,44.417,27.193,26.068,2.1279,57.915,19.463,33.86,28.927,37.503,-8.8789,73.791,5.1909,72.244
20.251,38.409,38.586,44.516,27.166,26.282,2.0144,58.019,19.42,33.906,28.928,37.529,-8.8885,73.832,5.1525,72.283
20.266,38.509,38.526,44.613,27.138,26.495,1.9009,58.121,19.377,33.95,28.928,37.554,-8.8982,73.87,5.1144,72.319
20.266,38.509,38.526,44.613,27.138,26.495,1.9009,58.121,19.377,33.95,28.928,37.554,-8.8982,73.87,5.1144,72.319
20.28,38.606,38.465,44.709,27.11,26.707,1.7872,58.22,19.333,33.993,28.927,37.576,-8.908,73.906,5.0767,72.35
20.293,38.703,38.404,44.804,27.082,26.917,1.6734,58.317,19.288,34.034,28.924,37.597,-8.9179,73.939,5.0393,72.378
20.305,38.798,38.341,44.896,27.053,27.127,1.5595,58.412,19.242,34.073,28.921,37.616,-8.9279,73.97,5.0023,72.401
20.316,38.891,38.277,44.987,27.023,27.335,1.4455,58.504,19.196,34.11,28.916,37.634,-8.938,73.999,4.9658,72.421
20.316,38.891,38.277,44.987,27.023,27.335,1.4455,58.504,19.196,34.11,28.916,37.634,-8.938,73.999,4.9658,72.421
20.326,38.983,38.211,45.077,26.993,27.543,1.3314,58.593,19.149,34.146,28.91,37.649,-8.9481,74.025,4.9296,72.436
20.334,39.074,38.145,45.164,26.962,27.749,1.2173,58.68,19.101,34.179,28.902,37.663,-8.9583,74.049,4.8938,72.447
20.342,39.163,38.078,45.25,26.931,27.954,1.1031,58.765,19.052,34.211,28.894,37.675,-8.9685,74.071,4.8584,72.454
20.342,39.163,38.078,45.25,26.931,27.954,1.1031,58.765,19.052,34.211,28.894,37.675,-8.9685,74.071,4.8584,72.454
20.349,39.25,38.009,45.334,26.899,28.157,0.98885,58.847,19.003,34.241,28.884,37.685,-8.9788,74.09,4.8235,72.457
20.355,39.336,37.939,45.417,26.867,28.36,0.87457,58.927,18.952,34.269,28.873,37.693,-8.9891,74.107,4.789,72.456
20.36,39.421,37.869,45.497,26.834,28.561,0.76027,59.004,18.902,34.295,28.861,37.699,-8.9995,74.121,4.755,72.45
20.36,39.421,37.869,45.497,26.834,28.561,0.76027,59.004,18.902,34.295,28.861,37.699,-8.9995,74.121,4.755,72.45
20.364,39.504,37.797,45.576,26.8,28.761,0.64595,59.078,18.85,34.319,28.847,37.703,-9.0098,74.133,4.7214,72.44
20.367,39.585,37.724,45.653,26.766,28.959,0.53163,59.15,18.798,34.341,28.833,37.706,-9.0202,74.142,4.6883,72.426
20.369,39.665,37.65,45.728,26.731,29.157,0.41732,59.22,18.745,34.361,28.817,37.706,-9.0306,74.149,4.6557,72.408
20.369,39.665,37.65,45.728,26.731,29.157,0.41732,59.22,18.745,34.361,28.817,37.706,-9.0306,74.149,4.6557,72.408
20.37,39.744,37.575,45.801,26.696,29.353,0.30303,59.286,18.691,34.379,28.8,37.704,-9.041,74.153,4.6236,72.385
20.37,39.82,37.498,45.872,26.66,29.547,0.18876,59.35,18.636,34.396,28.782,37.701,-9.0514,74.155,4.592,72.359
20.368,39.896,37.421,45.942,26.623,29.741,0.074539,59.412,18.581,34.41,28.762,37.695,-9.0618,74.154,4.5608,72.327
20.366,39.969,37.343,46.009,26.586,29.932,-0.039632,59.47,18.525,34.422,28.742,37.688,-9.0721,74.151,4.5302,72.291
20.366,39.969,37.343,46.009,26.586,29.932,-0.039632,59.47,18.525,34.422,28.742,37.688,-9.0721,74.151,4.5302,72.291
20.363,40.041,37.264,46.075,26.549,30.123,-0.15374,59.526,18.468,34.432,28.72,37.678,-9.0824,74.145,4.5002,72.251
20.359,40.111,37.183,46.138,26.51,30.312,-0.26777,59.579,18.411,34.44,28.697,37.666,-9.0927,74.136,4.4706,72.207
20.353,40.18,37.102,46.2,26.471,30.5,-0.38172,59.63,18.352,34.446,28.673,37.652,-9.103,74.125,4.4416,72.158
20.347,40.247,37.019,46.259,26.432,30.686,-0.49557,59.677,18.293,34.45,28.647,37.636,-9.1131,74.111,4.4131,72.105
20.347,40.247,37.019,46.259,26.432,30.686,-0.49557,59.677,18.293,34.45,28.647,37.636,-9.1131,74.111,4.4131,72.105
20.339,40.312,36.936,46.317,26.392,30.87,-0.60931,59.722,18.234,34.452,28.621,37.618,-9.1233,74.095,4.3852,72.047
20.331,40.376,36.851,46.373,26.351,31.054,-0.72293,59.764,18.173,34.452,28.593,37.598,-9.1333,74.076,4.3579,71.984
20.321,40.438,36.766,46.426,26.309,31.235,-0.83642,59.804,18.112,34.449,28.564,37.576,-9.1433,74.054,4.3311,71.917
20.321,40.438,36.766,46.426,26.309,31.235,-0.83642,59.804,18.112,34.449,28.564,37.576,-9.1433,74.054,4.3311,71.917
20.311,40.498,36.679,46.477,26.267,31.415,-0.94977,59.84,18.05,34.445,28.534,37.551,-9.1532,74.029,4.3049,71.846
20.299,40.557,36.592,46.527,26.224,31.594,-1.063,59.874,17.987,34.438,28.503,37.524,-9.163,74.002,4.2793,71.77
20.286,40.613,36.503,46.574,26.181,31.771,-1.176,59.905,17.924,34.429,28.47,37.495,-9.1726,73.973,4.2543,71.69
20.286,40.613,36.503,46.574,26.181,31.771,-1.176,59.905,17.924,34.429,28.47,37.495,-9.1726,73.973,4.2543,71.69
20.272,40.668,36.414,46.619,26.137,31.946,-1.2888,59.933,17.86,34.418,28.436,37.464,-9.1822,73.94,4.2299,71.605
20.258,40.722,36.324,46.662,26.092,32.12,-1.4015,59.958,17.795,34.405,28.402,37.431,-9.1917,73.905,4.2061,71.515
20.242,40.773,36.232,46.702,26.047,32.292,-1.5139,59.98,17.73,34.39,28.366,37.395,-9.201,73.867,4.1828,71.421
20.242,40.773,36.232,46.702,26.047,32.292,-1.5139,59.98,17.73,34.39,28.366,37.395,-9.201,73.867,4.1828,71.421
20.225,40.823,36.14,46.741,26.001,32.463,-1.6262,60,17.663,34.372,28.328,37.357,-9.2102,73.826,4.1602,71.322
20.207,40.871,36.047,46.777,25.954,32.632,-1.7382,60.016,17.596,34.352,28.29,37.317,-9.2192,73.782,4.1383,71.219
20.187,40.917,35.953,46.811,25.907,32.799,-1.85,60.029,17.529,34.33,28.251,37.275,-9.2281,73.736,4.1169,71.111
20.187,40.917,35.953,46.811,25.907,32.799,-1.85,60.029,17.529,34.33,28.251,37.275,-9.2281,73.736,4.1169,71.111
20.167,40.962,35.857,46.843,25.859,32.965,-1.9615,60.04,17.46,34.306,28.21,37.23,-9.2369,73.687,4.0962,70.998
20.146,41.004,35.761,46.873,25.81,33.129,-2.0728,60.048,17.391,34.279,28.168,37.183,-9.2454,73.635,4.0761,70.881
20.123,41.045,35.665,46.9,25.761,33.291,-2.1838,60.052,17.321,34.251,28.125,37.133,-9.2538,73.581,4.0566,70.759
20.123,41.045,35.665,46.9,25.761,33.291,-2.1838,60.052,17.321,34.251,28.125,37.133,-9.2538,73.581,4.0566,70.759
20.1,41.084,35.567,46.925,25.711,33.451,-2.2945,60.054,17.25,34.22,28.081,37.082,-9.262,73.523,4.0378,70.633
20.075,41.121,35.468,46.948,25.66,33.61,-2.405,60.053,17.179,34.186,28.036,37.028,-9.27,73.463,4.0196,70.501
20.05,41.156,35.369,46.968,25.608,33.767,-2.5151,60.048,17.107,34.151,27.989,36.971,-9.2778,73.4,4.0021,70.366
20.023,41.19,35.268,46.986,25.556,33.922,-2.6249,60.041,17.034,34.113,27.942,36.912,-9.2854,73.334,3.9852,70.225
20.023,41.19,35.268,46.986,25.556,33.922,-2.6249,60.041,17.034,34.113,27.942,36.912,-9.2854,73.334,3.9852,70.225
19.995,41.221,35.167,47.002,25.503,34.075,-2.7344,60.031,16.961,34.073,27.893,36.851,-9.2928,73.265,3.969,70.08
19.967,41.251,35.065,47.016,25.45,34.227,-2.8435,60.017,16.887,34.031,27.843,36.787,-9.2999,73.193,3.9534,69.93
19.937,41.278,34.962,47.027,25.395,34.377,-2.9523,60.001,16.812,33.986,27.793,36.721,-9.3068,73.119,3.9385,69.776
19.937,41.278,34.962,47.027,25.395,34.377,-2.9523,60.001,16.812,33.986,27.793,36.721,-9.3068,73.119,3.9385,69.776
19.906,41.304,34.858,47.035,25.34,34.524,-3.0607,59.981,16.736,33.939,27.741,36.653,-9.3134,73.041,3.9242,69.617
19.874,41.328,34.753,47.042,25.285,34.67,-3.1687,59.959,16.66,33.889,27.687,36.582,-9.3198,72.961,3.9107,69.453
19.84,41.35,34.648,47.045,25.228,34.815,-3.2764,59.933,16.583,33.838,27.633,36.508,-9.326,72.878,3.8977,69.284
19.84,41.35,34.648,47.045,25.228,34.815,-3.2764,59.933,16.583,33.838,27.633,36.508,-9.326,72.878,3.8977,69.284
19.806,41.37,34.542,47.047,25.171,34.957,-3.3836,59.905,16.505,33.784,27.578,36.432,-9.3318,72.792,3.8855,69.111
19.771,41.389,34.435,47.046,25.113,35.097,-3.4905,59.873,16.427,33.727,27.521,36.354,-9.3374,72.703,3.8739,68.933
19.734,41.405,34.327,47.042,25.054,35.235,-3.5969,59.838,16.348,33.669,27.464,36.273,-9.3427,72.611,3.8629,68.751
19.734,41.405,34.327,47.042,25.054,35.235,-3.5969,59.838,16.348,33.669,27.464,36.273,-9.3427,72.611,3.8629,68.751
19.697,41.419,34.218,47.036,24.995,35.372,-3.7029,59.8,16.268,33.608,27.405,36.19,-9.3477,72.517,3.8526,68.564
19.658,41.432,34.109,47.028,24.935,35.506,-3.8084,59.759,16.188,33.544,27.345,36.104,-9.3524,72.419,3.843,68.372
19.619,41.442,33.999,47.017,24.874,35.639,-3.9135,59.715,16.107,33.479,27.284,36.016,-9.3567,72.318,3.8341,68.175
19.578,41.45,33.888,47.004,24.812,35.77,-4.0181,59.668,16.025,33.411,27.222,35.925,-9.3608,72.215,3.8258,67.974
19.578,41.45,33.888,47.004,24.812,35.77,-4.0181,59.668,16.025,33.411,27.222,35.925,-9.3608,72.215,3.8258,67.974
19.536,41.457,33.776,46.988,24.75,35.898,-4.1222,59.618,15.943,33.34,27.159,35.832,-9.3645,72.109,3.8182,67.768
19.493,41.461,33.664,46.969,24.687,36.025,-4.2258,59.564,15.86,33.267,27.095,35.736,-9.3679,71.999,3.8113,67.558
19.449,41.464,33.551,46.948,24.623,36.149,-4.329,59.508,15.776,33.192,27.03,35.638,-9.3709,71.887,3.805,67.343
19.449,41.464,33.551,46.948,24.623,36.149,-4.329,59.508,15.776,33.192,27.03,35.638,-9.3709,71.887,3.805,67.343
19.404,41.464,33.437,46.925,24.559,36.272,-4.4316,59.448,15.692,33.115,26.964,35.537,-9.3735,71.772,3.7994,67.123
19.358,41.463,33.323,46.898,24.493,36.393,-4.5337,59.385,15.606,33.035,26.896,35.434,-9.3758,71.654,3.7945,66.899
19.311,41.459,33.208,46.87,24.427,36.511,-4.6352,59.319,15.521,32.953,26.828,35.328,-9.3777,71.533,3.7902,66.67
19.311,41.459,33.208,46.87,24.427,36.511,-4.6352,59.319,15.521,32.953,26.828,35.328,-9.3777,71.533,3.7902,66.67
19.263,41.454,33.092,46.838,24.36,36.628,-4.7362,59.25,15.434,32.868,26.759,35.22,-9.3793,71.409,3.7866,66.436
19.214,41.446,32.976,46.805,24.293,36.742,-4.8367,59.178,15.347,32.781,26.688,35.109,-9.3804,71.282,3.7836,66.198
19.163,41.437,32.859,46.768,24.224,36.854,-4.9365,59.102,15.26,32.691,26.617,34.995,-9.3811,71.152,3.7813,65.956
19.163,41.437,32.859,46.768,24.224,36.854,-4.9365,59.102,15.26,32.691,26.617,34.995,-9.3811,71.152,3.7813,65.956
19.112,41.425,32.742,46.729,24.155,36.964,-5.0358,59.024,15.171,32.6,26.544,34.879,-9.3815,71.019,3.7796,65.708
19.06,41.412,32.623,46.687,24.085,37.072,-5.1345,58.942,15.082,32.506,26.47,34.761,-9.3814,70.883,3.7787,65.457
19.006,41.396,32.505,46.643,24.015,37.178,-5.2326,58.857,14.993,32.409,26.396,34.64,-9.3808,70.745,3.7783,65.2
19.006,41.396,32.505,46.643,24.015,37.178,-5.2326,58.857,14.993,32.409,26.396,34.64,-9.3808,70.745,3.7783,65.2
18.952,41.378,32.385,46.596,23.943,37.282,-5.33,58.769,14.902,32.31,26.32,34.516,-9.3799,70.603,3.7786,64.94
18.896,41.359,32.265,46.546,23.871,37.384,-5.4269,58.678,14.811,32.209,26.243,34.39,-9.3785,70.458,3.7796,64.674
18.84,41.337,32.145,46.494,23.798,37.483,-5.5231,58.584,14.72,32.105,26.165,34.261,-9.3766,70.311,3.7811,64.404
18.782,41.313,32.024,46.439,23.724,37.581,-5.6186,58.486,14.628,31.999,26.087,34.129,-9.3743,70.16,3.7834,64.13
18.782,41.313,32.024,46.439,23.724,37.581,-5.6186,58.486,14.628,31.999,26.087,34.129,-9.3743,70.16,3.7834,64.13
18.723,41.287,31.902,46.381,23.65,37.676,-5.7135,58.385,14.535,31.891,26.007,33.995,-9.3715,70.007,3.7862,63.851
18.664,41.259,31.78,46.321,23.575,37.769,-5.8077,58.281,14.442,31.78,25.926,33.859,-9.3682,69.85,3.7897,63.568
18.603,41.229,31.657,46.258,23.498,37.86,-5.9012,58.174,14.348,31.667,25.844,33.72,-9.3644,69.691,3.7939,63.28
18.603,41.229,31.657,46.258,23.498,37.86,-5.9012,58.174,14.348,31.667,25.844,33.72,-9.3644,69.691,3.7939,63.28
18.541,41.197,31.534,46.192,23.422,37.948,-5.9941,58.064,14.253,31.551,25.762,33.578,-9.3601,69.529,3.7986,62.988
18.478,41.163,31.41,46.124,23.344,38.035,-6.0862,57.951,14.158,31.434,25.678,33.434,-9.3553,69.363,3.804,62.692
18.415,41.127,31.286,46.053,23.265,38.119,-6.1776,57.834,14.062,31.313,25.593,33.287,-9.35,69.195,3.81,62.391
18.35,41.089,31.161,45.979,23.186,38.201,-6.2683,57.715,13.966,31.191,25.508,33.138,-9.3442,69.024,3.8166,62.085
18.284,41.048,31.036,45.903,23.106,38.28,-6.3582,57.592,13.869,31.066,25.421,32.986,-9.3378,68.85,3.8238,61.776
18.284,41.048,31.036,45.903,23.106,38.28,-6.3582,57.592,13.869,31.066,25.421,32.986,-9.3378,68.85,3.8238,61.776
18.217,41.006,30.911,45.824,23.025,38.358,-6.4474,57.466,13.772,30.939,25.333,32.831,-9.3309,68.673,3.8317,61.462
18.149,40.961,30.785,45.742,22.944,38.433,-6.5359,57.337,13.674,30.809,25.245,32.674,-9.3235,68.493,3.8401,61.144
18.149,40.961,30.785,45.742,22.944,38.433,-6.5359,57.337,13.674,30.809,25.245,32.674,-9.3235,68.493,3.8401,61.144
18.081,40.915,30.658,45.657,22.861,38.506,-6.6235,57.205,13.575,30.677,25.155,32.514,-9.3155,68.31,3.8491,60.821
18.011,40.866,30.531,45.57,22.778,38.577,-6.7104,57.069,13.476,30.543,25.065,32.352,-9.3069,68.124,3.8588,60.494
17.94,40.815,30.404,45.48,22.694,38.645,-6.7965,56.931,13.376,30.406,24.973,32.188,-9.2977,67.935,3.869,60.163
17.94,40.815,30.404,45.48,22.694,38.645,-6.7965,56.931,13.376,30.406,24.973,32.188,-9.2977,67.935,3.869,60.163
17.868,40.762,30.277,45.387,22.609,38.711,-6.8818,56.789,13.276,30.267,24.881,32.02,-9.2879,67.743,3.8798,59.828
17.796,40.707,30.149,45.292,22.524,38.775,-6.9663,56.644,13.175,30.126,24.788,31.85,-9.2776,67.549,3.8912,59.489
17.722,40.65,30.02,45.193,22.437,38.837,-7.05,56.496,13.074,29.982,24.693,31.678,-9.2666,67.351,3.9031,59.145
17.648,40.591,29.891,45.092,22.35,38.896,-7.1328,56.345,12.972,29.836,24.598,31.503,-9.255,67.151,3.9157,58.798
17.648,40.591,29.891,45.092,22.35,38.896,-7.1328,56.345,12.972,29.836,24.598,31.503,-9.255,67.151,3.9157,58.798
17.572,40.53,29.762,44.989,22.262,38.953,-7.2148,56.191,12.869,29.688,24.502,31.326,-9.2428,66.947,3.9288,58.446
17.495,40.466,29.633,44.882,22.173,39.007,-7.2959,56.034,12.766,29.537,24.405,31.146,-9.23,66.741,3.9424,58.09
17.418,40.401,29.503,44.773,22.084,39.06,-7.3762,55.873,12.663,29.385,24.308,30.963,-9.2165,66.532,3.9566,57.73
17.418,40.401,29.503,44.773,22.084,39.06,-7.3762,55.873,12.663,29.385,24.308,30.963,-9.2165,66.532,3.9566,57.73
17.34,40.333,29.373,44.661,21.994,39.11,-7.4556,55.71,12.559,29.229,24.209,30.778,-9.2024,66.32,3.9714,57.366
17.26,40.264,29.243,44.546,21.902,39.157,-7.5341,55.543,12.455,29.072,24.109,30.591,-9.1876,66.105,3.9867,56.998
17.18,40.192,29.113,44.429,21.811,39.203,-7.6118,55.374,12.35,28.912,24.009,30.401,-9.1722,65.887,4.0026,56.626
17.099,40.118,28.982,44.309,21.718,39.246,-7.6885,55.201,12.244,28.75,23.907,30.209,-9.156,65.667,4.019,56.25
17.017,40.042,28.851,44.186,21.624,39.286,-7.7643,55.025,12.138,28.586,23.805,30.014,-9.1392,65.443,4.0359,55.87
17.017,40.042,28.851,44.186,21.624,39.286,-7.7643,55.025,12.138,28.586,23.805,30.014,-9.1392,65.443,4.0359,55.87
16.934,39.964,28.72,44.06,21.53,39.325,-7.8392,54.846,12.032,28.42,23.702,29.816,-9.1217,65.217,4.0533,55.486
16.85,39.884,28.588,43.932,21.435,39.361,-7.9131,54.664,11.925,28.251,23.598,29.616,-9.1035,64.987,4.0713,55.098
16.765,39.802,28.457,43.801,21.339,39.394,-7.9862,54.479,11.818,28.08,23.494,29.414,-9.0846,64.755,4.0898,54.707
16.765,39.802,28.457,43.801,21.339,39.394,-7.9862,54.479,11.818,28.08,23.494,29.414,-9.0846,64.755,4.0898,54.707
16.68,39.718,28.325,43.667,21.242,39.425,-8.0582,54.291,11.71,27.907,23.388,29.209,-9.0649,64.521,4.1088,54.311
16.593,39.632,28.193,43.53,21.145,39.454,-8.1294,54.1,11.602,27.732,23.282,29.002,-9.0446,64.283,4.1282,53.912
16.506,39.543,28.061,43.391,21.047,39.481,-8.1995,53.906,11.494,27.554,23.175,28.792,-9.0235,64.042,4.1482,53.509
16.506,39.543,28.061,43.391,21.047,39.481,-8.1995,53.906,11.494,27.554,23.175,28.792,-9.0235,64.042,4.1482,53.509
16.418,39.453,27.928,43.249,20.948,39.505,-8.2687,53.709,11.384,27.374,23.067,28.58,-9.0016,63.799,4.1687,53.102
16.329,39.36,27.796,43.104,20.848,39.527,-8.3368,53.509,11.275,27.192,22.958,28.366,-8.979,63.553,4.1896,52.692
16.239,39.265,27.663,42.957,20.747,39.546,-8.404,53.305,11.165,27.008,22.848,28.149,-8.9556,63.304,4.2111,52.278
16.148,39.169,27.53,42.807,20.646,39.563,-8.4702,53.099,11.055,26.822,22.738,27.929,-8.9315,63.052,4.233,51.86
16.148,39.169,27.53,42.807,20.646,39.563,-8.4702,53.099,11.055,26.822,22.738,27.929,-8.9315,63.052,4.233,51.86
16.056,39.07,27.398,42.654,20.544,39.578,-8.5354,52.89,10.944,26.633,22.627,27.708,-8.9065,62.798,4.2554,51.439
15.964,38.969,27.265,42.499,20.441,39.59,-8.5995,52.678,10.833,26.443,22.515,27.484,-8.8808,62.541,4.2782,51.014
15.964,38.969,27.265,42.499,20.441,39.59,-8.5995,52.678,10.833,26.443,22.515,27.484,-8.8808,62.541,4.2782,51.014
15.871,38.866,27.132,42.34,20.337,39.6,-8.6626,52.463,10.722,26.25,22.402,27.257,-8.8543,62.281,4.3015,50.586
15.777,38.761,26.999,42.18,20.233,39.608,-8.7247,52.245,10.61,26.055,22.289,27.028,-8.827,62.018,4.3252,50.154
15.682,38.654,26.866,42.016,20.128,39.613,-8.7857,52.024,10.498,25.858,22.175,26.797,-8.7988,61.753,4.3494,49.718
15.682,38.654,26.866,42.016,20.128,39.613,-8.7857,52.024,10.498,25.858,22.175,26.797,-8.7988,61.753,4.3494,49.718
15.586,38.546,26.732,41.85,20.022,39.616,-8.8457,51.801,10.385,25.659,22.06,26.564,-8.7699,61.484,4.3741,49.279
15.49,38.434,26.599,41.681,19.915,39.616,-8.9045,51.574,10.273,25.458,21.945,26.328,-8.7401,61.214,4.3991,48.837
15.393,38.321,26.466,41.509,19.807,39.614,-8.9624,51.345,10.159,25.255,21.828,26.09,-8.7094,60.94,4.4246,48.392
15.295,38.206,26.333,41.335,19.699,39.61,-9.0191,51.112,10.046,25.049,21.711,25.85,-8.678,60.664,4.4505,47.943
15.295,38.206,26.333,41.335,19.699,39.61,-9.0191,51.112,10.046,25.049,21.711,25.85,-8.678,60.664,4.4505,47.943
15.196,38.089,26.2,41.158,19.59,39.603,-9.0747,50.877,9.932,24.842,21.594,25.607,-8.6456,60.385,4.4768,47.49
15.097,37.97,26.067,40.979,19.48,39.594,-9.1293,50.639,9.8178,24.633,21.475,25.362,-8.6124,60.103,4.5035,47.035
14.996,37.849,25.934,40.797,19.37,39.582,-9.1827,50.398,9.7034,24.421,21.356,25.115,-8.5783,59.819,4.5307,46.576
14.996,37.849,25.934,40.797,19.37,39.582,-9.1827,50.398,9.7034,24.421,21.356,25.115,-8.5783,59.819,4.5307,46.576
14.896,37.726,25.8,40.612,19.258,39.569,-9.2351,50.154,9.5886,24.208,21.237,24.866,-8.5434,59.532,4.5582,46.114
14.794,37.601,25.667,40.425,19.146,39.552,-9.2863,49.907,9.4736,23.992,21.116,24.614,-8.5075,59.243,4.5861,45.649
14.692,37.474,25.535,40.235,19.033,39.534,-9.3363,49.658,9.3583,23.775,20.995,24.36,-8.4707,58.951,4.6144,45.181
14.589,37.345,25.402,40.042,18.92,39.513,-9.3853,49.406,9.2427,23.555,20.874,24.105,-8.4331,58.656,4.6431,44.709
14.589,37.345,25.402,40.042,18.92,39.513,-9.3853,49.406,9.2427,23.555,20.874,24.105,-8.4331,58.656,4.6431,44.709
14.485,37.214,25.269,39.847,18.805,39.489,-9.433,49.151,9.1269,23.334,20.751,23.846,-8.3945,58.359,4.6721,44.235
14.381,37.081,25.137,39.65,18.69,39.464,-9.4797,48.893,9.0108,23.11,20.628,23.586,-8.355,58.059,4.7015,43.757
14.276,36.946,25.004,39.45,18.575,39.436,-9.5251,48.633,8.8945,22.885,20.505,23.324,-8.3146,57.757,4.7313,43.277
14.276,36.946,25.004,39.45,18.575,39.436,-9.5251,48.633,8.8945,22.885,20.505,23.324,-8.3146,57.757,4.7313,43.277
14.17,36.809,24.872,39.247,18.458,39.405,-9.5694,48.37,8.7779,22.658,20.381,23.059,-8.2732,57.452,4.7614,42.793
14.063,36.67,24.74,39.042,18.341,39.373,-9.6126,48.104,8.6612,22.429,20.256,22.793,-8.2309,57.145,4.7919,42.307
13.957,36.529,24.608,38.834,18.223,39.337,-9.6545,47.835,8.5442,22.198,20.131,22.524,-8.1876,56.835,4.8227,41.818
13.957,36.529,24.608,38.834,18.223,39.337,-9.6545,47.835,8.5442,22.198,20.131,22.524,-8.1876,56.835,4.8227,41.818
13.849,36.386,24.476,38.624,18.104,39.3,-9.6953,47.564,8.427,21.965,20.005,22.253,-8.1434,56.522,4.8539,41.326
13.741,36.242,24.344,38.411,17.985,39.26,-9.7348,47.291,8.3097,21.73,19.879,21.981,-8.0981,56.208,4.8854,40.831
13.632,36.095,24.213,38.196,17.864,39.218,-9.7732,47.014,8.1921,21.493,19.752,21.706,-8.052,55.89,4.9172,40.334
13.632,36.095,24.213,38.196,17.864,39.218,-9.7732,47.014,8.1921,21.493,19.752,21.706,-8.052,55.89,4.9172,40.334
13.522,35.947,24.082,37.978,17.744,39.174,-9.8103,46.735,8.0744,21.255,19.624,21.429,-8.0048,55.57,4.9493,39.834
13.412,35.796,23.951,37.758,17.622,39.127,-9.8463,46.453,7.9565,21.014,19.496,21.15,-7.9566,55.248,4.9818,39.331
13.302,35.644,23.82,37.536,17.5,39.078,-9.881,46.169,7.8385,20.772,19.367,20.869,-7.9074,54.924,5.0145,38.825
13.191,35.49,23.689,37.311,17.377,39.026,-9.9145,45.883,7.7203,20.528,19.238,20.586,-7.8572,54.596,5.0476,38.317
13.191,35.49,23.689,37.311,17.377,39.026,-9.9145,45.883,7.7203,20.528,19.238,20.586,-7.8572,54.596,5.0476,38.317
13.079,35.334,23.559,37.083,17.253,38.972,-9.9467,45.593,7.602,20.283,19.109,20.302,-7.806,54.267,5.0809,37.806
12.967,35.176,23.429,36.854,17.129,38.916,-9.9777,45.301,7.4836,20.035,18.979,20.015,-7.7538,53.935,5.1146,37.293
12.967,35.176,23.429,36.854,17.129,38.916,-9.9777,45.301,7.4836,20.035,18.979,20.015,-7.7538,53.935,5.1146,37.293
12.854,35.017,23.3,36.622,17.003,38.858,-10.007,45.007,7.3651,19.786,18.848,19.727,-7.7006,53.601,5.1485,36.777
12.74,34.855,23.17,36.387,16.878,38.797,-10.036,44.71,7.2464,19.535,18.717,19.436,-7.6463,53.265,5.1827,36.259
12.627,34.692,23.041,36.15,16.751,38.734,-10.063,44.411,7.1277,19.282,18.586,19.144,-7.5909,52.926,5.2172,35.739
12.512,34.527,22.913,35.911,16.624,38.669,-10.089,44.109,7.0089,19.028,18.454,18.85,-7.5345,52.585,5.252,35.216
12.512,34.527,22.913,35.911,16.624,38.669,-10.089,44.109,7.0089,19.028,18.454,18.85,-7.5345,52.585,5.252,35.216
12.397,34.36,22.784,35.67,16.496,38.601,-10.114,43.805,6.89,18.772,18.322,18.554,-7.4771,52.241,5.287,34.69
12.282,34.191,22.656,35.426,16.368,38.531,-10.137,43.499,6.7711,18.514,18.189,18.256,-7.4185,51.896,5.3223,34.163
12.166,34.021,22.528,35.18,16.239,38.459,-10.16,43.19,6.6521,18.255,18.056,17.957,-7.3589,51.548,5.3578,33.633
12.166,34.021,22.528,35.18,16.239,38.459,-10.16,43.19,6.6521,18.255,18.056,17.957,-7.3589,51.548,5.3578,33.633
12.05,33.849,22.401,34.932,16.109,38.385,-10.18,42.878,6.5331,17.994,17.922,17.655,-7.2983,51.197,5.3936,33.101
11.933,33.675,22.274,34.681,15.978,38.308,-10.2,42.565,6.4141,17.731,17.788,17.352,-7.2365,50.845,5.4296,32.567
11.816,33.499,22.148,34.429,15.847,38.229,-10.218,42.249,6.295,17.467,17.654,17.048,-7.1736,50.491,5.4659,32.031
11.698,33.321,22.021,34.174,15.715,38.148,-10.235,41.93,6.176,17.201,17.519,16.741,-7.1097,50.134,5.5024,31.493
11.698,33.321,22.021,34.174,15.715,38.148,-10.235,41.93,6.176,17.201,17.519,16.741,-7.1097,50.134,5.5024,31.493
11.58,33.142,21.896,33.917,15.583,38.065,-10.251,41.61,6.0569,16.934,17.384,16.433,-7.0446,49.775,5.5392,30.952
11.462,32.961,21.77,33.658,15.45,37.979,-10.265,41.287,5.9378,16.665,17.249,16.123,-6.9784,49.414,5.5761,30.41
11.343,32.779,21.646,33.396,15.316,37.892,-10.278,40.962,5.8188,16.395,17.113,15.812,-6.9111,49.051,5.6133,29.866
11.343,32.779,21.646,33.396,15.316,37.892,-10.278,40.962,5.8188,16.395,17.113,15.812,-6.9111,49.051,5.6133,29.866
11.224,32.595,21.521,33.133,15.182,37.802,-10.29,40.635,5.6998,16.123,16.977,15.499,-6.8426,48.685,5.6507,29.319
11.105,32.409,21.397,32.867,15.047,37.709,-10.301,40.305,5.5809,15.849,16.84,15.184,-6.7731,48.318,5.6883,28.771
10.985,32.221,21.274,32.599,14.911,37.615,-10.31,39.974,5.462,15.574,16.704,14.868,-6.7024,47.949,5.7261,28.221
10.864,32.032,21.151,32.33,14.775,37.519,-10.317,39.64,5.3432,15.298,16.567,14.55,-6.6305,47.577,5.7641,27.67
10.864,32.032,21.151,32.33,14.775,37.519,-10.317,39.64,5.3432,15.298,16.567,14.55,-6.6305,47.577,5.7641,27.67
10.744,31.841,21.028,32.058,14.638,37.42,-10.324,39.304,5.2245,15.02,16.429,14.231,-6.5575,47.204,5.8023,27.116
10.623,31.649,20.906,31.784,14.5,37.319,-10.329,38.966,5.1059,14.741,16.292,13.911,-6.4833,46.828,5.8407,26.561
10.502,31.455,20.785,31.508,14.362,37.216,-10.333,38.626,4.9873,14.46,16.154,13.588,-6.408,46.451,5.8793,26.004
10.502,31.455,20.785,31.508,14.362,37.216,-10.333,38.626,4.9873,14.46,16.154,13.588,-6.408,46.451,5.8793,26.004
10.38,31.259,20.663,31.231,14.224,37.111,-10.335,38.284,4.8689,14.178,16.016,13.265,-6.3315,46.071,5.9181,25.446
10.258,31.062,20.543,30.951,14.084,37.003,-10.336,37.939,4.7506,13.895,15.878,12.94,-6.2538,45.69,5.957,24.885
10.258,31.062,20.543,30.951,14.084,37.003,-10.336,37.939,4.7506,13.895,15.878,12.94,-6.2538,45.69,5.957,24.885
10.136,30.863,20.423,30.669,13.944,36.894,-10.336,37.593,4.6324,13.61,15.739,12.613,-6.1749,45.306,5.9962,24.324
10.014,30.663,20.304,30.386,13.804,36.782,-10.334,37.245,4.5144,13.324,15.601,12.286,-6.0949,44.921,6.0355,23.761
9.8914,30.461,20.185,30.1,13.663,36.669,-10.331,36.895,4.3965,13.037,15.462,11.956,-6.0137,44.534,6.0749,23.196
9.7685,30.257,20.066,29.813,13.521,36.553,-10.327,36.543,4.2788,12.748,15.323,11.626,-5.9312,44.145,6.1146,22.63
9.6455,30.052,19.949,29.524,13.379,36.435,-10.321,36.189,4.1613,12.458,15.184,11.294,-5.8476,43.754,6.1544,22.063
9.6455,30.052,19.949,29.524,13.379,36.435,-10.321,36.189,4.1613,12.458,15.184,11.294,-5.8476,43.754,6.1544,22.063
9.5222,29.846,19.832,29.233,13.236,36.315,-10.314,35.833,4.044,12.167,15.044,10.961,-5.7628,43.361,6.1943,21.494
9.3986,29.638,19.715,28.94,13.093,36.193,-10.306,35.475,3.9269,11.874,14.905,10.627,-5.6767,42.967,6.2344,20.924
9.3986,29.638,19.715,28.94,13.093,36.193,-10.306,35.475,3.9269,11.874,14.905,10.627,-5.6767,42.967,6.2344,20.924
9.2749,29.429,19.599,28.645,12.949,36.069,-10.296,35.115,3.8099,11.581,14.765,10.291,-5.5894,42.57,6.2747,20.353
9.151,29.218,19.484,28.349,12.805,35.943,-10.285,34.754,3.6932,11.286,14.625,9.9544,-5.5009,42.172,6.3151,19.78
9.027,29.006,19.369,28.051,12.66,35.815,-10.272,34.39,3.5768,10.99,14.485,9.6165,-5.4112,41.773,6.3556,19.207
8.9027,28.792,19.255,27.751,12.515,35.685,-10.258,34.025,3.4605,10.693,14.345,9.2774,-5.3203,41.371,6.3963,18.632
8.9027,28.792,19.255,27.751,12.515,35.685,-10.258,34.025,3.4605,10.693,14.345,9.2774,-5.3203,41.371,6.3963,18.632
8.7784,28.577,19.142,27.45,12.369,35.552,-10.243,33.658,3.3446,10.394,14.205,8.9372,-5.2281,40.968,6.4371,18.056
8.6538,28.361,19.029,27.147,12.222,35.418,-10.226,33.29,3.2289,10.095,14.065,8.5958,-5.1347,40.563,6.4781,17.479
8.5292,28.143,18.917,26.842,12.075,35.282,-10.208,32.92,3.1134,9.794,13.925,8.2534,-5.04,40.156,6.5192,16.901
8.4044,27.924,18.805,26.536,11.927,35.144,-10.189,32.548,2.9983,9.4923,13.785,7.91,-4.9441,39.748,6.5604,16.322
8.4044,27.924,18.805,26.536,11.927,35.144,-10.189,32.548,2.9983,9.4923,13.785,7.91,-4.9441,39.748,6.5604,16.322
8.2796,27.704,18.695,26.228,11.779,35.004,-10.168,32.174,2.8835,9.1896,13.644,7.5655,-4.8469,39.338,6.6017,15.742
8.1546,27.482,18.584,25.919,11.631,34.862,-10.146,31.799,2.7689,8.8857,13.504,7.22,-4.7485,38.927,6.6432,15.162
8.0295,27.259,18.475,25.608,11.482,34.718,-10.122,31.422,2.6547,8.5809,13.364,6.8735,-4.6488,38.514,6.6847,14.58
8.0295,27.259,18.475,25.608,11.482,34.718,-10.122,31.422,2.6547,8.5809,13.364,6.8735,-4.6488,38.514,6.6847,14.58
7.9044,27.034,18.366,25.295,11.332,34.572,-10.097,31.044,2.5408,8.275,13.223,6.5261,-4.5479,38.099,6.7264,13.998
7.7793,26.809,18.258,24.981,11.182,34.424,-10.071,30.664,2.4273,7.9682,13.083,6.1777,-4.4456,37.683,6.7682,13.415
7.654,26.582,18.151,24.666,11.032,34.274,-10.043,30.282,2.3141,7.6604,12.943,5.8285,-4.3422,37.266,6.8101,12.831
7.654,26.582,18.151,24.666,11.032,34.274,-10.043,30.282,2.3141,7.6604,12.943,5.8285,-4.3422,37.266,6.8101,12.831
7.5288,26.354,18.044,24.349,10.881,34.123,-10.014,29.899,2.2012,7.3516,12.803,5.4783,-4.2374,36.847,6.8522,12.246
7.4035,26.124,17.939,24.031,10.729,33.969,-9.983,29.515,2.0888,7.0419,12.662,5.1273,-4.1314,36.426,6.8943,11.661
7.2782,25.894,17.834,23.711,10.577,33.814,-9.9511,29.129,1.9767,6.7313,12.522,4.7755,-4.0241,36.004,6.9365,11.075
7.2782,25.894,17.834,23.711,10.577,33.814,-9.9511,29.129,1.9767,6.7313,12.522,4.7755,-4.0241,36.004,6.9365,11.075
7.1529,25.662,17.729,23.39,10.425,33.657,-9.9177,28.742,1.865,6.4198,12.382,4.4229,-3.9155,35.581,6.9789,10.489
7.0276,25.429,17.626,23.068,10.272,33.498,-9.883,28.353,1.7538,6.1074,12.242,4.0696,-3.8056,35.156,7.0213,9.9021
6.9023,25.195,17.523,22.744,10.119,33.337,-9.8469,27.963,1.6429,5.7941,12.102,3.7154,-3.6944,34.73,7.0638,9.3147
6.777,24.959,17.421,22.419,9.965,33.175,-9.8094,27.571,1.5325,5.4801,11.963,3.3606,-3.5819,34.302,7.1064,8.7269
6.777,24.959,17.421,22.419,9.965,33.175,-9.8094,27.571,1.5325,5.4801,11.963,3.3606,-3.5819,34.302,7.1064,8.7269
6.6518,24.723,17.319,22.093,9.8109,33.01,-9.7706,27.178,1.4225,5.1652,11.823,3.0051,-3.4682,33.874,7.1492,8.1387
6.5267,24.485,17.219,21.766,9.6563,32.844,-9.7303,26.784,1.3129,4.8495,11.683,2.6489,-3.3531,33.444,7.192,7.5502
6.4016,24.247,17.119,21.437,9.5014,32.676,-9.6887,26.389,1.2038,4.533,11.544,2.292,-3.2368,33.012,7.2349,6.9613
6.4016,24.247,17.119,21.437,9.5014,32.676,-9.6887,26.389,1.2038,4.533,11.544,2.292,-3.2368,33.012,7.2349,6.9613
6.2766,24.007,17.02,21.107,9.346,32.506,-9.6456,25.992,1.0952,4.2158,11.405,1.9346,-3.1192,32.579,7.2778,6.3722
6.1516,23.766,16.922,20.776,9.1902,32.335,-9.6012,25.595,0.98706,3.8978,11.266,1.5765,-3.0002,32.146,7.3209,5.7827
6.0268,23.524,16.825,20.444,9.034,32.162,-9.5554,25.196,0.8794,3.5791,11.127,1.2179,-2.88,31.711,7.3641,5.1931
5.902,23.281,16.728,20.111,8.8775,31.987,-9.5082,24.795,0.77223,3.2597,10.988,0.85876,-2.7584,31.274,7.4073,4.6033
5.902,23.281,16.728,20.111,8.8775,31.987,-9.5082,24.795,0.77223,3.2597,10.988,0.85876,-2.7584,31.274,7.4073,4.6033
5.7774,23.037,16.632,19.777,8.7205,31.81,-9.4597,24.394,0.66558,2.9397,10.85,0.4991,-2.6355,30.837,7.4506,4.0134
5.6529,22.792,16.537,19.442,8.5632,31.632,-9.4097,23.992,0.55944,2.6189,10.712,0.13896,-2.5114,30.398,7.494,3.4234
5.5285,22.546,16.443,19.106,8.4055,31.452,-9.3584,23.588,0.45383,2.2976,10.574,-0.22164,-2.3859,29.959,7.5375,2.8334
5.5285,22.546,16.443,19.106,8.4055,31.452,-9.3584,23.588,0.45383,2.2976,10.574,-0.22164,-2.3859,29.959,7.5375,2.8334
5.4043,22.3,16.35,18.769,8.2474,31.27,-9.3057,23.184,0.34875,1.9756,10.436,-0.58267,-2.2591,29.518,7.5811,2.2433
5.2803,22.052,16.258,18.43,8.089,31.087,-9.2517,22.778,0.24423,1.653,10.299,-0.94411,-2.131,29.076,7.6247,1.6532
5.1564,21.803,16.166,18.091,7.9302,30.902,-9.1963,22.371,0.14026,1.3298,10.162,-1.3059,-2.0016,28.633,7.6684,1.0632
5.0327,21.553,16.075,17.751,7.7711,30.716,-9.1395,21.964,0.036859,1.0061,10.025,-1.6681,-1.8709,28.189,7.7122,0.47336
5.0327,21.553,16.075,17.751,7.7711,30.716,-9.1395,21.964,0.036859,1.0061,10.025,-1.6681,-1.8709,28.189,7.7122,0.47336
4.9091,21.303,15.986,17.411,7.6117,30.528,-9.0813,21.555,-0.065966,0.68178,9.8884,-2.0306,-1.7388,27.744,7.756,-0.1164
4.7858,21.051,15.897,17.069,7.4519,30.338,-9.0218,21.146,-0.16821,0.35697,9.7521,-2.3934,-1.6055,27.298,7.8,-0.70599
4.6627,20.799,15.808,16.726,7.2918,30.147,-8.9609,20.735,-0.26985,0.031657,9.6162,-2.7565,-1.4708,26.851,7.844,-1.2954
4.5398,20.546,15.721,16.383,7.1314,29.954,-8.8987,20.324,-0.37089,-0.29414,9.4807,-3.1198,-1.3348,26.403,7.888,-1.8845
4.5398,20.546,15.721,16.383,7.1314,29.954,-8.8987,20.324,-0.37089,-0.29414,9.4807,-3.1198,-1.3348,26.403,7.888,-1.8845
4.4171,20.292,15.635,16.039,6.9706,29.76,-8.8351,19.912,-0.47131,-0.62041,9.3455,-3.4833,-1.1975,25.955,7.9322,-2.4733
4.2947,20.037,15.549,15.694,6.8096,29.564,-8.7702,19.499,-0.57112,-0.94712,9.2106,-3.8471,-1.0589,25.505,7.9764,-3.0619
4.2947,20.037,15.549,15.694,6.8096,29.564,-8.7702,19.499,-0.57112,-0.94712,9.2106,-3.8471,-1.0589,25.505,7.9764,-3.0619
4.1725,19.781,15.465,15.349,6.6483,29.366,-8.7039,19.085,-0.67029,-1.2743,9.0762,-4.211,-0.91902,25.054,8.0206,-3.6501
4.0505,19.525,15.381,15.003,6.4867,29.168,-8.6362,18.67,-0.76881,-1.6018,8.9421,-4.5751,-0.77779,24.603,8.065,-4.2378
3.9289,19.268,15.298,14.656,6.3248,28.967,-8.5673,18.255,-0.86669,-1.9298,8.8084,-4.9393,-0.63524,24.151,8.1094,-4.8252
3.8075,19.01,15.216,14.308,6.1626,28.766,-8.4969,17.839,-0.96391,-2.2581,8.6752,-5.3035,-0.49139,23.698,8.1538,-5.4121
3.6864,18.751,15.135,13.96,6.0002,28.562,-8.4253,17.422,-1.0605,-2.5867,8.5423,-5.6679,-0.34622,23.244,8.1984,-5.9985
3.6864,18.751,15.135,13.96,6.0002,28.562,-8.4253,17.422,-1.0605,-2.5867,8.5423,-5.6679,-0.34622,23.244,8.1984,-5.9985
3.5655,18.492,15.055,13.611,5.8375,28.358,-8.3523,17.005,-1.1563,-2.9157,8.41,-6.0323,-0.19974,22.79,8.243,-6.5844
3.445,18.231,14.976,13.262,5.6745,28.152,-8.278,16.587,-1.2515,-3.2451,8.278,-6.3967,-0.051954,22.335,8.2877,-7.1697
3.445,18.231,14.976,13.262,5.6745,28.152,-8.278,16.587,-1.2515,-3.2451,8.278,-6.3967,-0.051954,22.335,8.2877,-7.1697
3.3248,17.971,14.897,12.913,5.5113,27.944,-8.2024,16.168,-1.346,-3.5747,8.1466,-6.7611,0.09714,21.879,8.3324,-7.7544
3.2049,17.709,14.82,12.562,5.3479,27.735,-8.1255,15.749,-1.4398,-3.9046,8.0156,-7.1255,0.24754,21.422,8.3772,-8.3384
3.0853,17.447,14.744,12.212,5.1842,27.525,-8.0472,15.329,-1.5329,-4.2347,7.885,-7.4898,0.39924,20.965,8.422,-8.9218
3.0853,17.447,14.744,12.212,5.1842,27.525,-8.0472,15.329,-1.5329,-4.2347,7.885,-7.4898,0.39924,20.965,8.422,-8.9218
2.9661,17.184,14.668,11.861,5.0203,27.314,-7.9677,14.908,-1.6252,-4.5651,7.755,-7.854,0.55225,20.507,8.467,-9.5045
2.8472,16.921,14.593,11.509,4.8562,27.101,-7.8868,14.488,-1.7169,-4.8957,7.6255,-8.2182,0.70656,20.048,8.512,-10.086
2.7286,16.657,14.52,11.157,4.6919,26.887,-7.8046,14.066,-1.8078,-5.2265,7.4966,-8.5821,0.86216,19.589,8.557,-10.668
2.6105,16.393,14.447,10.805,4.5274,26.671,-7.7212,13.644,-1.8979,-5.5575,7.3681,-8.946,1.0191,19.13,8.6021,-11.248
2.4927,16.127,14.375,10.452,4.3627,26.454,-7.6364,13.222,-1.9873,-5.8887,7.2402,-9.3096,1.1773,18.67,8.6473,-11.828
2.4927,16.127,14.375,10.452,4.3627,26.454,-7.6364,13.222,-1.9873,-5.8887,7.2402,-9.3096,1.1773,18.67,8.6473,-11.828
2.3752,15.862,14.304,10.099,4.1978,26.236,-7.5504,12.799,-2.076,-6.22,7.1129,-9.6731,1.3368,18.209,8.6925,-12.406
2.2582,15.596,14.234,9.7461,4.0327,26.017,-7.4631,12.376,-2.1638,-6.5514,6.9861,-10.036,1.4975,17.748,8.7378,-12.984
2.2582,15.596,14.234,9.7461,4.0327,26.017,-7.4631,12.376,-2.1638,-6.5514,6.9861,-10.036,1.4975,17.748,8.7378,-12.984
2.1415,15.329,14.165,9.3926,3.8674,25.797,-7.3745,11.952,-2.2509,-6.883,6.8599,-10.399,1.6596,17.286,8.7832,-13.561
2.0252,15.062,14.097,9.0389,3.702,25.575,-7.2846,11.528,-2.3372,-7.2146,6.7344,-10.762,1.8229,16.824,8.8286,-14.137
1.9094,14.794,14.03,8.6851,3.5364,25.352,-7.1935,11.104,-2.4228,-7.5463,6.6094,-11.124,1.9876,16.361,8.8741,-14.712
1.7939,14.526,13.964,8.331,3.3707,25.128,-7.1011,10.68,-2.5075,-7.8781,6.485,-11.486,2.1535,15.898,8.9196,-15.285
1.7939,14.526,13.964,8.331,3.3707,25.128,-7.1011,10.68,-2.5075,-7.8781,6.485,-11.486,2.1535,15.898,8.9196,-15.285
1.6789,14.257,13.899,7.9768,3.2048,24.902,-7.0075,10.255,-2.5914,-8.2099,6.3613,-11.848,2.3206,15.435,8.9652,-15.858
1.5643,13.988,13.834,7.6224,3.0388,24.676,-6.9126,9.83,-2.6745,-8.5418,6.2382,-12.209,2.4891,14.971,9.0109,-16.43
1.4502,13.718,13.771,7.268,2.8726,24.448,-6.8165,9.4048,-2.7568,-8.8736,6.1157,-12.57,2.6588,14.507,9.0566,-17.001
1.4502,13.718,13.771,7.268,2.8726,24.448,-6.8165,9.4048,-2.7568,-8.8736,6.1157,-12.57,2.6588,14.507,9.0566,-17.001
1.3364,13.448,13.709,6.9135,2.7063,24.22,-6.7192,8.9793,-2.8383,-9.2054,5.994,-12.931,2.8297,14.043,9.1024,-17.57
1.2232,13.178,13.647,6.559,2.5399,23.99,-6.6206,8.5537,-2.9189,-9.5373,5.8729,-13.291,3.002,13.578,9.1483,-18.138
1.1104,12.907,13.587,6.2044,2.3734,23.759,-6.5208,8.128,-2.9987,-9.869,5.7524,-13.65,3.1754,13.114,9.1942,-18.705
1.1104,12.907,13.587,6.2044,2.3734,23.759,-6.5208,8.128,-2.9987,-9.869,5.7524,-13.65,3.1754,13.114,9.1942,-18.705
0.998,12.636,13.527,5.8498,2.2068,23.527,-6.4198,7.7021,-3.0777,-10.201,5.6327,-14.009,3.3502,12.648,9.2401,-19.271
0.88612,12.365,13.469,5.4953,2.0401,23.294,-6.3176,7.2761,-3.1558,-10.532,5.5137,-14.368,3.5261,12.183,9.2862,-19.836
0.7747,12.093,13.411,5.1408,1.8734,23.059,-6.2142,6.85,-3.233,-10.864,5.3954,-14.726,3.7034,11.717,9.3323,-20.399
0.7747,12.093,13.411,5.1408,1.8734,23.059,-6.2142,6.85,-3.233,-10.864,5.3954,-14.726,3.7034,11.717,9.3323,-20.399
0.66376,11.821,13.354,4.7864,1.7065,22.824,-6.1096,6.4239,-3.3094,-11.195,5.2778,-15.084,3.8818,11.252,9.3784,-20.961
0.55331,11.548,13.299,4.4321,1.5396,22.588,-6.0038,5.9978,-3.3849,-11.526,5.161,-15.44,4.0615,10.786,9.4247,-21.521
0.44335,11.276,13.244,4.0779,1.3726,22.351,-5.8968,5.5716,-3.4595,-11.858,5.0449,-15.797,4.2424,10.32,9.4709,-22.081
0.33389,11.003,13.19,3.7239,1.2055,22.113,-5.7887,5.1455,-3.5332,-12.189,4.9295,-16.152,4.4245,9.8537,9.5173,-22.638
0.33389,11.003,13.19,3.7239,1.2055,22.113,-5.7887,5.1455,-3.5332,-12.189,4.9295,-16.152,4.4245,9.8537,9.5173,-22.638
