0.774,-0.4689,0.5663,-0.3847,1.1005,0.8395,0.7359,-0.9014,0.7522,-0.1326,-0.0649,-0.6293,-1.3336,-0.8686,1.536,0.3738
0.774,-0.4689,0.5663,-0.3847,1.1005,0.8395,0.7359,-0.9014,0.7522,-0.1326,-0.0649,-0.6293,-1.3336,-0.8686,1.536,0.3738
0.7658,-0.477,0.5486,-0.3913,1.1005,0.8395,0.7211,-0.9067,0.7463,-0.1348,-0.0459,-0.636,-1.3336,-0.8686,1.5271,0.3706
0.7658,-0.477,0.5486,-0.3913,1.1005,0.8395,0.7211,-0.9067,0.7463,-0.1348,-0.0459,-0.636,-1.3336,-0.8686,1.5271,0.3706
0.7395,-0.4787,0.523,-0.3974,1.0818,0.8338,0.7038,-0.9218,0.7345,-0.1392,-0.0571,-0.6405,-1.4038,-0.8603,1.5152,0.3558
0.7395,-0.4787,0.523,-0.3974,1.0818,0.8338,0.7038,-0.9218,0.7345,-0.1392,-0.0571,-0.6405,-1.4038,-0.8603,1.5152,0.3558
0.7223,-0.4835,0.4955,-0.4005,1.0875,0.8256,0.689,-0.9271,0.7167,-0.1459,-0.0494,-0.6518,-1.4388,-0.8562,1.4829,0.3546
0.7223,-0.4835,0.4955,-0.4005,1.0875,0.8256,0.689,-0.9271,0.7167,-0.1459,-0.0494,-0.6518,-1.4388,-0.8562,1.4829,0.3546
0.7108,-0.4868,0.471,-0.4026,1.0781,0.8228,0.6817,-0.9298,0.6892,-0.1491,-0.0606,-0.6563,-1.4798,-0.8664,1.4534,0.3334
0.7108,-0.4868,0.471,-0.4026,1.0781,0.8228,0.6817,-0.9298,0.6892,-0.1491,-0.0606,-0.6563,-1.4798,-0.8664,1.4534,0.3334
0.6936,-0.4917,0.4534,-0.4093,1.065,0.8089,0.6547,-0.9308,0.6715,-0.1558,-0.0756,-0.6552,-1.4647,-0.8882,1.4474,0.3104
0.6936,-0.4917,0.4534,-0.4093,1.065,0.8089,0.6547,-0.9308,0.6715,-0.1558,-0.0756,-0.6552,-1.4647,-0.8882,1.4474,0.3104
0.6789,-0.4901,0.4466,-0.4155,1.0557,0.8061,0.6474,-0.9335,0.644,-0.159,-0.083,-0.6653,-1.4558,-0.9241,1.4122,0.2977
0.6789,-0.4901,0.4466,-0.4155,1.0557,0.8061,0.6474,-0.9335,0.644,-0.159,-0.083,-0.6653,-1.4558,-0.9241,1.4122,0.2977
0.6731,-0.4917,0.4446,-0.4233,1.0463,0.8032,0.6352,-0.9292,0.6381,-0.1612,-0.083,-0.6653,-1.4346,-0.9316,1.4035,0.2945
0.6731,-0.4917,0.4446,-0.4233,1.0463,0.8032,0.6352,-0.9292,0.6381,-0.1612,-0.083,-0.6653,-1.4346,-0.9316,1.4035,0.2945
0.6527,-0.4918,0.428,-0.426,1.0277,0.7976,0.6205,-0.9345,0.6225,-0.16,-0.0886,-0.6675,-1.4558,-0.9241,1.3657,0.3016
0.6527,-0.4918,0.428,-0.426,1.0277,0.7976,0.6205,-0.9345,0.6225,-0.16,-0.0886,-0.6675,-1.4558,-0.9241,1.3657,0.3016
0.6527,-0.4918,0.428,-0.426,1.0277,0.7976,0.6205,-0.9345,0.6225,-0.16,-0.0886,-0.6675,-1.4558,-0.9241,1.3657,0.3016
0.6446,-0.4998,0.4163,-0.4305,1.0034,0.8,0.6058,-0.9399,0.6205,-0.1679,-0.0942,-0.6697,-1.4558,-0.9241,1.3279,0.3086
0.6446,-0.4998,0.4163,-0.4305,1.0034,0.8,0.6058,-0.9399,0.6205,-0.1679,-0.0942,-0.6697,-1.4558,-0.9241,1.3279,0.3086
0.6218,-0.5063,0.389,-0.4336,0.9699,0.7996,0.5716,-0.9436,0.6245,-0.1735,-0.0942,-0.6697,-1.4346,-0.9316,1.3047,0.3106
0.6218,-0.5063,0.389,-0.4336,0.9699,0.7996,0.5716,-0.9436,0.6245,-0.1735,-0.0942,-0.6697,-1.4346,-0.9316,1.3047,0.3106
0.5584,-0.5129,0.3229,-0.4444,0.9235,0.7853,0.5036,-0.9511,0.6108,-0.1859,-0.1242,-0.6676,-1.4633,-0.9133,1.3248,0.266
0.5584,-0.5129,0.3229,-0.4444,0.9235,0.7853,0.5036,-0.9511,0.6108,-0.1859,-0.1242,-0.6676,-1.4633,-0.9133,1.3248,0.266
0.5121,-0.5147,0.2774,-0.4475,0.8958,0.7768,0.4745,-0.9617,0.5698,-0.1799,-0.1543,-0.6654,-1.477,-0.9166,1.3131,0.2514
0.5121,-0.5147,0.2774,-0.4475,0.8958,0.7768,0.4745,-0.9617,0.5698,-0.1799,-0.1543,-0.6654,-1.477,-0.9166,1.3131,0.2514
0.5121,-0.5147,0.2774,-0.4475,0.8958,0.7768,0.4745,-0.9617,0.5698,-0.1799,-0.1543,-0.6654,-1.477,-0.9166,1.3131,0.2514
0.4637,-0.5229,0.2311,-0.4545,0.8737,0.7602,0.4262,-0.9708,0.5425,-0.1831,-0.171,-0.6721,-1.5117,-0.9125,1.3014,0.2368
0.4637,-0.5229,0.2311,-0.4545,0.8737,0.7602,0.4262,-0.9708,0.5425,-0.1831,-0.171,-0.6721,-1.5117,-0.9125,1.3014,0.2368
0.4154,-0.5311,0.1849,-0.4616,0.8313,0.7569,0.3612,-0.9687,0.5094,-0.1886,-0.1838,-0.6844,-1.5178,-0.9267,1.284,0.2305
0.3795,-0.5472,0.1331,-0.4708,0.7945,0.7456,0.3061,-0.9805,0.4609,-0.1928,-0.206,-0.6934,-1.5586,-0.9368,1.2292,0.2312
0.3795,-0.5472,0.1331,-0.4708,0.7945,0.7456,0.3061,-0.9805,0.4609,-0.1928,-0.206,-0.6934,-1.5586,-0.9368,1.2292,0.2312
0.3427,-0.5522,0.0805,-0.4734,0.7615,0.7451,0.2822,-0.9981,0.428,-0.1982,-0.2226,-0.7001,-1.6067,-0.9361,1.1975,0.23
0.3427,-0.5522,0.0805,-0.4734,0.7615,0.7451,0.2822,-0.9981,0.428,-0.1982,-0.2226,-0.7001,-1.6067,-0.9361,1.1975,0.23
0.3059,-0.5572,0.03,-0.4787,0.7138,0.7498,0.2416,-1.0045,0.3895,-0.2058,-0.2541,-0.7057,-1.6472,-0.9462,1.1573,0.2256
0.3059,-0.5572,0.03,-0.4787,0.7138,0.7498,0.2416,-1.0045,0.3895,-0.2058,-0.2541,-0.7057,-1.6472,-0.9462,1.1573,0.2256
0.3059,-0.5572,0.03,-0.4787,0.7138,0.7498,0.2416,-1.0045,0.3895,-0.2058,-0.2541,-0.7057,-1.6472,-0.9462,1.1573,0.2256
0.2637,-0.5638,-0.0203,-0.4841,0.6718,0.7465,0.1941,-1.0136,0.3625,-0.2091,-0.2784,-0.7014,-1.6398,-0.957,1.1401,0.2193
0.2637,-0.5638,-0.0203,-0.4841,0.6718,0.7465,0.1941,-1.0136,0.3625,-0.2091,-0.2784,-0.7014,-1.6398,-0.957,1.1401,0.2193
0.2637,-0.5638,-0.0203,-0.4841,0.6718,0.7465,0.1941,-1.0136,0.3625,-0.2091,-0.2784,-0.7014,-1.6398,-0.957,1.1401,0.2193
0.2073,-0.5689,-0.0714,-0.4934,0.6264,0.7323,0.1348,-1.0185,0.3299,-0.2145,-0.2949,-0.7081,-1.6593,-0.9745,1.1086,0.218
0.1621,-0.5708,-0.1147,-0.5033,0.6048,0.7158,0.0947,-1.0249,0.2973,-0.22,-0.3208,-0.7115,-1.6862,-0.9812,1.0971,0.2035
0.1621,-0.5708,-0.1147,-0.5033,0.6048,0.7158,0.0947,-1.0249,0.2973,-0.22,-0.3208,-0.7115,-1.6862,-0.9812,1.0971,0.2035
0.1203,-0.5774,-0.1551,-0.512,0.5485,0.7176,0.0381,-1.0204,0.2591,-0.2276,-0.3559,-0.7116,-1.7056,-0.9986,1.043,0.2041
0.1203,-0.5774,-0.1551,-0.512,0.5485,0.7176,0.0381,-1.0204,0.2591,-0.2276,-0.3559,-0.7116,-1.7056,-0.9986,1.043,0.2041
0.0732,-0.5856,-0.2076,-0.5186,0.4835,0.7165,-0.0088,-1.0295,0.2266,-0.2331,-0.3762,-0.7128,-1.7398,-0.9946,1.0061,0.211
0.0732,-0.5856,-0.2076,-0.5186,0.4835,0.7165,-0.0088,-1.0295,0.2266,-0.2331,-0.3762,-0.7128,-1.7398,-0.9946,1.0061,0.211
0.0284,-0.5876,-0.2544,-0.5229,0.4332,0.7102,-0.0602,-1.0319,0.2077,-0.2475,-0.3964,-0.714,-1.7532,-0.9979,0.9947,0.1966
0.0284,-0.5876,-0.2544,-0.5229,0.4332,0.7102,-0.0602,-1.0319,0.2077,-0.2475,-0.3964,-0.714,-1.7532,-0.9979,0.9947,0.1966
0.0284,-0.5876,-0.2544,-0.5229,0.4332,0.7102,-0.0602,-1.0319,0.2077,-0.2475,-0.3964,-0.714,-1.7532,-0.9979,0.9947,0.1966
-0.013,-0.5942,-0.3037,-0.5284,0.3975,0.6989,-0.0952,-1.0452,0.1811,-0.2507,-0.4167,-0.7152,-1.7532,-0.9979,0.9918,0.1853
-0.013,-0.5942,-0.3037,-0.5284,0.3975,0.6989,-0.0952,-1.0452,0.1811,-0.2507,-0.4167,-0.7152,-1.7532,-0.9979,0.9918,0.1853
-0.013,-0.5942,-0.3037,-0.5284,0.3975,0.6989,-0.0952,-1.0452,0.1811,-0.2507,-0.4167,-0.7152,-1.7532,-0.9979,0.9918,0.1853
-0.1053,-0.5935,-0.3899,-0.5415,0.3298,0.687,-0.1788,-1.0514,0.1185,-0.2539,-0.4663,-0.7143,-1.8007,-0.9973,0.9381,0.1858
-0.1053,-0.5935,-0.3899,-0.5415,0.3298,0.687,-0.1788,-1.0514,0.1185,-0.2539,-0.4663,-0.7143,-1.8007,-0.9973,0.9381,0.1858
-0.1193,-0.5921,-0.4075,-0.5415,0.3209,0.6841,-0.2089,-1.0459,0.0825,-0.2537,-0.4788,-0.7265,-1.8347,-0.9933,0.9211,0.1796
-0.1193,-0.5921,-0.4075,-0.5415,0.3209,0.6841,-0.2089,-1.0459,0.0825,-0.2537,-0.4788,-0.7265,-1.8347,-0.9933,0.9211,0.1796
-0.0695,-0.5884,-0.3734,-0.5349,0.3708,0.6904,-0.1765,-1.042,0.073,-0.2504,-0.4804,-0.7343,-1.8347,-0.9933,0.8929,0.1895
-0.0695,-0.5884,-0.3734,-0.5349,0.3708,0.6904,-0.1765,-1.042,0.073,-0.2504,-0.4804,-0.7343,-1.8347,-0.9933,0.8929,0.1895
0.0557,-0.5795,-0.261,-0.5185,0.4801,0.7057,-0.0953,-1.0195,0.1012,-0.2394,-0.4619,-0.7408,-1.8081,-0.9866,0.9098,0.1958
0.0557,-0.5795,-0.261,-0.5185,0.4801,0.7057,-0.0953,-1.0195,0.1012,-0.2394,-0.4619,-0.7408,-1.8081,-0.9866,0.9098,0.1958
0.2372,-0.5544,-0.0733,-0.4906,0.6355,0.7351,0.0616,-1.0029,0.1752,-0.2318,-0.4325,-0.7429,-1.7681,-0.9765,0.9353,0.2053
0.2372,-0.5544,-0.0733,-0.4906,0.6355,0.7351,0.0616,-1.0029,0.1752,-0.2318,-0.4325,-0.7429,-1.7681,-0.9765,0.9353,0.2053
0.421,-0.5295,0.1225,-0.4607,0.8073,0.7593,0.2679,-0.9774,0.2973,-0.22,-0.3811,-0.7361,-1.6876,-0.9563,1.0203,0.206
0.421,-0.5295,0.1225,-0.4607,0.8073,0.7593,0.2679,-0.9774,0.2973,-0.22,-0.3811,-0.7361,-1.6876,-0.9563,1.0203,0.206
0.5981,-0.5016,0.3102,-0.4314,0.9811,0.7833,0.4745,-0.9617,0.4223,-0.2004,-0.3147,-0.7303,-1.6277,-0.9287,1.1001,0.2149
0.5981,-0.5016,0.3102,-0.4314,0.9811,0.7833,0.4745,-0.9617,0.4223,-0.2004,-0.3147,-0.7303,-1.6277,-0.9287,1.1001,0.2149
0.5981,-0.5016,0.3102,-0.4314,0.9811,0.7833,0.4745,-0.9617,0.4223,-0.2004,-0.3147,-0.7303,-1.6277,-0.9287,1.1001,0.2149
0.7452,-0.477,0.4681,-0.4037,1.1175,0.815,0.6448,-0.9431,0.5698,-0.1799,-0.2221,-0.7212,-1.5117,-0.9125,1.2119,0.2249
0.7452,-0.477,0.4681,-0.4037,1.1175,0.815,0.6448,-0.9431,0.5698,-0.1799,-0.2221,-0.7212,-1.5117,-0.9125,1.2119,0.2249
0.8465,-0.4542,0.588,-0.3837,1.2268,0.8382,0.7899,-0.9257,0.6853,-0.165,-0.1572,-0.7022,-1.401,-0.9107,1.3101,0.24
0.8465,-0.4542,0.588,-0.3837,1.2268,0.8382,0.7899,-0.9257,0.6853,-0.165,-0.1572,-0.7022,-1.401,-0.9107,1.3101,0.24
0.9079,-0.4428,0.6643,-0.3696,1.3046,0.8417,0.8742,-0.9131,0.7859,-0.1488,-0.0881,-0.6887,-1.3033,-0.9123,1.3914,0.2487
0.9612,-0.4396,0.725,-0.365,1.3579,0.8477,0.9316,-0.9014,0.8533,-0.138,-0.0338,-0.6742,-1.219,-0.9174,1.4732,0.2573
0.9913,-0.4428,0.7599,-0.3665,1.3828,0.8452,0.9665,-0.8978,0.8892,-0.1247,0.0038,-0.6663,-1.1836,-0.9216,1.5143,0.2616
0.9913,-0.4428,0.7599,-0.3665,1.3828,0.8452,0.9665,-0.8978,0.8892,-0.1247,0.0038,-0.6663,-1.1836,-0.9216,1.5143,0.2616
0.9913,-0.4428,0.7599,-0.3665,1.3828,0.8452,0.9665,-0.8978,0.8892,-0.1247,0.0038,-0.6663,-1.1836,-0.9216,1.5143,0.2616
1.0064,-0.4445,0.7859,-0.3714,1.4076,0.8426,0.994,-0.8968,0.9171,-0.1215,0.0398,-0.6663,-1.1406,-0.9368,1.532,0.2679
1.0064,-0.4445,0.7859,-0.3714,1.4076,0.8426,0.994,-0.8968,0.9171,-0.1215,0.0398,-0.6663,-1.1406,-0.9368,1.532,0.2679
1.0064,-0.4445,0.7859,-0.3714,1.4076,0.8426,0.994,-0.8968,0.9171,-0.1215,0.0398,-0.6663,-1.1406,-0.9368,1.532,0.2679
1.0064,-0.4445,0.7859,-0.3714,1.4076,0.8426,0.994,-0.8968,0.9171,-0.1215,0.0398,-0.6663,-1.1406,-0.9368,1.532,0.2679
1.0107,-0.4607,0.7839,-0.3793,1.3732,0.8423,0.9914,-0.9066,0.945,-0.1401,0.0779,-0.6798,-1.1406,-0.9368,1.5408,0.2711
1.0107,-0.4607,0.7839,-0.3793,1.3732,0.8423,0.9914,-0.9066,0.945,-0.1401,0.0779,-0.6798,-1.1406,-0.9368,1.5408,0.2711
1.0107,-0.4607,0.7839,-0.3793,1.3732,0.8423,0.9914,-0.9066,0.945,-0.1401,0.0779,-0.6798,-1.1406,-0.9368,1.5408,0.2711
0.9966,-0.4705,0.7658,-0.386,1.3541,0.8367,0.9763,-0.9119,0.969,-0.1529,0.1027,-0.6843,-1.1266,-0.9335,1.5496,0.2743
0.9966,-0.4705,0.7658,-0.386,1.3541,0.8367,0.9763,-0.9119,0.969,-0.1529,0.1027,-0.6843,-1.1266,-0.9335,1.5496,0.2743
0.9966,-0.4705,0.7658,-0.386,1.3541,0.8367,0.9763,-0.9119,0.969,-0.1529,0.1027,-0.6843,-1.1266,-0.9335,1.5496,0.2743
0.9674,-0.4786,0.7299,-0.3993,1.3312,0.8199,0.9462,-0.9226,0.977,-0.1644,0.0893,-0.6753,-1.1418,-0.9116,1.5816,0.2441
0.9674,-0.4786,0.7299,-0.3993,1.3312,0.8199,0.9462,-0.9226,0.977,-0.1644,0.0893,-0.6753,-1.1418,-0.9116,1.5816,0.2441
0.9465,-0.4785,0.715,-0.4048,1.3331,0.8007,0.9312,-0.9279,0.967,-0.1608,0.0702,-0.6686,-1.1418,-0.9116,1.5874,0.2358
0.9465,-0.4785,0.715,-0.4048,1.3331,0.8007,0.9312,-0.9279,0.967,-0.1608,0.0702,-0.6686,-1.1418,-0.9116,1.5874,0.2358
0.9257,-0.4785,0.703,-0.4092,1.3141,0.795,0.9237,-0.9306,0.965,-0.1688,0.0588,-0.673,-1.1557,-0.915,1.5727,0.241
0.9015,-0.4737,0.6911,-0.4136,1.3254,0.7786,0.9162,-0.9332,0.943,-0.1697,0.038,-0.6742,-1.176,-0.9326,1.5639,0.2378
0.9015,-0.4737,0.6911,-0.4136,1.3254,0.7786,0.9162,-0.9332,0.943,-0.1697,0.038,-0.6742,-1.176,-0.9326,1.5639,0.2378
0.9015,-0.4737,0.6911,-0.4136,1.3254,0.7786,0.9162,-0.9332,0.943,-0.1697,0.038,-0.6742,-1.176,-0.9326,1.5639,0.2378
0.8808,-0.4737,0.6792,-0.4181,1.3159,0.7758,0.9012,-0.9385,0.925,-0.1763,0.0345,-0.6898,-1.2114,-0.9283,1.5462,0.2315
0.8808,-0.4737,0.6792,-0.4181,1.3159,0.7758,0.9012,-0.9385,0.925,-0.1763,0.0345,-0.6898,-1.2114,-0.9283,1.5462,0.2315
0.8634,-0.4785,0.6613,-0.4247,1.2912,0.7783,0.8616,-0.9351,0.909,-0.175,0.0462,-0.7066,-1.2038,-0.9392,1.5462,0.2315
0.8634,-0.4785,0.6613,-0.4247,1.2912,0.7783,0.8616,-0.9351,0.909,-0.175,0.0462,-0.7066,-1.2038,-0.9392,1.5462,0.2315
0.846,-0.4834,0.6415,-0.4285,1.2817,0.7755,0.8392,-0.9431,0.8871,-0.1759,0.0388,-0.7167,-1.2102,-0.9534,1.5285,0.2253
0.846,-0.4834,0.6415,-0.4285,1.2817,0.7755,0.8392,-0.9431,0.8871,-0.1759,0.0388,-0.7167,-1.2102,-0.9534,1.5285,0.2253
0.8354,-0.4979,0.6138,-0.4316,1.2628,0.7699,0.8045,-0.9468,0.8632,-0.1847,0.0313,-0.7267,-1.2165,-0.9677,1.502,0.2159
0.8354,-0.4979,0.6138,-0.4316,1.2628,0.7699,0.8045,-0.9468,0.8632,-0.1847,0.0313,-0.7267,-1.2165,-0.9677,1.502,0.2159
0.8066,-0.506,0.5851,-0.4387,1.2287,0.7696,0.7822,-0.9548,0.8414,-0.1857,0.0296,-0.7345,-1.2518,-0.9634,1.4931,0.2127
0.8066,-0.506,0.5851,-0.4387,1.2287,0.7696,0.7822,-0.9548,0.8414,-0.1857,0.0296,-0.7345,-1.2518,-0.9634,1.4931,0.2127
0.7869,-0.5173,0.5516,-0.444,1.2098,0.7639,0.7526,-0.9654,0.8275,-0.198,0.0183,-0.739,-1.3158,-0.9408,1.4755,0.2065
0.7869,-0.5173,0.5516,-0.444,1.2098,0.7639,0.7526,-0.9654,0.8275,-0.198,0.0183,-0.739,-1.3158,-0.9408,1.4755,0.2065
0.7605,-0.5189,0.5133,-0.4476,1.2004,0.7611,0.7474,-0.9847,0.7997,-0.2011,0.0032,-0.7379,-1.3372,-0.9332,1.4667,0.2033
0.7605,-0.5189,0.5133,-0.4476,1.2004,0.7611,0.7474,-0.9847,0.7997,-0.2011,0.0032,-0.7379,-1.3372,-0.9332,1.4667,0.2033
0.7228,-0.5238,0.4594,-0.45,1.1571,0.758,0.7056,-0.9909,0.776,-0.2099,-0.0175,-0.7389,-1.3434,-0.9474,1.4491,0.1971
0.7228,-0.5238,0.4594,-0.45,1.1571,0.758,0.7056,-0.9909,0.776,-0.2099,-0.0175,-0.7389,-1.3434,-0.9474,1.4491,0.1971
0.6794,-0.5303,0.4105,-0.4541,1.1139,0.7548,0.6566,-0.9999,0.7425,-0.2152,-0.0477,-0.7367,-1.3709,-0.9541,1.4315,0.1908
0.6271,-0.5336,0.3609,-0.4621,1.0914,0.7382,0.6029,-1.0019,0.707,-0.2284,-0.074,-0.74,-1.3833,-0.9824,1.3965,0.1783
0.6271,-0.5336,0.3609,-0.4621,1.0914,0.7382,0.6029,-1.0019,0.707,-0.2284,-0.074,-0.74,-1.3833,-0.9824,1.3965,0.1783
0.6271,-0.5336,0.3609,-0.4621,1.0914,0.7382,0.6029,-1.0019,0.707,-0.2284,-0.074,-0.74,-1.3833,-0.9824,1.3965,0.1783
0.5693,-0.5385,0.3134,-0.473,1.0391,0.7323,0.5469,-1.0135,0.6638,-0.2303,-0.1002,-0.7433,-1.3895,-0.9966,1.379,0.1721
0.5693,-0.5385,0.3134,-0.473,1.0391,0.7323,0.5469,-1.0135,0.6638,-0.2303,-0.1002,-0.7433,-1.3895,-0.9966,1.379,0.1721
0.5264,-0.5451,0.2689,-0.4828,1.0167,0.7157,0.5056,-1.0198,0.6247,-0.2378,-0.1264,-0.7467,-1.3958,-1.0107,1.3326,0.176
0.5264,-0.5451,0.2689,-0.4828,1.0167,0.7157,0.5056,-1.0198,0.6247,-0.2378,-0.1264,-0.7467,-1.3958,-1.0107,1.3326,0.176
0.4812,-0.558,0.2198,-0.4909,0.9498,0.715,0.45,-1.0314,0.5895,-0.251,-0.1486,-0.7556,-1.4094,-1.014,1.2864,0.18
0.4812,-0.558,0.2198,-0.4909,0.9498,0.715,0.45,-1.0314,0.5895,-0.251,-0.1486,-0.7556,-1.4094,-1.014,1.2864,0.18
0.4442,-0.5629,0.1765,-0.4967,0.8868,0.7251,0.409,-1.0377,0.5545,-0.2641,-0.1803,-0.7611,-1.4579,-1.0131,1.246,0.1757
0.4442,-0.5629,0.1765,-0.4967,0.8868,0.7251,0.409,-1.0377,0.5545,-0.2641,-0.1803,-0.7611,-1.4579,-1.0131,1.246,0.1757
0.4442,-0.5629,0.1765,-0.4967,0.8868,0.7251,0.409,-1.0377,0.5545,-0.2641,-0.1803,-0.7611,-1.4579,-1.0131,1.246,0.1757
0.396,-0.571,0.1257,-0.502,0.8204,0.7243,0.349,-1.0424,0.5312,-0.2729,-0.1914,-0.7656,-1.479,-1.0057,1.2287,0.1694
0.396,-0.571,0.1257,-0.502,0.8204,0.7243,0.349,-1.0424,0.5312,-0.2729,-0.1914,-0.7656,-1.479,-1.0057,1.2287,0.1694
0.396,-0.571,0.1257,-0.502,0.8204,0.7243,0.349,-1.0424,0.5312,-0.2729,-0.1914,-0.7656,-1.479,-1.0057,1.2287,0.1694
0.3257,-0.5857,0.038,-0.511,0.7507,0.7125,0.2797,-1.0593,0.4788,-0.2714,-0.2361,-0.7623,-1.5001,-0.9982,1.2227,0.1468
0.3257,-0.5857,0.038,-0.511,0.7507,0.7125,0.2797,-1.0593,0.4788,-0.2714,-0.2361,-0.7623,-1.5001,-0.9982,1.2227,0.1468
0.3257,-0.5857,0.038,-0.511,0.7507,0.7125,0.2797,-1.0593,0.4788,-0.2714,-0.2361,-0.7623,-1.5001,-0.9982,1.2227,0.1468
0.2658,-0.5859,-0.0124,-0.5164,0.7198,0.6933,0.2201,-1.0641,0.442,-0.2711,-0.2714,-0.7623,-1.5348,-0.9941,1.1912,0.1456
0.2658,-0.5859,-0.0124,-0.5164,0.7198,0.6933,0.2201,-1.0641,0.442,-0.2711,-0.2714,-0.7623,-1.5348,-0.9941,1.1912,0.1456
0.2172,-0.5831,-0.0549,-0.5223,0.6924,0.6848,0.1798,-1.0705,0.4093,-0.2765,-0.2918,-0.7635,-1.5409,-1.0082,1.1882,0.1344
0.2172,-0.5831,-0.0549,-0.5223,0.6924,0.6848,0.1798,-1.0705,0.4093,-0.2765,-0.2918,-0.7635,-1.5409,-1.0082,1.1882,0.1344
0.1554,-0.5898,-0.1162,-0.532,0.6525,0.6628,0.0971,-1.0669,0.3554,-0.2828,-0.3116,-0.7856,-1.5815,-1.0181,1.1282,0.1432
0.1554,-0.5898,-0.1162,-0.532,0.6525,0.6628,0.0971,-1.0669,0.3554,-0.2828,-0.3116,-0.7856,-1.5815,-1.0181,1.1282,0.1432
0.1554,-0.5898,-0.1162,-0.532,0.6525,0.6628,0.0971,-1.0669,0.3554,-0.2828,-0.3116,-0.7856,-1.5815,-1.0181,1.1282,0.1432
0.2038,-0.5926,-0.0842,-0.5266,0.6999,0.6581,0.1183,-1.059,0.3343,-0.2838,-0.3226,-0.79,-1.616,-1.0141,1.1196,0.1401
0.2038,-0.5926,-0.0842,-0.5266,0.6999,0.6581,0.1183,-1.059,0.3343,-0.2838,-0.3226,-0.79,-1.616,-1.0141,1.1196,0.1401
0.2038,-0.5926,-0.0842,-0.5266,0.6999,0.6581,0.1183,-1.059,0.3343,-0.2838,-0.3226,-0.79,-1.616,-1.0141,1.1196,0.1401
0.3313,-0.584,0.0303,-0.5104,0.8024,0.6701,0.2107,-1.0504,0.3573,-0.275,-0.3133,-0.7933,-1.6025,-1.0107,1.1282,0.1432
0.4925,-0.5548,0.1928,-0.4834,0.9554,0.707,0.397,-1.0334,0.4324,-0.2677,-0.2875,-0.7899,-1.5619,-1.0008,1.1597,0.1444
0.4925,-0.5548,0.1928,-0.4834,0.9554,0.707,0.397,-1.0334,0.4324,-0.2677,-0.2875,-0.7899,-1.5619,-1.0008,1.1597,0.1444
0.6761,-0.5255,0.3715,-0.451,1.1402,0.7333,0.593,-1.0141,0.5408,-0.2551,-0.2412,-0.7855,-1.494,-0.9841,1.2314,0.1499
0.6761,-0.5255,0.3715,-0.451,1.1402,0.7333,0.593,-1.0141,0.5408,-0.2551,-0.2412,-0.7855,-1.494,-0.9841,1.2314,0.1499
0.8446,-0.5012,0.5487,-0.4236,1.2931,0.7592,0.7671,-0.9863,0.6776,-0.2394,-0.1782,-0.7744,-1.3696,-0.9791,1.3209,0.1616
0.8446,-0.5012,0.5487,-0.4236,1.2931,0.7592,0.7671,-0.9863,0.6776,-0.2394,-0.1782,-0.7744,-1.3696,-0.9791,1.3209,0.1616
0.9699,-0.4721,0.702,-0.4024,1.4341,0.7712,0.9207,-0.9666,0.8116,-0.2182,-0.0904,-0.7678,-1.258,-0.9776,1.4052,0.1814
0.9699,-0.4721,0.702,-0.4024,1.4341,0.7712,0.9207,-0.9666,0.8116,-0.2182,-0.0904,-0.7678,-1.258,-0.9776,1.4052,0.1814
0.9699,-0.4721,0.702,-0.4024,1.4341,0.7712,0.9207,-0.9666,0.8116,-0.2182,-0.0904,-0.7678,-1.258,-0.9776,1.4052,0.1814
1.0736,-0.4608,0.8219,-0.3906,1.536,0.791,1.0532,-0.955,0.9209,-0.1922,-0.0059,-0.7557,-1.1242,-0.9838,1.5015,0.1848
1.0736,-0.4608,0.8219,-0.3906,1.536,0.791,1.0532,-0.955,0.9209,-0.1922,-0.0059,-0.7557,-1.1242,-0.9838,1.5015,0.1848
1.0736,-0.4608,0.8219,-0.3906,1.536,0.791,1.0532,-0.955,0.9209,-0.1922,-0.0059,-0.7557,-1.1242,-0.9838,1.5015,0.1848
1.1418,-0.4479,0.9083,-0.3842,1.6095,0.8025,1.1389,-0.9427,1.007,-0.175,0.062,-0.7502,-1.0543,-0.9673,1.5838,0.1932
1.1418,-0.4479,0.9083,-0.3842,1.6095,0.8025,1.1389,-0.9427,1.007,-0.175,0.062,-0.7502,-1.0543,-0.9673,1.5838,0.1932
1.2103,-0.435,1.0155,-0.385,1.7087,0.8112,1.2377,-0.9348,1.1057,-0.1533,0.1625,-0.7393,-0.9698,-0.9475,1.6607,0.2099
1.2103,-0.435,1.0155,-0.385,1.7087,0.8112,1.2377,-0.9348,1.1057,-0.1533,0.1625,-0.7393,-0.9698,-0.9475,1.6607,0.2099
1.2256,-0.4367,1.0348,-0.3852,1.7029,0.8195,1.2531,-0.9295,1.1481,-0.1596,0.1853,-0.7304,-0.9557,-0.9442,1.6786,0.2161
1.2256,-0.4367,1.0348,-0.3852,1.7029,0.8195,1.2531,-0.9295,1.1481,-0.1596,0.1853,-0.7304,-0.9557,-0.9442,1.6786,0.2161
1.229,-0.4416,1.0348,-0.3852,1.6874,0.825,1.2657,-0.9339,1.1723,-0.1725,0.2045,-0.7372,-0.9774,-0.9366,1.6786,0.2161
1.229,-0.4416,1.0348,-0.3852,1.6874,0.825,1.2657,-0.9339,1.1723,-0.1725,0.2045,-0.7372,-0.9774,-0.9366,1.6786,0.2161
1.2264,-0.4482,1.0256,-0.3885,1.6776,0.8222,1.2629,-0.9437,1.1925,-0.1797,0.2159,-0.7328,-0.9774,-0.9366,1.7138,0.1974
1.2264,-0.4482,1.0256,-0.3885,1.6776,0.8222,1.2629,-0.9437,1.1925,-0.1797,0.2159,-0.7328,-0.9774,-0.9366,1.7138,0.1974
1.2264,-0.4482,1.0256,-0.3885,1.6776,0.8222,1.2629,-0.9437,1.1925,-0.1797,0.2159,-0.7328,-0.9774,-0.9366,1.7138,0.1974
1.2214,-0.4612,1.0053,-0.3923,1.6581,0.8166,1.2476,-0.949,1.2026,-0.1832,0.2351,-0.7396,-0.9557,-0.9442,1.7343,0.1839
1.2214,-0.4612,1.0053,-0.3923,1.6581,0.8166,1.2476,-0.949,1.2026,-0.1832,0.2351,-0.7396,-0.9557,-0.9442,1.7343,0.1839
1.2214,-0.4612,1.0053,-0.3923,1.6581,0.8166,1.2476,-0.949,1.2026,-0.1832,0.2351,-0.7396,-0.9557,-0.9442,1.7343,0.1839
1.174,-0.4741,0.9567,-0.3991,1.6364,0.7805,1.2093,-0.9622,1.2106,-0.1948,0.2198,-0.7384,-0.9187,-0.9739,1.7638,0.1735
1.174,-0.4741,0.9567,-0.3991,1.6364,0.7805,1.2093,-0.9622,1.2106,-0.1948,0.2198,-0.7384,-0.9187,-0.9739,1.7638,0.1735
1.174,-0.4741,0.9567,-0.3991,1.6364,0.7805,1.2093,-0.9622,1.2106,-0.1948,0.2198,-0.7384,-0.9187,-0.9739,1.7638,0.1735
1.1529,-0.474,0.9465,-0.4064,1.6382,0.7612,1.194,-0.9674,1.1984,-0.1992,0.2045,-0.7372,-0.9329,-0.9772,1.7548,0.1704
1.1529,-0.474,0.9465,-0.4064,1.6382,0.7612,1.194,-0.9674,1.1984,-0.1992,0.2045,-0.7372,-0.9329,-0.9772,1.7548,0.1704
1.1411,-0.4773,0.9344,-0.4108,1.6284,0.7584,1.1662,-0.9683,1.17,-0.2022,0.1874,-0.7439,-0.9611,-0.9837,1.7368,0.1642
1.1327,-0.4854,0.9253,-0.4141,1.6033,0.761,1.146,-0.9665,1.1578,-0.2066,0.1856,-0.7517,-0.9535,-0.9947,1.7074,0.1746
1.1336,-0.4968,0.9162,-0.4174,1.5936,0.7583,1.1433,-0.9762,1.1457,-0.2109,0.1876,-0.7651,-0.9601,-1.0088,1.6895,0.1684
1.1336,-0.4968,0.9162,-0.4174,1.5936,0.7583,1.1433,-0.9762,1.1457,-0.2109,0.1876,-0.7651,-0.9601,-1.0088,1.6895,0.1684
1.1336,-0.4968,0.9162,-0.4174,1.5936,0.7583,1.1433,-0.9762,1.1457,-0.2109,0.1876,-0.7651,-0.9601,-1.0088,1.6895,0.1684
1.1218,-0.5,0.899,-0.42,1.5839,0.7555,1.133,-0.9885,1.1335,-0.2153,0.1819,-0.7673,-0.9818,-1.0012,1.6863,0.157
1.1218,-0.5,0.899,-0.42,1.5839,0.7555,1.133,-0.9885,1.1335,-0.2153,0.1819,-0.7673,-0.9818,-1.0012,1.6863,0.157
1.1218,-0.5,0.899,-0.42,1.5839,0.7555,1.133,-0.9885,1.1335,-0.2153,0.1819,-0.7673,-0.9818,-1.0012,1.6863,0.157
1.1041,-0.5048,0.8739,-0.422,1.5589,0.7581,1.1102,-0.9964,1.1153,-0.2219,0.184,-0.7807,-1.0391,-0.9892,1.6685,0.1508
1.1041,-0.5048,0.8739,-0.422,1.5589,0.7581,1.1102,-0.9964,1.1153,-0.2219,0.184,-0.7807,-1.0391,-0.9892,1.6685,0.1508
1.0831,-0.5047,0.8408,-0.4233,1.5492,0.7553,1.0999,-1.0087,1.1031,-0.2263,0.1726,-0.7851,-1.0747,-0.9848,1.6653,0.1394
1.0831,-0.5047,0.8408,-0.4233,1.5492,0.7553,1.0999,-1.0087,1.1031,-0.2263,0.1726,-0.7851,-1.0747,-0.9848,1.6653,0.1394
1.0831,-0.5047,0.8408,-0.4233,1.5492,0.7553,1.0999,-1.0087,1.1031,-0.2263,0.1726,-0.7851,-1.0747,-0.9848,1.6653,0.1394
1.0061,-0.5143,0.7657,-0.44,1.4914,0.7385,1.022,-1.0183,1.0468,-0.2323,0.1403,-0.7905,-1.0951,-1.0023,1.6532,0.125
1.0061,-0.5143,0.7657,-0.44,1.4914,0.7385,1.022,-1.0183,1.0468,-0.2323,0.1403,-0.7905,-1.0951,-1.0023,1.6532,0.125
1.0061,-0.5143,0.7657,-0.44,1.4914,0.7385,1.022,-1.0183,1.0468,-0.2323,0.1403,-0.7905,-1.0951,-1.0023,1.6532,0.125
0.9585,-0.5158,0.7347,-0.4549,1.453,0.7274,0.9843,-1.0314,1.0026,-0.234,0.1328,-0.8005,-1.1016,-1.0165,1.6208,0.124
0.9236,-0.5254,0.69,-0.4607,1.3937,0.7298,0.9419,-1.0376,0.9726,-0.2449,0.1024,-0.7982,-1.0865,-1.0382,1.5884,0.1229
0.9236,-0.5254,0.69,-0.4607,1.3937,0.7298,0.9419,-1.0376,0.9726,-0.2449,0.1024,-0.7982,-1.0865,-1.0382,1.5884,0.1229
0.8796,-0.5318,0.6474,-0.4692,1.3404,0.724,0.8921,-1.0463,0.9505,-0.2672,0.0798,-0.8069,-1.1145,-1.0447,1.553,0.1106
0.8796,-0.5318,0.6474,-0.4692,1.3404,0.724,0.8921,-1.0463,0.9505,-0.2672,0.0798,-0.8069,-1.1145,-1.0447,1.553,0.1106
0.8392,-0.5431,0.5979,-0.4732,1.308,0.7046,0.8303,-1.0507,0.9265,-0.276,0.059,-0.808,-1.1284,-1.048,1.5353,0.1044
0.8392,-0.5431,0.5979,-0.4732,1.308,0.7046,0.8303,-1.0507,0.9265,-0.276,0.059,-0.808,-1.1284,-1.048,1.5353,0.1044
0.7955,-0.5495,0.5477,-0.4812,1.2606,0.6907,0.7931,-1.0638,0.9046,-0.2768,0.0287,-0.8057,-1.1359,-1.0371,1.5264,0.1014
0.7955,-0.5495,0.5477,-0.4812,1.2606,0.6907,0.7931,-1.0638,0.9046,-0.2768,0.0287,-0.8057,-1.1359,-1.0371,1.5264,0.1014
0.7462,-0.5575,0.4957,-0.4863,1.2379,0.6743,0.7438,-1.0726,0.8768,-0.2798,0.0042,-0.8012,-1.1499,-1.0404,1.4943,0.1003
0.7462,-0.5575,0.4957,-0.4863,1.2379,0.6743,0.7438,-1.0726,0.8768,-0.2798,0.0042,-0.8012,-1.1499,-1.0404,1.4943,0.1003
0.6937,-0.5607,0.4487,-0.4931,1.2001,0.6632,0.6947,-1.0814,0.843,-0.2851,-0.0183,-0.81,-1.1777,-1.0469,1.4679,0.0911
0.6937,-0.5607,0.4487,-0.4931,1.2001,0.6632,0.6947,-1.0814,0.843,-0.2851,-0.0183,-0.81,-1.1777,-1.0469,1.4679,0.0911
0.6414,-0.564,0.399,-0.5011,1.1569,0.6601,0.6289,-1.0789,0.8035,-0.2924,-0.0369,-0.8243,-1.1979,-1.0643,1.4415,0.0819
0.6414,-0.564,0.399,-0.5011,1.1569,0.6601,0.6289,-1.0789,0.8035,-0.2924,-0.0369,-0.8243,-1.1979,-1.0643,1.4415,0.0819
0.5926,-0.5721,0.3543,-0.5108,1.125,0.641,0.5487,-1.0818,0.764,-0.2998,-0.0555,-0.8386,-1.247,-1.0632,1.4065,0.0696
0.5496,-0.5785,0.3107,-0.5166,1.0671,0.6432,0.4954,-1.0838,0.7266,-0.2994,-0.0723,-0.8452,-1.2608,-1.0665,1.389,0.0634
0.5496,-0.5785,0.3107,-0.5166,1.0671,0.6432,0.4954,-1.0838,0.7266,-0.2994,-0.0723,-0.8452,-1.2608,-1.0665,1.389,0.0634
0.5496,-0.5785,0.3107,-0.5166,1.0671,0.6432,0.4954,-1.0838,0.7266,-0.2994,-0.0723,-0.8452,-1.2608,-1.0665,1.389,0.0634
0.5246,-0.5913,0.273,-0.5202,1.0335,0.6429,0.4664,-1.0943,0.6873,-0.3068,-0.0946,-0.8539,-1.3097,-1.0655,1.3484,0.0593
0.5246,-0.5913,0.273,-0.5202,1.0335,0.6429,0.4664,-1.0943,0.6873,-0.3068,-0.0946,-0.8539,-1.3097,-1.0655,1.3484,0.0593
0.4786,-0.593,0.2248,-0.5243,0.9852,0.6479,0.4302,-1.1073,0.6599,-0.3099,-0.1134,-0.8473,-1.3521,-1.0505,1.3197,0.0694
0.4786,-0.593,0.2248,-0.5243,0.9852,0.6479,0.4302,-1.1073,0.6599,-0.3099,-0.1134,-0.8473,-1.3521,-1.0505,1.3197,0.0694
0.4786,-0.593,0.2248,-0.5243,0.9852,0.6479,0.4302,-1.1073,0.6599,-0.3099,-0.1134,-0.8473,-1.3521,-1.0505,1.3197,0.0694
0.4415,-0.5979,0.1796,-0.5274,0.9518,0.6475,0.418,-1.1288,0.6266,-0.3151,-0.1433,-0.845,-1.387,-1.0463,1.3079,0.0552
0.4415,-0.5979,0.1796,-0.5274,0.9518,0.6475,0.418,-1.1288,0.6266,-0.3151,-0.1433,-0.845,-1.387,-1.0463,1.3079,0.0552
0.4415,-0.5979,0.1796,-0.5274,0.9518,0.6475,0.418,-1.1288,0.6266,-0.3151,-0.1433,-0.845,-1.387,-1.0463,1.3079,0.0552
0.3845,-0.6028,0.0877,-0.5307,0.9148,0.6364,0.3675,-1.1471,0.576,-0.3269,-0.1788,-0.845,-1.4355,-1.0454,1.2875,0.0378
0.3845,-0.6028,0.0877,-0.5307,0.9148,0.6364,0.3675,-1.1471,0.576,-0.3269,-0.1788,-0.845,-1.4355,-1.0454,1.2875,0.0378
0.3733,-0.6061,0.0619,-0.53,0.9019,0.6229,0.3412,-1.148,0.5429,-0.3321,-0.2047,-0.8483,-1.4628,-1.052,1.2615,0.0287
0.3733,-0.6061,0.0619,-0.53,0.9019,0.6229,0.3412,-1.148,0.5429,-0.3321,-0.2047,-0.8483,-1.4628,-1.052,1.2615,0.0287
0.3733,-0.6061,0.0619,-0.53,0.9019,0.6229,0.3412,-1.148,0.5429,-0.3321,-0.2047,-0.8483,-1.4628,-1.052,1.2615,0.0287
0.4181,-0.5932,0.1001,-0.5225,0.9444,0.626,0.3819,-1.1419,0.5235,-0.3253,-0.2158,-0.8526,-1.4479,-1.0734,1.2528,0.0256
0.5204,-0.5754,0.2102,-0.5086,1.0484,0.6377,0.4662,-1.12,0.541,-0.3188,-0.2196,-0.8472,-1.4058,-1.0883,1.2615,0.0287
0.678,-0.5479,0.3766,-0.4847,1.2058,0.6551,0.6069,-1.0868,0.5935,-0.2992,-0.1843,-0.8472,-1.3435,-1.086,1.3105,0.0358
0.678,-0.5479,0.3766,-0.4847,1.2058,0.6551,0.6069,-1.0868,0.5935,-0.2992,-0.1843,-0.8472,-1.3435,-1.086,1.3105,0.0358
0.8556,-0.527,0.5634,-0.461,1.3647,0.6723,0.7686,-1.0552,0.6991,-0.2812,-0.1284,-0.8462,-1.2395,-1.074,1.3628,0.0542
0.8556,-0.527,0.5634,-0.461,1.3647,0.6723,0.7686,-1.0552,0.6991,-0.2812,-0.1284,-0.8462,-1.2395,-1.074,1.3628,0.0542
0.8556,-0.527,0.5634,-0.461,1.3647,0.6723,0.7686,-1.0552,0.6991,-0.2812,-0.1284,-0.8462,-1.2395,-1.074,1.3628,0.0542
1.0202,-0.5046,0.7388,-0.4391,1.4949,0.7002,0.9296,-1.0332,0.8431,-0.2637,-0.0555,-0.8386,-1.1348,-1.0621,1.4297,0.0675
1.0202,-0.5046,0.7388,-0.4391,1.4949,0.7002,0.9296,-1.0332,0.8431,-0.2637,-0.0555,-0.8386,-1.1348,-1.0621,1.4297,0.0675
1.0202,-0.5046,0.7388,-0.4391,1.4949,0.7002,0.9296,-1.0332,0.8431,-0.2637,-0.0555,-0.8386,-1.1348,-1.0621,1.4297,0.0675
1.142,-0.4887,0.886,-0.4176,1.6011,0.7308,1.0847,-1.014,0.9905,-0.2599,0.0272,-0.8344,-1.0585,-1.0317,1.5088,0.0952
1.142,-0.4887,0.886,-0.4176,1.6011,0.7308,1.0847,-1.014,0.9905,-0.2599,0.0272,-0.8344,-1.0585,-1.0317,1.5088,0.0952
1.2375,-0.4743,0.9991,-0.4053,1.6886,0.7558,1.1983,-1.001,1.113,-0.2514,0.1065,-0.8248,-0.9742,-1.0121,1.6055,0.0982
1.3098,-0.4665,1.0744,-0.3927,1.7472,0.7726,1.282,-0.9985,1.208,-0.246,0.1558,-0.8128,-0.9177,-0.9991,1.6939,0.0981
1.3098,-0.4665,1.0744,-0.3927,1.7472,0.7726,1.282,-0.9985,1.208,-0.246,0.1558,-0.8128,-0.9177,-0.9991,1.6939,0.0981
1.3098,-0.4665,1.0744,-0.3927,1.7472,0.7726,1.282,-0.9985,1.208,-0.246,0.1558,-0.8128,-0.9177,-0.9991,1.6939,0.0981
1.3431,-0.4634,1.1172,-0.3881,1.7824,0.7727,1.3457,-0.9943,1.2671,-0.2321,0.1995,-0.803,-0.861,-0.986,1.7591,0.1
1.3431,-0.4634,1.1172,-0.3881,1.7824,0.7727,1.3457,-0.9943,1.2671,-0.2321,0.1995,-0.803,-0.861,-0.986,1.7591,0.1
1.3431,-0.4634,1.1172,-0.3881,1.7824,0.7727,1.3457,-0.9943,1.2671,-0.2321,0.1995,-0.803,-0.861,-0.986,1.7591,0.1
1.3457,-0.4568,1.1458,-0.3851,1.8349,0.7479,1.3991,-1.0025,1.3203,-0.2204,0.2491,-0.791,-0.8467,-0.9827,1.8246,0.1019
1.3457,-0.4568,1.1458,-0.3851,1.8349,0.7479,1.3991,-1.0025,1.3203,-0.2204,0.2491,-0.791,-0.8467,-0.9827,1.8246,0.1019
1.3303,-0.4551,1.1397,-0.3873,1.8406,0.7396,1.404,-1.0096,1.3265,-0.2183,0.274,-0.7956,-0.8249,-0.9904,1.8484,0.0997
1.3303,-0.4551,1.1397,-0.3873,1.8406,0.7396,1.404,-1.0096,1.3265,-0.2183,0.274,-0.7956,-0.8249,-0.9904,1.8484,0.0997
1.309,-0.455,1.1274,-0.3917,1.8463,0.7313,1.409,-1.0167,1.3305,-0.224,0.2971,-0.808,-0.8315,-1.0047,1.8426,0.108
1.309,-0.455,1.1274,-0.3917,1.8463,0.7313,1.409,-1.0167,1.3305,-0.224,0.2971,-0.808,-0.8315,-1.0047,1.8426,0.108
1.2851,-0.4615,1.1109,-0.4012,1.8209,0.734,1.3731,-1.02,1.3283,-0.232,0.2952,-0.8158,-0.8239,-1.0157,1.8484,0.0997
1.2673,-0.4663,1.0895,-0.4089,1.8012,0.7285,1.345,-1.0208,1.3098,-0.2385,0.3011,-0.8347,-0.8305,-1.0298,1.8303,0.0936
1.2673,-0.4663,1.0895,-0.4089,1.8012,0.7285,1.345,-1.0208,1.3098,-0.2385,0.3011,-0.8347,-0.8305,-1.0298,1.8303,0.0936
1.2673,-0.4663,1.0895,-0.4089,1.8012,0.7285,1.345,-1.0208,1.3098,-0.2385,0.3011,-0.8347,-0.8305,-1.0298,1.8303,0.0936
1.2588,-0.4744,1.0691,-0.4126,1.7759,0.7312,1.3218,-1.0286,1.3015,-0.2486,0.307,-0.8536,-0.823,-1.0408,1.836,0.0853
1.2588,-0.4744,1.0691,-0.4126,1.7759,0.7312,1.3218,-1.0286,1.3015,-0.2486,0.307,-0.8536,-0.823,-1.0408,1.836,0.0853
1.2656,-0.4843,1.0619,-0.4188,1.7718,0.7202,1.289,-1.0224,1.2871,-0.2609,0.3032,-0.8691,-0.8514,-1.0472,1.809,0.0762
1.2656,-0.4843,1.0619,-0.4188,1.7718,0.7202,1.289,-1.0224,1.2871,-0.2609,0.3032,-0.8691,-0.8514,-1.0472,1.809,0.0762
1.2605,-0.4973,1.0476,-0.4203,1.7579,0.7064,1.261,-1.0231,1.2911,-0.2667,0.3032,-0.8691,-0.8296,-1.0549,1.809,0.0762
1.2605,-0.4973,1.0476,-0.4203,1.7579,0.7064,1.261,-1.0231,1.2911,-0.2667,0.3032,-0.8691,-0.8296,-1.0549,1.809,0.0762
1.258,-0.5038,1.0415,-0.4225,1.7636,0.6982,1.2408,-1.0213,1.2889,-0.2746,0.2936,-0.8657,-0.822,-1.0659,1.8,0.0731
1.258,-0.5038,1.0415,-0.4225,1.7636,0.6982,1.2408,-1.0213,1.2889,-0.2746,0.2936,-0.8657,-0.822,-1.0659,1.8,0.0731
1.2588,-0.5152,1.0304,-0.4229,1.7384,0.7009,1.238,-1.031,1.2665,-0.2753,0.2783,-0.8645,-0.858,-1.0614,1.7967,0.0618
1.2588,-0.5152,1.0304,-0.4229,1.7384,0.7009,1.238,-1.031,1.2665,-0.2753,0.2783,-0.8645,-0.858,-1.0614,1.7967,0.0618
1.2435,-0.5135,1.0161,-0.4244,1.7229,0.7064,1.2429,-1.038,1.2665,-0.2753,0.2744,-0.8589,-0.9015,-1.046,1.8057,0.0648
1.2435,-0.5135,1.0161,-0.4244,1.7229,0.7064,1.2429,-1.038,1.2665,-0.2753,0.2744,-0.8589,-0.9015,-1.046,1.8057,0.0648
1.2317,-0.5167,0.9939,-0.4253,1.7229,0.7064,1.245,-1.0547,1.2503,-0.2739,0.2553,-0.8521,-0.9666,-1.023,1.7967,0.0618
1.2317,-0.5167,0.9939,-0.4253,1.7229,0.7064,1.245,-1.0547,1.2503,-0.2739,0.2553,-0.8521,-0.9666,-1.023,1.7967,0.0618
1.2257,-0.5183,0.9686,-0.4272,1.7172,0.7146,1.2374,-1.0573,1.238,-0.2783,0.2304,-0.8476,-0.9807,-1.0263,1.7877,0.0587
1.2257,-0.5183,0.9686,-0.4272,1.7172,0.7146,1.2374,-1.0573,1.238,-0.2783,0.2304,-0.8476,-0.9807,-1.0263,1.7877,0.0587
1.1868,-0.5229,0.9312,-0.4335,1.6879,0.7063,1.2068,-1.0677,1.2218,-0.2769,0.2247,-0.8497,-0.9732,-1.0372,1.7788,0.0557
1.1868,-0.5229,0.9312,-0.4335,1.6879,0.7063,1.2068,-1.0677,1.2218,-0.2769,0.2247,-0.8497,-0.9732,-1.0372,1.7788,0.0557
1.1387,-0.5244,0.8928,-0.4438,1.649,0.6952,1.161,-1.0833,1.1913,-0.2877,0.198,-0.8529,-0.9938,-1.0546,1.7665,0.0414
1.1387,-0.5244,0.8928,-0.4438,1.649,0.6952,1.161,-1.0833,1.1913,-0.2877,0.198,-0.8529,-0.9938,-1.0546,1.7665,0.0414
1.1387,-0.5244,0.8928,-0.4438,1.649,0.6952,1.161,-1.0833,1.1913,-0.2877,0.198,-0.8529,-0.9938,-1.0546,1.7665,0.0414
1.0849,-0.5274,0.8516,-0.4552,1.6004,0.6814,1.123,-1.0963,1.1429,-0.2835,0.1905,-0.8628,-0.9712,-1.0872,1.7486,0.0353
1.0849,-0.5274,0.8516,-0.4552,1.6004,0.6814,1.123,-1.0963,1.1429,-0.2835,0.1905,-0.8628,-0.9712,-1.0872,1.7486,0.0353
1.0849,-0.5274,0.8516,-0.4552,1.6004,0.6814,1.123,-1.0963,1.1429,-0.2835,0.1905,-0.8628,-0.9712,-1.0872,1.7486,0.0353
0.987,-0.5369,0.7605,-0.4705,1.5022,0.6729,1.0225,-1.1134,1.0743,-0.2938,0.1602,-0.8814,-1.0134,-1.0968,1.6543,0.0438
0.987,-0.5369,0.7605,-0.4705,1.5022,0.6729,1.0225,-1.1134,1.0743,-0.2938,0.1602,-0.8814,-1.0134,-1.0968,1.6543,0.0438
0.987,-0.5369,0.7605,-0.4705,1.5022,0.6729,1.0225,-1.1134,1.0743,-0.2938,0.1602,-0.8814,-1.0134,-1.0968,1.6543,0.0438
0.952,-0.5465,0.7108,-0.4745,1.4429,0.6754,0.9725,-1.122,1.038,-0.3068,0.1375,-0.8901,-1.0629,-1.0956,1.6131,0.0398
0.952,-0.5465,0.7108,-0.4745,1.4429,0.6754,0.9725,-1.122,1.038,-0.3068,0.1375,-0.8901,-1.0629,-1.0956,1.6131,0.0398
0.8641,-0.5592,0.6167,-0.4841,1.3609,0.6614,0.8805,-1.1366,0.9959,-0.3219,0.0958,-0.8921,-1.0769,-1.0989,1.5978,0.0143
0.8641,-0.5592,0.6167,-0.4841,1.3609,0.6614,0.8805,-1.1366,0.9959,-0.3219,0.0958,-0.8921,-1.0769,-1.0989,1.5978,0.0143
0.8641,-0.5592,0.6167,-0.4841,1.3609,0.6614,0.8805,-1.1366,0.9959,-0.3219,0.0958,-0.8921,-1.0769,-1.0989,1.5978,0.0143
0.7964,-0.5607,0.5664,-0.492,1.3133,0.6476,0.831,-1.1452,0.9619,-0.3271,0.0656,-0.8897,-1.1123,-1.0945,1.5857,0.0001
0.7964,-0.5607,0.5664,-0.492,1.3133,0.6476,0.831,-1.1452,0.9619,-0.3271,0.0656,-0.8897,-1.1123,-1.0945,1.5857,0.0001
0.7964,-0.5607,0.5664,-0.492,1.3133,0.6476,0.831,-1.1452,0.9619,-0.3271,0.0656,-0.8897,-1.1123,-1.0945,1.5857,0.0001
0.7495,-0.5623,0.5251,-0.4967,1.2849,0.6393,0.7769,-1.1469,0.9202,-0.3209,0.0448,-0.8907,-1.1123,-1.0945,1.5712,0.0052
0.7495,-0.5623,0.5251,-0.4967,1.2849,0.6393,0.7769,-1.1469,0.9202,-0.3209,0.0448,-0.8907,-1.1123,-1.0945,1.5712,0.0052
0.6775,-0.5768,0.4497,-0.5105,1.2131,0.6281,0.6645,-1.1435,0.8527,-0.3312,0.0092,-0.9114,-1.1466,-1.115,1.5069,0.0033
0.6775,-0.5768,0.4497,-0.5105,1.2131,0.6281,0.6645,-1.1435,0.8527,-0.3312,0.0092,-0.9114,-1.1466,-1.115,1.5069,0.0033
0.6775,-0.5768,0.4497,-0.5105,1.2131,0.6281,0.6645,-1.1435,0.8527,-0.3312,0.0092,-0.9114,-1.1466,-1.115,1.5069,0.0033
0.6523,-0.5896,0.4087,-0.5152,1.1699,0.6251,0.6278,-1.1565,0.7914,-0.3393,-0.0321,-0.9134,-1.2171,-1.1063,1.4805,-0.0058
0.6523,-0.5896,0.4087,-0.5152,1.1699,0.6251,0.6278,-1.1565,0.7914,-0.3393,-0.0321,-0.9134,-1.2171,-1.1063,1.4805,-0.0058
0.6148,-0.5944,0.363,-0.5182,1.1361,0.6249,0.5985,-1.1668,0.7677,-0.348,-0.0621,-0.9111,-1.2522,-1.102,1.463,-0.0119
0.6148,-0.5944,0.363,-0.5182,1.1361,0.6249,0.5985,-1.1668,0.7677,-0.348,-0.0621,-0.9111,-1.2522,-1.102,1.463,-0.0119
0.5775,-0.5992,0.3146,-0.5222,1.0931,0.6219,0.5693,-1.1771,0.7146,-0.3462,-0.0882,-0.9143,-1.3011,-1.101,1.4366,-0.021
0.5775,-0.5992,0.3146,-0.5222,1.0931,0.6219,0.5693,-1.1771,0.7146,-0.3462,-0.0882,-0.9143,-1.3011,-1.101,1.4366,-0.021
0.5346,-0.6056,0.273,-0.5308,1.0502,0.6188,0.5281,-1.1832,0.6774,-0.3458,-0.1088,-0.9153,-1.3074,-1.115,1.4135,-0.0189
0.5346,-0.6056,0.273,-0.5308,1.0502,0.6188,0.5281,-1.1832,0.6774,-0.3458,-0.1088,-0.9153,-1.3074,-1.115,1.4135,-0.0189
0.5289,-0.6072,0.2537,-0.5346,1.0465,0.608,0.5135,-1.1884,0.6559,-0.3467,-0.1199,-0.9197,-1.3286,-1.1075,1.4048,-0.022
0.5289,-0.6072,0.2537,-0.5346,1.0465,0.608,0.5135,-1.1884,0.6559,-0.3467,-0.1199,-0.9197,-1.3286,-1.1075,1.4048,-0.022
0.5289,-0.6072,0.2537,-0.5346,1.0465,0.608,0.5135,-1.1884,0.6559,-0.3467,-0.1199,-0.9197,-1.3286,-1.1075,1.4048,-0.022
0.5718,-0.6008,0.2865,-0.5293,1.08,0.6083,0.5354,-1.1806,0.6774,-0.3458,-0.1105,-0.923,-1.2862,-1.1225,1.3991,-0.0139
0.5718,-0.6008,0.2865,-0.5293,1.08,0.6083,0.5354,-1.1806,0.6774,-0.3458,-0.1105,-0.923,-1.2862,-1.1225,1.3991,-0.0139
0.5718,-0.6008,0.2865,-0.5293,1.08,0.6083,0.5354,-1.1806,0.6774,-0.3458,-0.1105,-0.923,-1.2862,-1.1225,1.3991,-0.0139
0.8285,-0.5575,0.5359,-0.4855,1.3094,0.6367,0.7721,-1.14,0.8784,-0.336,-0.0321,-0.9134,-1.1402,-1.101,1.4868,0.0165
0.8285,-0.5575,0.5359,-0.4855,1.3094,0.6367,0.7721,-1.14,0.8784,-0.336,-0.0321,-0.9134,-1.1402,-1.101,1.4868,0.0165
0.9953,-0.5288,0.7148,-0.4587,1.4638,0.6619,0.9404,-1.1159,1.0139,-0.3154,0.0279,-0.8972,-1.0209,-1.086,1.601,0.0255
0.9953,-0.5288,0.7148,-0.4587,1.4638,0.6619,0.9404,-1.1159,1.0139,-0.3154,0.0279,-0.8972,-1.0209,-1.086,1.601,0.0255
1.1496,-0.5098,0.8768,-0.4317,1.6004,0.6814,1.1029,-1.0945,1.1447,-0.2971,0.1071,-0.8877,-0.9364,-1.0666,1.7014,0.0395
1.1496,-0.5098,0.8768,-0.4317,1.6004,0.6814,1.1029,-1.0945,1.1447,-0.2971,0.1071,-0.8877,-0.9364,-1.0666,1.7014,0.0395
1.1496,-0.5098,0.8768,-0.4317,1.6004,0.6814,1.1029,-1.0945,1.1447,-0.2971,0.1071,-0.8877,-0.9364,-1.0666,1.7014,0.0395
1.2843,-0.4909,1.0193,-0.4125,1.7286,0.6981,1.252,-1.0784,1.2543,-0.2797,0.1945,-0.8893,-0.8438,-1.0582,1.7992,0.0423
1.2843,-0.4909,1.0193,-0.4125,1.7286,0.6981,1.252,-1.0784,1.2543,-0.2797,0.1945,-0.8893,-0.8438,-1.0582,1.7992,0.0423
1.3654,-0.4749,1.1314,-0.3975,1.8225,0.7147,1.354,-1.0613,1.336,-0.2651,0.2631,-0.8843,-0.765,-1.053,1.868,0.0553
1.4262,-0.4704,1.2052,-0.3929,1.8874,0.723,1.4082,-1.0431,1.3995,-0.2571,0.3205,-0.8836,-0.744,-1.0356,1.919,0.0623
1.4262,-0.4704,1.2052,-0.3929,1.8874,0.723,1.4082,-1.0431,1.3995,-0.2571,0.3205,-0.8836,-0.744,-1.0356,1.919,0.0623
1.4632,-0.4723,1.2433,-0.3866,1.9171,0.7313,1.4568,-1.0443,1.4345,-0.2521,0.3589,-0.8762,-0.7592,-1.0137,1.9611,0.0661
1.4632,-0.4723,1.2433,-0.3866,1.9171,0.7313,1.4568,-1.0443,1.4345,-0.2521,0.3589,-0.8762,-0.7592,-1.0137,1.9611,0.0661
1.4908,-0.4708,1.269,-0.3847,1.9468,0.7396,1.4978,-1.0481,1.4572,-0.2513,0.3858,-0.8731,-0.7449,-1.0104,1.9793,0.0722
1.4908,-0.4708,1.269,-0.3847,1.9468,0.7396,1.4978,-1.0481,1.4572,-0.2513,0.3858,-0.8731,-0.7449,-1.0104,1.9793,0.0722
1.5002,-0.4742,1.2773,-0.3854,1.9625,0.7341,1.5183,-1.05,1.4674,-0.255,0.4013,-0.8743,-0.7373,-1.0214,2.0091,0.0617
1.5002,-0.4742,1.2773,-0.3854,1.9625,0.7341,1.5183,-1.05,1.4674,-0.255,0.4013,-0.8743,-0.7373,-1.0214,2.0091,0.0617
1.5002,-0.4742,1.2773,-0.3854,1.9625,0.7341,1.5183,-1.05,1.4674,-0.255,0.4013,-0.8743,-0.7373,-1.0214,2.0091,0.0617
1.4908,-0.4708,1.269,-0.3847,1.9782,0.7285,1.5232,-1.0571,1.4572,-0.2513,0.4013,-0.8743,-0.7221,-1.0434,2.0297,0.0482
1.4726,-0.4756,1.2535,-0.3902,1.9526,0.7313,1.5076,-1.0622,1.4345,-0.2521,0.3955,-0.8765,-0.7288,-1.0575,2.0206,0.0451
1.4726,-0.4756,1.2535,-0.3902,1.9526,0.7313,1.5076,-1.0622,1.4345,-0.2521,0.3955,-0.8765,-0.7288,-1.0575,2.0206,0.0451
1.4726,-0.4756,1.2535,-0.3902,1.9526,0.7313,1.5076,-1.0622,1.4345,-0.2521,0.3955,-0.8765,-0.7288,-1.0575,2.0206,0.0451
1.4451,-0.4771,1.2287,-0.399,1.9484,0.7203,1.4793,-1.0629,1.4159,-0.2586,0.3839,-0.8808,-0.7431,-1.0607,1.9908,0.0556
1.4451,-0.4771,1.2287,-0.399,1.9484,0.7203,1.4793,-1.0629,1.4159,-0.2586,0.3839,-0.8808,-0.7431,-1.0607,1.9908,0.0556
1.4451,-0.4771,1.2287,-0.399,1.9484,0.7203,1.4793,-1.0629,1.4159,-0.2586,0.3839,-0.8808,-0.7431,-1.0607,1.9908,0.0556
1.4004,-0.4948,1.1803,-0.4126,1.8734,0.7093,1.4298,-1.0881,1.3868,-0.2831,0.3609,-0.8895,-0.7641,-1.0781,1.9453,0.0405
1.4004,-0.4948,1.1803,-0.4126,1.8734,0.7093,1.4298,-1.0881,1.3868,-0.2831,0.3609,-0.8895,-0.7641,-1.0781,1.9453,0.0405
1.4004,-0.4948,1.1803,-0.4126,1.8734,0.7093,1.4298,-1.0881,1.3868,-0.2831,0.3609,-0.8895,-0.7641,-1.0781,1.9453,0.0405
1.3884,-0.498,1.168,-0.417,1.8693,0.6982,1.427,-1.0977,1.3806,-0.2853,0.3551,-0.8916,-0.7717,-1.0672,1.9659,0.027
1.3884,-0.498,1.168,-0.417,1.8693,0.6982,1.427,-1.0977,1.3806,-0.2853,0.3551,-0.8916,-0.7717,-1.0672,1.9659,0.027
1.361,-0.4994,1.1526,-0.4225,1.8454,0.6817,1.4241,-1.1073,1.3581,-0.286,0.3474,-0.9015,-0.7784,-1.0813,1.9568,0.0239
1.361,-0.4994,1.1526,-0.4225,1.8454,0.6817,1.4241,-1.1073,1.3581,-0.286,0.3474,-0.9015,-0.7784,-1.0813,1.9568,0.0239
1.3397,-0.4993,1.1382,-0.424,1.8511,0.6735,1.4163,-1.1099,1.3519,-0.2882,0.3455,-0.9092,-0.7708,-1.0922,1.942,0.0292
1.3397,-0.4993,1.1382,-0.424,1.8511,0.6735,1.4163,-1.1099,1.3519,-0.2882,0.3455,-0.9092,-0.7708,-1.0922,1.942,0.0292
1.3397,-0.4993,1.1382,-0.424,1.8511,0.6735,1.4163,-1.1099,1.3519,-0.2882,0.3455,-0.9092,-0.7708,-1.0922,1.942,0.0292
1.3277,-0.5025,1.129,-0.4273,1.8454,0.6817,1.4037,-1.1055,1.3396,-0.2925,0.3436,-0.9169,-0.7708,-1.0922,1.9238,0.0231
1.3277,-0.5025,1.129,-0.4273,1.8454,0.6817,1.4037,-1.1055,1.3396,-0.2925,0.3436,-0.9169,-0.7708,-1.0922,1.9238,0.0231
1.3277,-0.5025,1.129,-0.4273,1.8454,0.6817,1.4037,-1.1055,1.3396,-0.2925,0.3436,-0.9169,-0.7708,-1.0922,1.9238,0.0231
1.3013,-0.5154,1.1024,-0.4331,1.8102,0.6817,1.3602,-1.1113,1.3251,-0.3047,0.3264,-0.9234,-0.8287,-1.08,1.9147,0.0201
1.3013,-0.5154,1.1024,-0.4331,1.8102,0.6817,1.3602,-1.1113,1.3251,-0.3047,0.3264,-0.9234,-0.8287,-1.08,1.9147,0.0201
1.3013,-0.5154,1.1024,-0.4331,1.8102,0.6817,1.3602,-1.1113,1.3251,-0.3047,0.3264,-0.9234,-0.8287,-1.08,1.9147,0.0201
1.2537,-0.5281,1.0312,-0.4406,1.771,0.6707,1.3062,-1.1293,1.2781,-0.314,0.2804,-0.9197,-0.8788,-1.0787,1.8933,0.0028
1.2537,-0.5281,1.0312,-0.4406,1.771,0.6707,1.3062,-1.1293,1.2781,-0.314,0.2804,-0.9197,-0.8788,-1.0787,1.8933,0.0028
1.2206,-0.5312,0.9937,-0.4469,1.7302,0.6789,1.2832,-1.137,1.2334,-0.3155,0.2633,-0.9262,-0.8779,-1.1037,1.8752,-0.0032
1.2206,-0.5312,0.9937,-0.4469,1.7302,0.6789,1.2832,-1.137,1.2334,-0.3155,0.2633,-0.9262,-0.8779,-1.1037,1.8752,-0.0032
1.2206,-0.5312,0.9937,-0.4469,1.7302,0.6789,1.2832,-1.137,1.2334,-0.3155,0.2633,-0.9262,-0.8779,-1.1037,1.8752,-0.0032
1.1792,-0.5424,0.9491,-0.4594,1.6912,0.6679,1.2372,-1.1524,1.1989,-0.3206,0.2423,-0.9271,-0.9062,-1.1101,1.8481,-0.0123
1.1792,-0.5424,0.9491,-0.4594,1.6912,0.6679,1.2372,-1.1524,1.1989,-0.3206,0.2423,-0.9271,-0.9062,-1.1101,1.8481,-0.0123
1.1792,-0.5424,0.9491,-0.4594,1.6912,0.6679,1.2372,-1.1524,1.1989,-0.3206,0.2423,-0.9271,-0.9062,-1.1101,1.8481,-0.0123
1.0808,-0.5517,0.8475,-0.4711,1.5924,0.6596,1.1264,-1.1554,1.1402,-0.3343,0.2042,-0.9345,-0.927,-1.1273,1.7974,-0.0191
1.0808,-0.5517,0.8475,-0.4711,1.5924,0.6596,1.1264,-1.1554,1.1402,-0.3343,0.2042,-0.9345,-0.927,-1.1273,1.7974,-0.0191
1.0272,-0.5547,0.7964,-0.4789,1.5385,0.654,1.0638,-1.1595,1.1019,-0.3337,0.1833,-0.9355,-0.9486,-1.1197,1.7794,-0.0252
1.0272,-0.5547,0.7964,-0.4789,1.5385,0.654,1.0638,-1.1595,1.1019,-0.3337,0.1833,-0.9355,-0.9486,-1.1197,1.7794,-0.0252
1.0272,-0.5547,0.7964,-0.4789,1.5385,0.654,1.0638,-1.1595,1.1019,-0.3337,0.1833,-0.9355,-0.9486,-1.1197,1.7794,-0.0252
0.9737,-0.5578,0.7485,-0.4856,1.5,0.643,1.0137,-1.1679,1.0677,-0.3387,0.1567,-0.9386,-0.9552,-1.1337,1.7322,-0.0209
0.9737,-0.5578,0.7485,-0.4856,1.5,0.643,1.0137,-1.1679,1.0677,-0.3387,0.1567,-0.9386,-0.9552,-1.1337,1.7322,-0.0209
0.9737,-0.5578,0.7485,-0.4856,1.5,0.643,1.0137,-1.1679,1.0677,-0.3387,0.1567,-0.9386,-0.9552,-1.1337,1.7322,-0.0209
0.8775,-0.5785,0.6433,-0.4957,1.4233,0.621,0.9114,-1.1944,0.9876,-0.3532,0.1114,-0.9558,-1.0404,-1.1281,1.673,-0.0308
0.8775,-0.5785,0.6433,-0.4957,1.4233,0.621,0.9114,-1.1944,0.9876,-0.3532,0.1114,-0.9558,-1.0404,-1.1281,1.673,-0.0308
0.8428,-0.588,0.592,-0.4968,1.389,0.6209,0.8693,-1.2003,0.9476,-0.3605,0.0906,-0.9568,-1.0684,-1.1345,1.6406,-0.0317
0.8428,-0.588,0.592,-0.4968,1.389,0.6209,0.8693,-1.2003,0.9476,-0.3605,0.0906,-0.9568,-1.0684,-1.1345,1.6406,-0.0317
0.7958,-0.5896,0.5516,-0.5082,1.366,0.6046,0.8395,-1.2105,0.9138,-0.3656,0.0642,-0.9599,-1.0964,-1.1409,1.6229,-0.0377
0.7498,-0.6023,0.5035,-0.5189,1.2978,0.6042,0.7902,-1.219,0.8741,-0.3728,0.0379,-0.963,-1.1317,-1.1365,1.5995,-0.0356
0.7498,-0.6023,0.5035,-0.5189,1.2978,0.6042,0.7902,-1.219,0.8741,-0.3728,0.0379,-0.963,-1.1317,-1.1365,1.5995,-0.0356
0.7498,-0.6023,0.5035,-0.5189,1.2978,0.6042,0.7902,-1.219,0.8741,-0.3728,0.0379,-0.963,-1.1317,-1.1365,1.5995,-0.0356
0.7179,-0.6055,0.4644,-0.5263,1.2488,0.6094,0.7437,-1.2181,0.8404,-0.3779,0.0172,-0.964,-1.167,-1.1322,1.5761,-0.0335
0.7179,-0.6055,0.4644,-0.5263,1.2488,0.6094,0.7437,-1.2181,0.8404,-0.3779,0.0172,-0.964,-1.167,-1.1322,1.5761,-0.0335
0.7179,-0.6055,0.4644,-0.5263,1.2488,0.6094,0.7437,-1.2181,0.8404,-0.3779,0.0172,-0.964,-1.167,-1.1322,1.5761,-0.0335
0.6746,-0.6119,0.4156,-0.5304,1.1905,0.6118,0.6973,-1.2172,0.8226,-0.3844,-0.0167,-0.9561,-1.167,-1.1322,1.5673,-0.0365
0.6224,-0.6151,0.366,-0.5383,1.1491,0.59,0.6364,-1.2215,0.7792,-0.386,-0.0373,-0.9571,-1.1947,-1.1386,1.5496,-0.0425
0.5761,-0.6167,0.3224,-0.544,1.106,0.587,0.5951,-1.2275,0.7419,-0.3855,-0.0596,-0.9657,-1.1873,-1.1493,1.5175,-0.0434
0.5761,-0.6167,0.3224,-0.544,1.106,0.587,0.5951,-1.2275,0.7419,-0.3855,-0.0596,-0.9657,-1.1873,-1.1493,1.5175,-0.0434
0.5761,-0.6167,0.3224,-0.544,1.106,0.587,0.5951,-1.2275,0.7419,-0.3855,-0.0596,-0.9657,-1.1873,-1.1493,1.5175,-0.0434
0.5445,-0.6199,0.2846,-0.5476,1.0929,0.5735,0.5444,-1.2199,0.7242,-0.392,-0.0764,-0.9722,-1.2224,-1.145,1.4999,-0.0495
0.5445,-0.6199,0.2846,-0.5476,1.0929,0.5735,0.5444,-1.2199,0.7242,-0.392,-0.0764,-0.9722,-1.2224,-1.145,1.4999,-0.0495
0.5445,-0.6199,0.2846,-0.5476,1.0929,0.5735,0.5444,-1.2199,0.7242,-0.392,-0.0764,-0.9722,-1.2224,-1.145,1.4999,-0.0495
0.5501,-0.6183,0.2846,-0.5476,1.0929,0.5735,0.5372,-1.2224,0.7242,-0.392,-0.0764,-0.9722,-1.2437,-1.1375,1.4999,-0.0495
0.5501,-0.6183,0.2846,-0.5476,1.0929,0.5735,0.5372,-1.2224,0.7242,-0.392,-0.0764,-0.9722,-1.2437,-1.1375,1.4999,-0.0495
0.6362,-0.6055,0.3572,-0.531,1.164,0.5847,0.605,-1.2155,0.7537,-0.3812,-0.067,-0.9755,-1.2299,-1.1343,1.5231,-0.0515
0.7834,-0.5816,0.4937,-0.5048,1.3129,0.5989,0.7611,-1.2036,0.8484,-0.368,-0.0297,-0.9681,-1.1531,-1.129,1.5874,-0.0497
0.9554,-0.5513,0.6731,-0.474,1.4768,0.6266,0.9488,-1.1815,0.9677,-0.3462,0.0341,-0.9575,-1.0404,-1.1281,1.6641,-0.0338
0.9554,-0.5513,0.6731,-0.474,1.4768,0.6266,0.9488,-1.1815,0.9677,-0.3462,0.0341,-0.9575,-1.0404,-1.1281,1.6641,-0.0338
1.1294,-0.5211,0.8627,-0.444,1.6425,0.6542,1.1292,-1.1459,1.1001,-0.3201,0.1132,-0.9482,-0.9345,-1.1165,1.7445,-0.0066
1.1294,-0.5211,0.8627,-0.444,1.6425,0.6542,1.1292,-1.1459,1.1001,-0.3201,0.1132,-0.9482,-0.9345,-1.1165,1.7445,-0.0066
1.1294,-0.5211,0.8627,-0.444,1.6425,0.6542,1.1292,-1.1459,1.1001,-0.3201,0.1132,-0.9482,-0.9345,-1.1165,1.7445,-0.0066
1.2877,-0.4958,1.0345,-0.4178,1.7849,0.6845,1.3091,-1.1197,1.2417,-0.3055,0.1985,-0.9367,-0.8278,-1.105,1.8367,0.0041
1.2877,-0.4958,1.0345,-0.4178,1.7849,0.6845,1.3091,-1.1197,1.2417,-0.3055,0.1985,-0.9367,-0.8278,-1.105,1.8367,0.0041
1.4022,-0.4768,1.1651,-0.3963,1.9046,0.6982,1.4474,-1.0996,1.3621,-0.2917,0.2843,-0.9253,-0.7279,-1.0826,1.9238,0.0231
1.4022,-0.4768,1.1651,-0.3963,1.9046,0.6982,1.4474,-1.0996,1.3621,-0.2917,0.2843,-0.9253,-0.7279,-1.0826,1.9238,0.0231
1.4022,-0.4768,1.1651,-0.3963,1.9046,0.6982,1.4474,-1.0996,1.3621,-0.2917,0.2843,-0.9253,-0.7279,-1.0826,1.9238,0.0231
1.4968,-0.4692,1.2742,-0.3865,1.984,0.7202,1.5634,-1.0873,1.4319,-0.2817,0.3379,-0.9191,-0.6849,-1.073,1.9898,0.0248
1.4968,-0.4692,1.2742,-0.3865,1.984,0.7202,1.5634,-1.0873,1.4319,-0.2817,0.3379,-0.9191,-0.6849,-1.073,1.9898,0.0248
1.4968,-0.4692,1.2742,-0.3865,1.984,0.7202,1.5634,-1.0873,1.4319,-0.2817,0.3379,-0.9191,-0.6849,-1.073,1.9898,0.0248
1.5859,-0.4633,1.3922,-0.3776,2.0696,0.7339,1.6854,-1.0822,1.5414,-0.2724,0.4322,-0.9188,-0.6053,-1.068,2.1043,0.0218
1.5859,-0.4633,1.3922,-0.3776,2.0696,0.7339,1.6854,-1.0822,1.5414,-0.2724,0.4322,-0.9188,-0.6053,-1.068,2.1043,0.0218
1.6172,-0.4668,1.4214,-0.3746,2.1054,0.7339,1.7219,-1.079,1.5704,-0.2695,0.4689,-0.9192,-0.5909,-1.0648,2.1468,0.0256
1.6172,-0.4668,1.4214,-0.3746,2.1054,0.7339,1.7219,-1.079,1.5704,-0.2695,0.4689,-0.9192,-0.5909,-1.0648,2.1468,0.0256
1.6328,-0.4686,1.4297,-0.3753,2.1212,0.7283,1.7427,-1.081,1.591,-0.2768,0.4844,-0.9205,-0.5612,-1.0836,2.1768,0.015
1.6328,-0.4686,1.4297,-0.3753,2.1212,0.7283,1.7427,-1.081,1.591,-0.2768,0.4844,-0.9205,-0.5612,-1.0836,2.1768,0.015
1.6328,-0.4686,1.4297,-0.3753,2.1212,0.7283,1.7427,-1.081,1.591,-0.2768,0.4844,-0.9205,-0.5612,-1.0836,2.1768,0.015
1.6267,-0.4702,1.4286,-0.3794,2.1112,0.7255,1.7476,-1.0881,1.5784,-0.2811,0.4921,-0.9316,-0.5756,-1.0868,2.1733,0.0037
1.6267,-0.4702,1.4286,-0.3794,2.1112,0.7255,1.7476,-1.0881,1.5784,-0.2811,0.4921,-0.9316,-0.5756,-1.0868,2.1733,0.0037
1.5997,-0.4831,1.4003,-0.3893,2.0696,0.7339,1.7288,-1.1029,1.5762,-0.289,0.4979,-0.9295,-0.5688,-1.0726,2.1733,0.0037
1.5997,-0.4831,1.4003,-0.3893,2.0696,0.7339,1.7288,-1.1029,1.5762,-0.289,0.4979,-0.9295,-0.5688,-1.0726,2.1733,0.0037
1.5997,-0.4831,1.4003,-0.3893,2.0696,0.7339,1.7288,-1.1029,1.5762,-0.289,0.4979,-0.9295,-0.5688,-1.0726,2.1733,0.0037
1.5719,-0.4845,1.3764,-0.394,2.0553,0.7201,1.7001,-1.1035,1.5534,-0.2897,0.4824,-0.9282,-0.5909,-1.0648,2.1699,-0.0076
1.5719,-0.4845,1.3764,-0.394,2.0553,0.7201,1.7001,-1.1035,1.5534,-0.2897,0.4824,-0.9282,-0.5909,-1.0648,2.1699,-0.0076
1.5719,-0.4845,1.3764,-0.394,2.0553,0.7201,1.7001,-1.1035,1.5534,-0.2897,0.4824,-0.9282,-0.5909,-1.0648,2.1699,-0.0076
1.5537,-0.4893,1.3556,-0.3977,2.0354,0.7146,1.6715,-1.1041,1.5244,-0.2925,0.4785,-0.9436,-0.5977,-1.079,2.1514,-0.0136
1.5537,-0.4893,1.3556,-0.3977,2.0354,0.7146,1.6715,-1.1041,1.5244,-0.2925,0.4785,-0.9436,-0.5977,-1.079,2.1514,-0.0136
1.5537,-0.4893,1.3556,-0.3977,2.0354,0.7146,1.6715,-1.1041,1.5244,-0.2925,0.4785,-0.9436,-0.5977,-1.079,2.1514,-0.0136
1.5234,-0.4973,1.3306,-0.4065,2.0212,0.7008,1.64,-1.1144,1.4892,-0.2975,0.4611,-0.9501,-0.641,-1.0886,2.1388,-0.0279
1.5234,-0.4973,1.3306,-0.4065,2.0212,0.7008,1.64,-1.1144,1.4892,-0.2975,0.4611,-0.9501,-0.641,-1.0886,2.1388,-0.0279
1.5079,-0.4955,1.3161,-0.4079,2.0112,0.6981,1.637,-1.124,1.4768,-0.3018,0.4553,-0.9522,-0.6478,-1.1027,2.1445,-0.0361
1.5079,-0.4955,1.3161,-0.4079,2.0112,0.6981,1.637,-1.124,1.4768,-0.3018,0.4553,-0.9522,-0.6478,-1.1027,2.1445,-0.0361
1.5079,-0.4955,1.3161,-0.4079,2.0112,0.6981,1.637,-1.124,1.4768,-0.3018,0.4553,-0.9522,-0.6478,-1.1027,2.1445,-0.0361
1.4958,-0.4987,1.2985,-0.4105,1.9913,0.6926,1.6292,-1.1265,1.4643,-0.3062,0.4495,-0.9543,-0.6402,-1.1136,2.1295,-0.0309
1.4958,-0.4987,1.2985,-0.4105,1.9913,0.6926,1.6292,-1.1265,1.4643,-0.3062,0.4495,-0.9543,-0.6402,-1.1136,2.1295,-0.0309
1.4777,-0.5035,1.2881,-0.4178,1.9657,0.6954,1.6135,-1.1317,1.4559,-0.3162,0.4379,-0.9586,-0.6546,-1.1168,2.1261,-0.0421
1.4777,-0.5035,1.2881,-0.4178,1.9657,0.6954,1.6135,-1.1317,1.4559,-0.3162,0.4379,-0.9586,-0.6546,-1.1168,2.1261,-0.0421
1.4502,-0.5049,1.2643,-0.4226,1.9458,0.6899,1.5899,-1.1393,1.4333,-0.3169,0.4263,-0.9629,-0.647,-1.1277,2.1169,-0.0451
1.4502,-0.5049,1.2643,-0.4226,1.9458,0.6899,1.5899,-1.1393,1.4333,-0.3169,0.4263,-0.9629,-0.647,-1.1277,2.1169,-0.0451
1.4502,-0.5049,1.2643,-0.4226,1.9458,0.6899,1.5899,-1.1393,1.4333,-0.3169,0.4263,-0.9629,-0.647,-1.1277,2.1169,-0.0451
1.3867,-0.5159,1.1984,-0.4387,1.8865,0.6735,1.5098,-1.1482,1.3899,-0.3319,0.3821,-0.9723,-0.6976,-1.1263,2.0745,-0.0488
1.3867,-0.5159,1.1984,-0.4387,1.8865,0.6735,1.5098,-1.1482,1.3899,-0.3319,0.3821,-0.9723,-0.6976,-1.1263,2.0745,-0.0488
1.3601,-0.5288,1.1574,-0.446,1.8511,0.6735,1.4708,-1.161,1.3551,-0.3369,0.3552,-0.9754,-0.7339,-1.1217,2.0619,-0.063
1.3601,-0.5288,1.1574,-0.446,1.8511,0.6735,1.4708,-1.161,1.3551,-0.3369,0.3552,-0.9754,-0.7339,-1.1217,2.0619,-0.063
1.3302,-0.5367,1.1195,-0.4523,1.8159,0.6735,1.4398,-1.1712,1.3203,-0.3419,0.3379,-0.9818,-0.7918,-1.1095,2.0288,-0.0637
1.3302,-0.5367,1.1195,-0.4523,1.8159,0.6735,1.4398,-1.1712,1.3203,-0.3419,0.3379,-0.9818,-0.7918,-1.1095,2.0288,-0.0637
1.3302,-0.5367,1.1195,-0.4523,1.8159,0.6735,1.4398,-1.1712,1.3203,-0.3419,0.3379,-0.9818,-0.7918,-1.1095,2.0288,-0.0637
1.2308,-0.5459,1.0187,-0.4666,1.7318,0.6598,1.3373,-1.1878,1.2309,-0.3448,0.2844,-0.9878,-0.8269,-1.1299,1.9684,-0.0734
1.2308,-0.5459,1.0187,-0.4666,1.7318,0.6598,1.3373,-1.1878,1.2309,-0.3448,0.2844,-0.9878,-0.8269,-1.1299,1.9684,-0.0734
1.2308,-0.5459,1.0187,-0.4666,1.7318,0.6598,1.3373,-1.1878,1.2309,-0.3448,0.2844,-0.9878,-0.8269,-1.1299,1.9684,-0.0734
1.1708,-0.5504,0.9691,-0.4773,1.6774,0.6543,1.2912,-1.2031,1.1882,-0.3598,0.2558,-0.9985,-0.8695,-1.1394,1.9117,-0.0719
1.1708,-0.5504,0.9691,-0.4773,1.6774,0.6543,1.2912,-1.2031,1.1882,-0.3598,0.2558,-0.9985,-0.8695,-1.1394,1.9117,-0.0719
1.1295,-0.5616,0.9206,-0.484,1.6328,0.6515,1.2356,-1.2044,1.1538,-0.3649,0.2348,-0.9994,-0.862,-1.1503,1.9083,-0.0831
1.1295,-0.5616,0.9206,-0.484,1.6328,0.6515,1.2356,-1.2044,1.1538,-0.3649,0.2348,-0.9994,-0.862,-1.1503,1.9083,-0.0831
1.0884,-0.5727,0.8674,-0.4889,1.5941,0.6405,1.1974,-1.2172,1.1095,-0.3664,0.1987,-0.9991,-0.8762,-1.1534,1.8812,-0.092
1.0884,-0.5727,0.8674,-0.4889,1.5941,0.6405,1.1974,-1.2172,1.1095,-0.3664,0.1987,-0.9991,-0.8762,-1.1534,1.8812,-0.092
1.0884,-0.5727,0.8674,-0.4889,1.5941,0.6405,1.1974,-1.2172,1.1095,-0.3664,0.1987,-0.9991,-0.8762,-1.1534,1.8812,-0.092
1.0406,-0.5741,0.8223,-0.4945,1.5651,0.6323,1.1497,-1.216,1.0693,-0.3735,0.1665,-1.0043,-0.9186,-1.163,1.8394,-0.0957
1.0406,-0.5741,0.8223,-0.4945,1.5651,0.6323,1.1497,-1.216,1.0693,-0.3735,0.1665,-1.0043,-0.9186,-1.163,1.8394,-0.0957
1.0406,-0.5741,0.8223,-0.4945,1.5651,0.6323,1.1497,-1.216,1.0693,-0.3735,0.1665,-1.0043,-0.9186,-1.163,1.8394,-0.0957
0.9589,-0.5963,0.7226,-0.5022,1.4768,0.6266,1.0521,-1.2232,1.0012,-0.3836,0.1097,-1.0049,-1.0039,-1.1572,1.7945,-0.1106
0.9589,-0.5963,0.7226,-0.5022,1.4768,0.6266,1.0521,-1.2232,1.0012,-0.3836,0.1097,-1.0049,-1.0039,-1.1572,1.7945,-0.1106
0.9149,-0.6026,0.67,-0.5072,1.4328,0.6237,1.0144,-1.236,0.9672,-0.3887,0.0928,-1.0113,-1.032,-1.1636,1.7822,-0.1247
0.9149,-0.6026,0.67,-0.5072,1.4328,0.6237,1.0144,-1.236,0.9672,-0.3887,0.0928,-1.0113,-1.032,-1.1636,1.7822,-0.1247
0.8768,-0.6073,0.6205,-0.5112,1.389,0.6209,0.9673,-1.2349,0.9235,-0.3903,0.0626,-1.0089,-1.06,-1.17,1.744,-0.1173
0.8768,-0.6073,0.6205,-0.5112,1.389,0.6209,0.9673,-1.2349,0.9235,-0.3903,0.0626,-1.0089,-1.06,-1.17,1.744,-0.1173
0.8768,-0.6073,0.6205,-0.5112,1.389,0.6209,0.9673,-1.2349,0.9235,-0.3903,0.0626,-1.0089,-1.06,-1.17,1.744,-0.1173
0.8297,-0.6088,0.5781,-0.5197,1.3509,0.6099,0.9128,-1.2364,0.8897,-0.3953,0.0551,-1.0187,-1.0954,-1.1656,1.7261,-0.1233
0.8297,-0.6088,0.5781,-0.5197,1.3509,0.6099,0.9128,-1.2364,0.8897,-0.3953,0.0551,-1.0187,-1.0954,-1.1656,1.7261,-0.1233
0.8297,-0.6088,0.5781,-0.5197,1.3509,0.6099,0.9128,-1.2364,0.8897,-0.3953,0.0551,-1.0187,-1.0954,-1.1656,1.7261,-0.1233
0.7336,-0.6183,0.479,-0.5315,1.2449,0.5986,0.8092,-1.2464,0.8343,-0.4012,0.0063,-1.0096,-1.1093,-1.1688,1.705,-0.1403
0.7336,-0.6183,0.479,-0.5315,1.2449,0.5986,0.8092,-1.2464,0.8343,-0.4012,0.0063,-1.0096,-1.1093,-1.1688,1.705,-0.1403
0.6983,-0.6166,0.4458,-0.5368,1.2166,0.5904,0.7822,-1.2472,0.8066,-0.4042,-0.0144,-1.0106,-1.1446,-1.1644,1.6872,-0.1462
0.6983,-0.6166,0.4458,-0.5368,1.2166,0.5904,0.7822,-1.2472,0.8066,-0.4042,-0.0144,-1.0106,-1.1446,-1.1644,1.6872,-0.1462
0.6983,-0.6166,0.4458,-0.5368,1.2166,0.5904,0.7822,-1.2472,0.8066,-0.4042,-0.0144,-1.0106,-1.1446,-1.1644,1.6872,-0.1462
0.6836,-0.6151,0.4302,-0.5355,1.2033,0.5768,0.7674,-1.2523,0.7909,-0.4028,-0.02,-1.0127,-1.1372,-1.1751,1.6726,-0.1411
0.6836,-0.6151,0.4302,-0.5355,1.2033,0.5768,0.7674,-1.2523,0.7909,-0.4028,-0.02,-1.0127,-1.1372,-1.1751,1.6726,-0.1411
0.6836,-0.6151,0.4302,-0.5355,1.2033,0.5768,0.7674,-1.2523,0.7909,-0.4028,-0.02,-1.0127,-1.1372,-1.1751,1.6726,-0.1411
0.8717,-0.5801,0.6146,-0.5027,1.3963,0.5939,0.955,-1.2306,0.9076,-0.3889,0.0213,-1.0108,-1.06,-1.17,1.7407,-0.1284
1.033,-0.5531,0.7815,-0.4736,1.5418,0.6159,1.1174,-1.2098,1.0273,-0.3673,0.089,-1.0059,-0.9758,-1.1509,1.8181,-0.1128
1.033,-0.5531,0.7815,-0.4736,1.5418,0.6159,1.1174,-1.2098,1.0273,-0.3673,0.089,-1.0059,-0.9758,-1.1509,1.8181,-0.1128
1.2113,-0.5279,0.9714,-0.4478,1.6985,0.6406,1.3046,-1.1815,1.1642,-0.3471,0.174,-0.9945,-0.8553,-1.1363,1.9378,-0.0935
1.2113,-0.5279,0.9714,-0.4478,1.6985,0.6406,1.3046,-1.1815,1.1642,-0.3471,0.174,-0.9945,-0.8553,-1.1363,1.9378,-0.0935
1.2113,-0.5279,0.9714,-0.4478,1.6985,0.6406,1.3046,-1.1815,1.1642,-0.3471,0.174,-0.9945,-0.8553,-1.1363,1.9378,-0.0935
1.3738,-0.5077,1.1393,-0.42,1.8413,0.6708,1.4737,-1.1514,1.2961,-0.3291,0.2557,-0.9777,-0.7557,-1.114,2.0253,-0.0749
1.3738,-0.5077,1.1393,-0.42,1.8413,0.6708,1.4737,-1.1514,1.2961,-0.3291,0.2557,-0.9777,-0.7557,-1.114,2.0253,-0.0749
1.495,-0.4872,1.2842,-0.4011,1.95,0.7009,1.6086,-1.1246,1.4107,-0.3176,0.336,-0.9686,-0.6622,-1.1059,2.1191,-0.0646
1.495,-0.4872,1.2842,-0.4011,1.95,0.7009,1.6086,-1.1246,1.4107,-0.3176,0.336,-0.9686,-0.6622,-1.1059,2.1191,-0.0646
1.6023,-0.4766,1.3963,-0.3834,2.0454,0.7174,1.7258,-1.1126,1.5034,-0.3069,0.3955,-0.9604,-0.5901,-1.09,2.1986,-0.049
1.6023,-0.4766,1.3963,-0.3834,2.0454,0.7174,1.7258,-1.1126,1.5034,-0.3069,0.3955,-0.9604,-0.5901,-1.09,2.1986,-0.049
1.6546,-0.4688,1.4661,-0.3771,2.0954,0.7311,1.8071,-1.1037,1.5677,-0.2991,0.4456,-0.9488,-0.5246,-1.0883,2.2506,-0.0424
1.6546,-0.4688,1.4661,-0.3771,2.0954,0.7311,1.8071,-1.1037,1.5677,-0.2991,0.4456,-0.9488,-0.5246,-1.0883,2.2506,-0.0424
1.6982,-0.4692,1.5049,-0.3709,2.1413,0.7338,1.8519,-1.0981,1.603,-0.2941,0.4862,-0.9547,-0.4879,-1.0929,2.2992,-0.0471
1.6982,-0.4692,1.5049,-0.3709,2.1413,0.7338,1.8519,-1.0981,1.603,-0.2941,0.4862,-0.9547,-0.4879,-1.0929,2.2992,-0.0471
1.72,-0.4694,1.5331,-0.372,2.1673,0.7309,1.8679,-1.0929,1.6362,-0.2971,0.5075,-0.9539,-0.4955,-1.0819,2.333,-0.0464
1.72,-0.4694,1.5331,-0.372,2.1673,0.7309,1.8679,-1.0929,1.6362,-0.2971,0.5075,-0.9539,-0.4955,-1.0819,2.333,-0.0464
1.72,-0.4694,1.5331,-0.372,2.1673,0.7309,1.8679,-1.0929,1.6362,-0.2971,0.5075,-0.9539,-0.4955,-1.0819,2.333,-0.0464
1.7357,-0.4712,1.5447,-0.3717,2.199,0.7197,1.8889,-1.095,1.6362,-0.2971,0.523,-0.9551,-0.4879,-1.0929,2.3631,-0.0571
1.7357,-0.4712,1.5447,-0.3717,2.199,0.7197,1.8889,-1.095,1.6362,-0.2971,0.523,-0.9551,-0.4879,-1.0929,2.3631,-0.0571
1.7077,-0.4726,1.5309,-0.3801,2.1788,0.7142,1.8957,-1.1189,1.6008,-0.3021,0.5191,-0.9705,-0.5162,-1.1244,2.3143,-0.0524
1.7077,-0.4726,1.5309,-0.3801,2.1788,0.7142,1.8957,-1.1189,1.6008,-0.3021,0.5191,-0.9705,-0.5162,-1.1244,2.3143,-0.0524
1.7077,-0.4726,1.5309,-0.3801,2.1788,0.7142,1.8957,-1.1189,1.6008,-0.3021,0.5191,-0.9705,-0.5162,-1.1244,2.3143,-0.0524
1.6928,-0.4823,1.5067,-0.3848,2.1529,0.7171,1.8717,-1.1266,1.5882,-0.3064,0.5074,-0.9748,-0.5086,-1.1353,2.2899,-0.05
1.6928,-0.4823,1.5067,-0.3848,2.1529,0.7171,1.8717,-1.1266,1.5882,-0.3064,0.5074,-0.9748,-0.5086,-1.1353,2.2899,-0.05
1.6649,-0.4837,1.4846,-0.3925,2.1328,0.7116,1.8557,-1.1316,1.5694,-0.3128,0.4861,-0.9757,-0.5308,-1.1275,2.2921,-0.0696
1.6649,-0.4837,1.4846,-0.3925,2.1328,0.7116,1.8557,-1.1316,1.5694,-0.3128,0.4861,-0.9757,-0.5308,-1.1275,2.2921,-0.0696
1.637,-0.4851,1.4637,-0.3962,2.1127,0.7061,1.8398,-1.1367,1.5632,-0.315,0.4707,-0.9744,-0.5528,-1.1197,2.2828,-0.0725
1.637,-0.4851,1.4637,-0.3962,2.1127,0.7061,1.8398,-1.1367,1.5632,-0.315,0.4707,-0.9744,-0.5528,-1.1197,2.2828,-0.0725
1.6092,-0.4865,1.4459,-0.3987,2.0869,0.709,1.8238,-1.1418,1.5404,-0.3156,0.4629,-0.9842,-0.5597,-1.1338,2.2793,-0.0838
1.6092,-0.4865,1.4459,-0.3987,2.0869,0.709,1.8238,-1.1418,1.5404,-0.3156,0.4629,-0.9842,-0.5597,-1.1338,2.2793,-0.0838
1.5944,-0.4962,1.4302,-0.4042,2.0726,0.6952,1.795,-1.1424,1.5177,-0.3163,0.4552,-0.994,-0.6182,-1.1214,2.2607,-0.0897
1.5944,-0.4962,1.4302,-0.4042,2.0726,0.6952,1.795,-1.1424,1.5177,-0.3163,0.4552,-0.994,-0.6182,-1.1214,2.2607,-0.0897
1.5883,-0.4978,1.4136,-0.4028,2.0726,0.6952,1.795,-1.1424,1.5217,-0.3221,0.461,-0.9919,-0.6182,-1.1214,2.2607,-0.0897
1.5883,-0.4978,1.4136,-0.4028,2.0726,0.6952,1.795,-1.1424,1.5217,-0.3221,0.461,-0.9919,-0.6182,-1.1214,2.2607,-0.0897
1.5666,-0.4976,1.3959,-0.4053,2.0527,0.6897,1.7791,-1.1475,1.5052,-0.3206,0.4552,-0.994,-0.625,-1.1355,2.2515,-0.0926
1.5666,-0.4976,1.3959,-0.4053,2.0527,0.6897,1.7791,-1.1475,1.5052,-0.3206,0.4552,-0.994,-0.625,-1.1355,2.2515,-0.0926
1.5484,-0.5024,1.3771,-0.4119,2.0327,0.6842,1.7632,-1.1525,1.4825,-0.3213,0.4397,-0.9927,-0.6175,-1.1464,2.2422,-0.0956
1.5484,-0.5024,1.3771,-0.4119,2.0327,0.6842,1.7632,-1.1525,1.4825,-0.3213,0.4397,-0.9927,-0.6175,-1.1464,2.2422,-0.0956
1.5303,-0.5072,1.3501,-0.4177,2.007,0.687,1.7266,-1.1556,1.4577,-0.3298,0.4224,-0.9991,-0.6463,-1.1527,2.2087,-0.0962
1.5303,-0.5072,1.3501,-0.4177,2.007,0.687,1.7266,-1.1556,1.4577,-0.3298,0.4224,-0.9991,-0.6463,-1.1527,2.2087,-0.0962
1.5061,-0.5135,1.318,-0.4218,1.9657,0.6954,1.7029,-1.1633,1.443,-0.342,0.4108,-1.0034,-0.6463,-1.1527,2.196,-0.1104
1.5061,-0.5135,1.318,-0.4218,1.9657,0.6954,1.7029,-1.1633,1.443,-0.342,0.4108,-1.0034,-0.6463,-1.1527,2.196,-0.1104
1.5061,-0.5135,1.318,-0.4218,1.9657,0.6954,1.7029,-1.1633,1.443,-0.342,0.4108,-1.0034,-0.6463,-1.1527,2.196,-0.1104
1.4759,-0.5214,1.2848,-0.4298,1.9302,0.6954,1.6713,-1.1734,1.4142,-0.3448,0.3897,-1.0042,-0.6463,-1.1527,2.1924,-0.1215
1.4303,-0.5276,1.2384,-0.4353,1.8963,0.6762,1.6192,-1.1816,1.3754,-0.3441,0.3628,-1.0072,-0.6606,-1.1558,2.174,-0.1274
1.4303,-0.5276,1.2384,-0.4353,1.8963,0.6762,1.6192,-1.1816,1.3754,-0.3441,0.3628,-1.0072,-0.6606,-1.1558,2.174,-0.1274
1.3815,-0.5289,1.1922,-0.4409,1.8667,0.668,1.5752,-1.1873,1.3406,-0.3491,0.3455,-1.0136,-0.675,-1.159,2.1556,-0.1333
1.3815,-0.5289,1.1922,-0.4409,1.8667,0.668,1.5752,-1.1873,1.3406,-0.3491,0.3455,-1.0136,-0.675,-1.159,2.1556,-0.1333
1.3815,-0.5289,1.1922,-0.4409,1.8667,0.668,1.5752,-1.1873,1.3406,-0.3491,0.3455,-1.0136,-0.675,-1.159,2.1556,-0.1333
1.3336,-0.5416,1.14,-0.4486,1.8372,0.6598,1.5234,-1.1955,1.2997,-0.3562,0.3187,-1.0166,-0.7112,-1.1544,2.128,-0.1421
1.3336,-0.5416,1.14,-0.4486,1.8372,0.6598,1.5234,-1.1955,1.2997,-0.3562,0.3187,-1.0166,-0.7112,-1.1544,2.128,-0.1421
1.2562,-0.5622,1.0371,-0.4601,1.7685,0.6406,1.4204,-1.2119,1.2144,-0.3648,0.2501,-1.0214,-0.7901,-1.1593,2.073,-0.1598
1.2562,-0.5622,1.0371,-0.4601,1.7685,0.6406,1.4204,-1.2119,1.2144,-0.3648,0.2501,-1.0214,-0.7901,-1.1593,2.073,-0.1598
1.2562,-0.5622,1.0371,-0.4601,1.7685,0.6406,1.4204,-1.2119,1.2144,-0.3648,0.2501,-1.0214,-0.7901,-1.1593,2.073,-0.1598
1.2079,-0.5635,0.9884,-0.4668,1.7334,0.6406,1.3769,-1.2176,1.1599,-0.3627,0.2234,-1.0244,-0.7969,-1.1733,2.0399,-0.1604
1.2079,-0.5635,0.9884,-0.4668,1.7334,0.6406,1.3769,-1.2176,1.1599,-0.3627,0.2234,-1.0244,-0.7969,-1.1733,2.0399,-0.1604
1.2079,-0.5635,0.9884,-0.4668,1.7334,0.6406,1.3769,-1.2176,1.1599,-0.3627,0.2234,-1.0244,-0.7969,-1.1733,2.0399,-0.1604
1.1573,-0.5714,0.9419,-0.4763,1.6733,0.6433,1.3384,-1.2303,1.1195,-0.3699,0.1968,-1.0274,-0.8253,-1.1796,1.9922,-0.1559
1.1573,-0.5714,0.9419,-0.4763,1.6733,0.6433,1.3384,-1.2303,1.1195,-0.3699,0.1968,-1.0274,-0.8253,-1.1796,1.9922,-0.1559
1.0649,-0.579,0.8423,-0.4908,1.5691,0.6432,1.2444,-1.2442,1.0551,-0.3856,0.1457,-1.0259,-0.8753,-1.1782,1.9411,-0.1624
1.0649,-0.579,0.8423,-0.4908,1.5691,0.6432,1.2444,-1.2442,1.0551,-0.3856,0.1457,-1.0259,-0.8753,-1.1782,1.9411,-0.1624
1.0206,-0.5853,0.7843,-0.494,1.5305,0.6322,1.189,-1.2455,1.0111,-0.3872,0.1098,-1.0256,-0.9111,-1.1738,1.923,-0.1683
1.0206,-0.5853,0.7843,-0.494,1.5305,0.6322,1.189,-1.2455,1.0111,-0.3872,0.1098,-1.0256,-0.9111,-1.1738,1.923,-0.1683
1.0206,-0.5853,0.7843,-0.494,1.5305,0.6322,1.189,-1.2455,1.0111,-0.3872,0.1098,-1.0256,-0.9111,-1.1738,1.923,-0.1683
0.973,-0.5867,0.7415,-0.5025,1.492,0.6212,1.1385,-1.2538,0.9871,-0.3957,0.0872,-1.0341,-0.9393,-1.1801,1.9049,-0.1742
0.973,-0.5867,0.7415,-0.5025,1.492,0.6212,1.1385,-1.2538,0.9871,-0.3957,0.0872,-1.0341,-0.9393,-1.1801,1.9049,-0.1742
0.973,-0.5867,0.7415,-0.5025,1.492,0.6212,1.1385,-1.2538,0.9871,-0.3957,0.0872,-1.0341,-0.9393,-1.1801,1.9049,-0.1742
0.929,-0.593,0.6967,-0.5081,1.4632,0.613,1.0787,-1.2483,0.9433,-0.3973,0.0665,-1.035,-0.9675,-1.1864,1.8812,-0.1719
0.929,-0.593,0.6967,-0.5081,1.4632,0.613,1.0787,-1.2483,0.9433,-0.3973,0.0665,-1.035,-0.9675,-1.1864,1.8812,-0.1719
0.929,-0.593,0.6967,-0.5081,1.4632,0.613,1.0787,-1.2483,0.9433,-0.3973,0.0665,-1.035,-0.9675,-1.1864,1.8812,-0.1719
0.8562,-0.6073,0.6077,-0.5195,1.3699,0.6154,0.9891,-1.253,0.856,-0.4004,0.0195,-1.039,-1.0525,-1.1807,1.8362,-0.1866
0.8562,-0.6073,0.6077,-0.5195,1.3699,0.6154,0.9891,-1.253,0.856,-0.4004,0.0195,-1.039,-1.0525,-1.1807,1.8362,-0.1866
0.8562,-0.6073,0.6077,-0.5195,1.3699,0.6154,0.9891,-1.253,0.856,-0.4004,0.0195,-1.039,-1.0525,-1.1807,1.8362,-0.1866
0.8125,-0.6136,0.5535,-0.5217,1.3319,0.6044,0.9346,-1.2545,0.8126,-0.402,0.0027,-1.0454,-1.0591,-1.1946,1.7834,-0.1741
0.7631,-0.6215,0.5035,-0.5295,1.2694,0.596,0.8775,-1.2654,0.7791,-0.4071,-0.0273,-1.043,-1.0944,-1.1902,1.7565,-0.1829
0.7631,-0.6215,0.5035,-0.5295,1.2694,0.596,0.8775,-1.2654,0.7791,-0.4071,-0.0273,-1.043,-1.0944,-1.1902,1.7565,-0.1829
0.7631,-0.6215,0.5035,-0.5295,1.2694,0.596,0.8775,-1.2654,0.7791,-0.4071,-0.0273,-1.043,-1.0944,-1.1902,1.7565,-0.1829
0.7288,-0.631,0.4565,-0.5363,1.2316,0.5851,0.8308,-1.2644,0.7417,-0.4066,-0.0478,-1.044,-1.1009,-1.2041,1.7241,-0.1836
0.7288,-0.631,0.4565,-0.5363,1.2316,0.5851,0.8308,-1.2644,0.7417,-0.4066,-0.0478,-1.044,-1.1009,-1.2041,1.7241,-0.1836
0.745,-0.6151,0.4673,-0.5253,1.2316,0.5851,0.8579,-1.2636,0.7378,-0.401,-0.0684,-1.0449,-1.1009,-1.2041,1.7442,-0.1969
0.745,-0.6151,0.4673,-0.5253,1.2316,0.5851,0.8579,-1.2636,0.7378,-0.401,-0.0684,-1.0449,-1.1009,-1.2041,1.7442,-0.1969
0.745,-0.6151,0.4673,-0.5253,1.2316,0.5851,0.8579,-1.2636,0.7378,-0.401,-0.0684,-1.0449,-1.1009,-1.2041,1.7442,-0.1969
0.8462,-0.5928,0.5782,-0.509,1.328,0.5936,0.9495,-1.2494,0.8244,-0.3977,-0.0329,-1.0452,-1.0376,-1.2022,1.78,-0.1851
0.8462,-0.5928,0.5782,-0.509,1.328,0.5936,0.9495,-1.2494,0.8244,-0.3977,-0.0329,-1.0452,-1.0376,-1.2022,1.78,-0.1851
0.8462,-0.5928,0.5782,-0.509,1.328,0.5936,0.9495,-1.2494,0.8244,-0.3977,-0.0329,-1.0452,-1.0376,-1.2022,1.78,-0.1851
0.9921,-0.5643,0.7366,-0.4793,1.4632,0.613,1.0946,-1.2174,0.9255,-0.3825,0.0139,-1.0411,-0.9815,-1.1896,1.8429,-0.1645
1.1758,-0.5375,0.92,-0.4448,1.6231,0.6487,1.294,-1.1936,1.0614,-0.3622,0.0834,-1.0286,-0.897,-1.1706,1.9445,-0.1513
1.1758,-0.5375,0.92,-0.4448,1.6231,0.6487,1.294,-1.1936,1.0614,-0.3622,0.0834,-1.0286,-0.897,-1.1706,1.9445,-0.1513
1.3533,-0.519,1.0955,-0.4176,1.7808,0.6735,1.4757,-1.168,1.1785,-0.3349,0.1684,-1.0174,-0.7826,-1.1701,2.0469,-0.1382
1.3533,-0.519,1.0955,-0.4176,1.7808,0.6735,1.4757,-1.168,1.1785,-0.3349,0.1684,-1.0174,-0.7826,-1.1701,2.0469,-0.1382
1.4769,-0.492,1.2473,-0.3924,1.9203,0.6927,1.6566,-1.1523,1.2882,-0.3176,0.2443,-1.0028,-0.6893,-1.1621,2.1407,-0.1281
1.5624,-0.4812,1.3466,-0.3791,2.0055,0.7064,1.7485,-1.1313,1.3639,-0.3054,0.3035,-0.9946,-0.6538,-1.1418,2.1867,-0.1133
1.5624,-0.4812,1.3466,-0.3791,2.0055,0.7064,1.7485,-1.1313,1.3639,-0.3054,0.3035,-0.9946,-0.6538,-1.1418,2.1867,-0.1133
1.5624,-0.4812,1.3466,-0.3791,2.0055,0.7064,1.7485,-1.1313,1.3639,-0.3054,0.3035,-0.9946,-0.6538,-1.1418,2.1867,-0.1133
1.6206,-0.4718,1.4162,-0.3728,2.0496,0.7284,1.817,-1.118,1.4315,-0.3032,0.3475,-0.9852,-0.6106,-1.1323,2.2387,-0.1068
1.6206,-0.4718,1.4162,-0.3728,2.0496,0.7284,1.817,-1.118,1.4315,-0.3032,0.3475,-0.9852,-0.6106,-1.1323,2.2387,-0.1068
1.6206,-0.4718,1.4162,-0.3728,2.0496,0.7284,1.817,-1.118,1.4315,-0.3032,0.3475,-0.9852,-0.6106,-1.1323,2.2387,-0.1068
1.6546,-0.4688,1.4549,-0.3665,2.0638,0.7423,1.8668,-1.1194,1.4728,-0.2961,0.3955,-0.9813,-0.5673,-1.1229,2.2965,-0.1086
1.6546,-0.4688,1.4549,-0.3665,2.0638,0.7423,1.8668,-1.1194,1.4728,-0.2961,0.3955,-0.9813,-0.5673,-1.1229,2.2965,-0.1086
1.6729,-0.464,1.4882,-0.3695,2.1054,0.7339,1.9216,-1.1281,1.5284,-0.2983,0.4206,-0.965,-0.5315,-1.1024,2.3753,-0.1239
1.6729,-0.464,1.4882,-0.3695,2.1054,0.7339,1.9216,-1.1281,1.5284,-0.2983,0.4206,-0.965,-0.5315,-1.1024,2.3753,-0.1239
1.6729,-0.464,1.4882,-0.3695,2.1054,0.7339,1.9216,-1.1281,1.5284,-0.2983,0.4206,-0.965,-0.5315,-1.1024,2.3753,-0.1239
1.6607,-0.4672,1.4819,-0.3716,2.0954,0.7311,1.9216,-1.1281,1.5181,-0.2947,0.4206,-0.965,-0.5315,-1.1024,2.366,-0.1269
1.6607,-0.4672,1.4819,-0.3716,2.0954,0.7311,1.9216,-1.1281,1.5181,-0.2947,0.4206,-0.965,-0.5315,-1.1024,2.366,-0.1269
1.6607,-0.4672,1.4819,-0.3716,2.0954,0.7311,1.9216,-1.1281,1.5181,-0.2947,0.4206,-0.965,-0.5315,-1.1024,2.366,-0.1269
1.6301,-0.4752,1.4547,-0.3775,2.0811,0.7173,1.8926,-1.1286,1.5017,-0.2932,0.4186,-0.9727,-0.5536,-1.0946,2.3509,-0.1215
1.6301,-0.4752,1.4547,-0.3775,2.0811,0.7173,1.8926,-1.1286,1.5017,-0.2932,0.4186,-0.9727,-0.5536,-1.0946,2.3509,-0.1215
1.6153,-0.4849,1.4254,-0.3805,2.0711,0.7145,1.8686,-1.1362,1.4768,-0.3018,0.4109,-0.9825,-0.5825,-1.1009,2.3323,-0.1274
1.597,-0.4897,1.4014,-0.3852,2.0454,0.7174,1.8527,-1.1413,1.4541,-0.3025,0.3955,-0.9813,-0.5969,-1.1041,2.3287,-0.1386
1.5693,-0.4911,1.3703,-0.3853,2.0254,0.7119,1.8287,-1.1489,1.4213,-0.2996,0.384,-0.9855,-0.6258,-1.1105,2.3251,-0.1498
1.5693,-0.4911,1.3703,-0.3853,2.0254,0.7119,1.8287,-1.1489,1.4213,-0.2996,0.384,-0.9855,-0.6258,-1.1105,2.3251,-0.1498
1.5693,-0.4911,1.3703,-0.3853,2.0254,0.7119,1.8287,-1.1489,1.4213,-0.2996,0.384,-0.9855,-0.6258,-1.1105,2.3251,-0.1498
1.5571,-0.4943,1.3598,-0.3926,2.0055,0.7064,1.8079,-1.1469,1.3988,-0.3004,0.3782,-0.9877,-0.625,-1.1355,2.3157,-0.1527
1.5571,-0.4943,1.3598,-0.3926,2.0055,0.7064,1.8079,-1.1469,1.3988,-0.3004,0.3782,-0.9877,-0.625,-1.1355,2.3157,-0.1527
1.5571,-0.4943,1.3598,-0.3926,2.0055,0.7064,1.8079,-1.1469,1.3988,-0.3004,0.3782,-0.9877,-0.625,-1.1355,2.3157,-0.1527
1.5416,-0.4925,1.3453,-0.3941,1.9955,0.7036,1.7999,-1.1495,1.3762,-0.3011,0.3667,-0.9919,-0.6319,-1.1495,2.2765,-0.145
1.5329,-0.5006,1.338,-0.4003,1.9542,0.712,1.7791,-1.1475,1.3678,-0.3111,0.3609,-0.9941,-0.6243,-1.1604,2.2672,-0.148
1.5329,-0.5006,1.338,-0.4003,1.9542,0.712,1.7791,-1.1475,1.3678,-0.3111,0.3609,-0.9941,-0.6243,-1.1604,2.2672,-0.148
1.5268,-0.5022,1.3235,-0.4017,1.9286,0.7147,1.784,-1.1545,1.3657,-0.319,0.3513,-0.9907,-0.6682,-1.1449,2.2522,-0.1427
1.5182,-0.5103,1.311,-0.4061,1.9031,0.7175,1.7681,-1.1596,1.3555,-0.3154,0.3418,-0.9873,-0.6538,-1.1418,2.2579,-0.1509
1.5182,-0.5103,1.311,-0.4061,1.9031,0.7175,1.7681,-1.1596,1.3555,-0.3154,0.3418,-0.9873,-0.6538,-1.1418,2.2579,-0.1509
1.5182,-0.5103,1.311,-0.4061,1.9031,0.7175,1.7681,-1.1596,1.3555,-0.3154,0.3418,-0.9873,-0.6538,-1.1418,2.2579,-0.1509
1.5,-0.5151,1.2852,-0.408,1.8989,0.7065,1.7572,-1.1718,1.3493,-0.3176,0.3226,-0.9805,-0.6538,-1.1418,2.2579,-0.1509
1.5,-0.5151,1.2852,-0.408,1.8989,0.7065,1.7572,-1.1718,1.3493,-0.3176,0.3226,-0.9805,-0.6538,-1.1418,2.2579,-0.1509
1.457,-0.5148,1.2501,-0.4132,1.8849,0.6927,1.7127,-1.1774,1.3207,-0.3205,0.2997,-0.9891,-0.6901,-1.1372,2.2394,-0.1567
1.457,-0.5148,1.2501,-0.4132,1.8849,0.6927,1.7127,-1.1774,1.3207,-0.3205,0.2997,-0.9891,-0.6901,-1.1372,2.2394,-0.1567
1.457,-0.5148,1.2501,-0.4132,1.8849,0.6927,1.7127,-1.1774,1.3207,-0.3205,0.2997,-0.9891,-0.6901,-1.1372,2.2394,-0.1567
1.4269,-0.5227,1.21,-0.4165,1.8496,0.6927,1.6634,-1.176,1.2882,-0.3176,0.2882,-0.9933,-0.6901,-1.1372,2.2302,-0.1597
1.3909,-0.5322,1.1669,-0.421,1.82,0.6845,1.6192,-1.1816,1.2637,-0.3262,0.2672,-0.9942,-0.7339,-1.1217,2.2117,-0.1655
1.3909,-0.5322,1.1669,-0.421,1.82,0.6845,1.6192,-1.1816,1.2637,-0.3262,0.2672,-0.9942,-0.7339,-1.1217,2.2117,-0.1655
1.3482,-0.5319,1.129,-0.4273,1.7947,0.6872,1.5879,-1.1918,1.2291,-0.3313,0.2443,-1.0028,-0.7482,-1.1249,2.1932,-0.1714
1.3482,-0.5319,1.129,-0.4273,1.7947,0.6872,1.5879,-1.1918,1.2291,-0.3313,0.2443,-1.0028,-0.7482,-1.1249,2.1932,-0.1714
1.3123,-0.5415,1.0749,-0.4321,1.7808,0.6735,1.5565,-1.2019,1.1806,-0.3271,0.2177,-1.0058,-0.7767,-1.1312,2.1748,-0.1772
1.3123,-0.5415,1.0749,-0.4321,1.7808,0.6735,1.5565,-1.2019,1.1806,-0.3271,0.2177,-1.0058,-0.7767,-1.1312,2.1748,-0.1772
1.2613,-0.5493,1.0231,-0.4399,1.7204,0.6762,1.4971,-1.2126,1.1341,-0.3364,0.1854,-1.011,-0.8194,-1.1408,2.138,-0.1889
1.2613,-0.5493,1.0231,-0.4399,1.7204,0.6762,1.4971,-1.2126,1.1341,-0.3364,0.1854,-1.011,-0.8194,-1.1408,2.138,-0.1889
1.2223,-0.5539,0.9795,-0.4484,1.7009,0.6707,1.4485,-1.2113,1.0898,-0.338,0.1589,-1.014,-0.8261,-1.1548,2.1048,-0.1895
1.2223,-0.5539,0.9795,-0.4484,1.7009,0.6707,1.4485,-1.2113,1.0898,-0.338,0.1589,-1.014,-0.8261,-1.1548,2.1048,-0.1895
1.1716,-0.5617,0.928,-0.4562,1.6466,0.6651,1.3972,-1.2195,1.0536,-0.3509,0.1419,-1.0204,-0.862,-1.1503,2.0569,-0.1849
1.1716,-0.5617,0.928,-0.4562,1.6466,0.6651,1.3972,-1.2195,1.0536,-0.3509,0.1419,-1.0204,-0.862,-1.1503,2.0569,-0.1849
1.127,-0.568,0.8796,-0.463,1.5811,0.6759,1.3586,-1.2322,1.0174,-0.3638,0.1004,-1.0223,-0.9045,-1.1598,2.0204,-0.1966
1.127,-0.568,0.8796,-0.463,1.5811,0.6759,1.3586,-1.2322,1.0174,-0.3638,0.1004,-1.0223,-0.9045,-1.1598,2.0204,-0.1966
1.0884,-0.5727,0.8295,-0.4669,1.5368,0.6731,1.3153,-1.2379,0.9855,-0.361,0.0758,-1.0177,-0.9261,-1.1521,2.0022,-0.2024
1.0884,-0.5727,0.8295,-0.4669,1.5368,0.6731,1.3153,-1.2379,0.9855,-0.361,0.0758,-1.0177,-0.9261,-1.1521,2.0022,-0.2024
1.044,-0.5789,0.7845,-0.4725,1.4773,0.6756,1.2721,-1.2436,0.9377,-0.357,0.0401,-1.0175,-0.9543,-1.1585,1.984,-0.2082
1.044,-0.5789,0.7845,-0.4725,1.4773,0.6756,1.2721,-1.2436,0.9377,-0.357,0.0401,-1.0175,-0.9543,-1.1585,1.984,-0.2082
1.044,-0.5789,0.7845,-0.4725,1.4773,0.6756,1.2721,-1.2436,0.9377,-0.357,0.0401,-1.0175,-0.9543,-1.1585,1.984,-0.2082
0.9872,-0.5771,0.7366,-0.4793,1.439,0.6645,1.2166,-1.2449,0.9039,-0.3621,0.0232,-1.0239,-0.9758,-1.1509,1.9693,-0.203
0.9872,-0.5771,0.7366,-0.4793,1.439,0.6645,1.2166,-1.2449,0.9039,-0.3621,0.0232,-1.0239,-0.9758,-1.1509,1.9693,-0.203
0.9872,-0.5771,0.7366,-0.4793,1.439,0.6645,1.2166,-1.2449,0.9039,-0.3621,0.0232,-1.0239,-0.9758,-1.1509,1.9693,-0.203
0.9872,-0.5771,0.7366,-0.4793,1.439,0.6645,1.2166,-1.2449,0.9039,-0.3621,0.0232,-1.0239,-0.9758,-1.1509,1.9693,-0.203
0.914,-0.5914,0.6483,-0.4867,1.3665,0.6533,1.1262,-1.2494,0.8326,-0.3667,-0.0274,-1.0224,-1.0609,-1.1452,1.9037,-0.2044
0.914,-0.5914,0.6483,-0.4867,1.3665,0.6533,1.1262,-1.2494,0.8326,-0.3667,-0.0274,-1.0224,-1.0609,-1.1452,1.9037,-0.2044
0.8726,-0.5913,0.595,-0.485,1.3323,0.6531,1.0959,-1.2596,0.7892,-0.3683,-0.0536,-1.0255,-1.1242,-1.1473,1.862,-0.208
0.8288,-0.5976,0.5457,-0.489,1.2943,0.6421,1.0533,-1.2653,0.7557,-0.3735,-0.0834,-1.0232,-1.1233,-1.172,1.844,-0.2138
0.8288,-0.5976,0.5457,-0.489,1.2943,0.6421,1.0533,-1.2653,0.7557,-0.3735,-0.0834,-1.0232,-1.1233,-1.172,1.844,-0.2138
0.7795,-0.6055,0.4908,-0.4952,1.2414,0.6364,1.0034,-1.2736,0.7086,-0.3695,-0.1039,-1.0241,-1.1297,-1.1859,1.8114,-0.2145
0.7384,-0.6055,0.4468,-0.501,1.2187,0.62,0.9563,-1.2725,0.6694,-0.3768,-0.1337,-1.0218,-1.1788,-1.1847,1.7644,-0.21
0.7384,-0.6055,0.4468,-0.501,1.2187,0.62,0.9563,-1.2725,0.6694,-0.3768,-0.1337,-1.0218,-1.1788,-1.1847,1.7644,-0.21
0.7384,-0.6055,0.4468,-0.501,1.2187,0.62,0.9563,-1.2725,0.6694,-0.3768,-0.1337,-1.0218,-1.1788,-1.1847,1.7644,-0.21
0.7269,-0.6087,0.4302,-0.5036,1.1849,0.6198,0.9366,-1.2707,0.6577,-0.3811,-0.1393,-1.024,-1.1927,-1.1879,1.7498,-0.2049
0.7269,-0.6087,0.4302,-0.5036,1.1849,0.6198,0.9366,-1.2707,0.6577,-0.3811,-0.1393,-1.024,-1.1927,-1.1879,1.7498,-0.2049
0.7761,-0.6008,0.4722,-0.4951,1.1981,0.6334,0.9618,-1.2537,0.6929,-0.3893,-0.1299,-1.0273,-1.2001,-1.1772,1.7588,-0.202
0.7761,-0.6008,0.4722,-0.4951,1.1981,0.6334,0.9618,-1.2537,0.6929,-0.3893,-0.1299,-1.0273,-1.2001,-1.1772,1.7588,-0.202
0.8866,-0.5817,0.5861,-0.4776,1.2793,0.6474,1.0692,-1.2345,0.7655,-0.3769,-0.1115,-1.0133,-1.1307,-1.1612,1.8238,-0.2006
0.8866,-0.5817,0.5861,-0.4776,1.2793,0.6474,1.0692,-1.2345,0.7655,-0.3769,-0.1115,-1.0133,-1.1307,-1.1612,1.8238,-0.2006
0.8866,-0.5817,0.5861,-0.4776,1.2793,0.6474,1.0692,-1.2345,0.7655,-0.3769,-0.1115,-1.0133,-1.1307,-1.1612,1.8238,-0.2006
1.0422,-0.5564,0.7477,-0.4466,1.4199,0.659,1.2155,-1.2026,0.8841,-0.3551,-0.0575,-0.9995,-1.0255,-1.1496,1.9162,-0.1904
1.202,-0.5246,0.9323,-0.4187,1.5754,0.6841,1.3913,-1.17,1.0158,-0.329,0.0211,-0.9901,-0.9053,-1.135,2.0239,-0.1855
1.202,-0.5246,0.9323,-0.4187,1.5754,0.6841,1.3913,-1.17,1.0158,-0.329,0.0211,-0.9901,-0.9053,-1.135,2.0239,-0.1855
1.3551,-0.501,1.0998,-0.3907,1.7229,0.7064,1.5537,-1.1425,1.1325,-0.3015,0.1096,-0.9842,-0.7985,-1.1235,2.1302,-0.1615
1.3551,-0.501,1.0998,-0.3907,1.7229,0.7064,1.5537,-1.1425,1.1325,-0.3015,0.1096,-0.9842,-0.7985,-1.1235,2.1302,-0.1615
1.4735,-0.4871,1.2383,-0.3738,1.8422,0.7203,1.6735,-1.1208,1.242,-0.284,0.1796,-0.9716,-0.7128,-1.1045,2.2095,-0.1462
1.4735,-0.4871,1.2383,-0.3738,1.8422,0.7203,1.6735,-1.1208,1.242,-0.284,0.1796,-0.9716,-0.7128,-1.1045,2.2095,-0.1462
1.5677,-0.4681,1.3489,-0.3601,1.9468,0.7396,1.7912,-1.1089,1.3196,-0.2637,0.2481,-0.9667,-0.6554,-1.0917,2.28,-0.1339
1.5677,-0.4681,1.3489,-0.3601,1.9468,0.7396,1.7912,-1.1089,1.3196,-0.2637,0.2481,-0.9667,-0.6554,-1.0917,2.28,-0.1339
1.6259,-0.4587,1.399,-0.3424,2.0123,0.7479,1.8858,-1.1047,1.3628,-0.2485,0.2882,-0.9517,-0.6045,-1.0932,2.3473,-0.1327
1.6259,-0.4587,1.399,-0.3424,2.0123,0.7479,1.8858,-1.1047,1.3628,-0.2485,0.2882,-0.9517,-0.6045,-1.0932,2.3473,-0.1327
1.6564,-0.4507,1.4417,-0.3419,2.0522,0.759,1.9439,-1.1036,1.3875,-0.2398,0.3245,-0.952,-0.5604,-1.1087,2.381,-0.1322
1.6564,-0.4507,1.4417,-0.3419,2.0522,0.759,1.9439,-1.1036,1.3875,-0.2398,0.3245,-0.952,-0.5604,-1.1087,2.381,-0.1322
1.666,-0.4541,1.4552,-0.3445,2.0522,0.759,1.9649,-1.1056,1.3897,-0.2319,0.3418,-0.9456,-0.5383,-1.1165,2.3997,-0.1263
1.666,-0.4541,1.4573,-0.3474,2.0365,0.7645,1.9779,-1.1102,1.3937,-0.2377,0.3571,-0.9468,-0.5383,-1.1165,2.3997,-0.1263
1.666,-0.4541,1.4573,-0.3474,2.0365,0.7645,1.9779,-1.1102,1.3937,-0.2377,0.3571,-0.9468,-0.5383,-1.1165,2.3997,-0.1263
1.666,-0.4541,1.4573,-0.3474,2.0365,0.7645,1.9779,-1.1102,1.3937,-0.2377,0.3571,-0.9468,-0.5383,-1.1165,2.3997,-0.1263
1.6511,-0.4638,1.4395,-0.35,2.0165,0.759,1.9618,-1.1153,1.4017,-0.2492,0.3513,-0.949,-0.5604,-1.1087,2.3904,-0.1293
1.6511,-0.4638,1.4395,-0.35,2.0165,0.759,1.9618,-1.1153,1.4017,-0.2492,0.3513,-0.949,-0.5604,-1.1087,2.3904,-0.1293
1.6328,-0.4686,1.4155,-0.3548,1.9966,0.7534,1.9457,-1.1204,1.3955,-0.2514,0.3475,-0.9434,-0.568,-1.0978,2.4055,-0.1346
1.6328,-0.4686,1.4155,-0.3548,1.9966,0.7534,1.9457,-1.1204,1.3955,-0.2514,0.3475,-0.9434,-0.568,-1.0978,2.4055,-0.1346
1.5989,-0.4716,1.3832,-0.3589,1.9824,0.7396,1.9216,-1.1281,1.373,-0.2521,0.3264,-0.9443,-0.5825,-1.1009,2.3961,-0.1375
1.5989,-0.4716,1.3832,-0.3589,1.9824,0.7396,1.9216,-1.1281,1.373,-0.2521,0.3264,-0.9443,-0.5825,-1.1009,2.3961,-0.1375
1.5651,-0.4746,1.353,-0.3659,1.9468,0.7396,1.8846,-1.1311,1.3646,-0.2622,0.3149,-0.9486,-0.5969,-1.1041,2.3774,-0.1434
1.5651,-0.4746,1.353,-0.3659,1.9468,0.7396,1.8846,-1.1311,1.3646,-0.2622,0.3149,-0.9486,-0.5969,-1.1041,2.3774,-0.1434
1.5503,-0.4844,1.3322,-0.3696,1.927,0.7341,1.8557,-1.1316,1.3421,-0.263,0.2996,-0.9474,-0.6554,-1.0917,2.353,-0.141
1.5503,-0.4844,1.3322,-0.3696,1.927,0.7341,1.8557,-1.1316,1.3421,-0.263,0.2996,-0.9474,-0.6554,-1.0917,2.353,-0.141
1.5287,-0.4842,1.3146,-0.3722,1.9072,0.7286,1.8269,-1.1322,1.3236,-0.2695,0.2786,-0.9483,-0.706,-1.0904,2.3344,-0.1468
1.5287,-0.4842,1.3146,-0.3722,1.9072,0.7286,1.8269,-1.1322,1.3236,-0.2695,0.2786,-0.9483,-0.706,-1.0904,2.3344,-0.1468
1.5287,-0.4842,1.3146,-0.3722,1.9072,0.7286,1.8269,-1.1322,1.3236,-0.2695,0.2786,-0.9483,-0.706,-1.0904,2.3344,-0.1468
1.5226,-0.4858,1.2961,-0.3678,1.8916,0.7341,1.8318,-1.1393,1.3113,-0.2738,0.2729,-0.9505,-0.7347,-1.0967,2.3401,-0.1551
1.5226,-0.4858,1.2961,-0.3678,1.8916,0.7341,1.8318,-1.1393,1.3113,-0.2738,0.2729,-0.9505,-0.7347,-1.0967,2.3401,-0.1551
1.5226,-0.4858,1.2961,-0.3678,1.8916,0.7341,1.8318,-1.1393,1.3113,-0.2738,0.2729,-0.9505,-0.7347,-1.0967,2.3401,-0.1551
1.5226,-0.4858,1.2961,-0.3678,1.8916,0.7341,1.8318,-1.1393,1.3113,-0.2738,0.2729,-0.9505,-0.7347,-1.0967,2.3401,-0.1551
1.5045,-0.4906,1.2671,-0.3708,1.8718,0.7286,1.803,-1.1398,1.2687,-0.2674,0.2519,-0.9514,-0.7414,-1.1108,2.3008,-0.1474
1.5045,-0.4906,1.2671,-0.3708,1.8718,0.7286,1.803,-1.1398,1.2687,-0.2674,0.2519,-0.9514,-0.7414,-1.1108,2.3008,-0.1474
1.4769,-0.492,1.2434,-0.3757,1.8365,0.7285,1.7791,-1.1475,1.2442,-0.2761,0.2309,-0.9523,-0.7482,-1.1249,2.2822,-0.1532
1.4769,-0.492,1.2434,-0.3757,1.8365,0.7285,1.7791,-1.1475,1.2442,-0.2761,0.2309,-0.9523,-0.7482,-1.1249,2.2822,-0.1532
1.4494,-0.4935,1.2217,-0.3834,1.8111,0.7313,1.7553,-1.1551,1.238,-0.2783,0.2175,-0.9434,-0.7557,-1.114,2.2729,-0.1562
1.4494,-0.4935,1.2217,-0.3834,1.8111,0.7313,1.7553,-1.1551,1.238,-0.2783,0.2175,-0.9434,-0.7557,-1.114,2.2729,-0.1562
1.4287,-0.5048,1.1816,-0.3868,1.7759,0.7312,1.7315,-1.1627,1.2096,-0.2812,0.1871,-0.941,-0.7557,-1.114,2.2693,-0.1673
1.4287,-0.5048,1.1816,-0.3868,1.7759,0.7312,1.7315,-1.1627,1.2096,-0.2812,0.1871,-0.941,-0.7557,-1.114,2.2693,-0.1673
1.4287,-0.5048,1.1816,-0.3868,1.7759,0.7312,1.7315,-1.1627,1.2096,-0.2812,0.1871,-0.941,-0.7557,-1.114,2.2693,-0.1673
1.3277,-0.5025,1.0977,-0.3987,1.7212,0.7256,1.6634,-1.176,1.1368,-0.2857,0.134,-0.9472,-0.7842,-1.1204,2.2323,-0.179
1.3277,-0.5025,1.0977,-0.3987,1.7212,0.7256,1.6634,-1.176,1.1368,-0.2857,0.134,-0.9472,-0.7842,-1.1204,2.2323,-0.179
1.2767,-0.5104,1.0457,-0.4066,1.6822,0.7145,1.6114,-1.1841,1.1064,-0.2965,0.1209,-0.9591,-0.7985,-1.1235,2.2138,-0.1848
1.2767,-0.5104,1.0457,-0.4066,1.6822,0.7145,1.6114,-1.1841,1.1064,-0.2965,0.1209,-0.9591,-0.7985,-1.1235,2.2138,-0.1848
1.2291,-0.5231,0.9939,-0.4144,1.6376,0.7117,1.5546,-1.1853,1.0562,-0.3003,0.0926,-0.9699,-0.8487,-1.1222,2.1712,-0.1883
1.2291,-0.5231,0.9939,-0.4144,1.6376,0.7117,1.5546,-1.1853,1.0562,-0.3003,0.0926,-0.9699,-0.8487,-1.1222,2.1712,-0.1883
1.1936,-0.5327,0.9454,-0.4212,1.6028,0.7116,1.5107,-1.191,1.026,-0.3111,0.0624,-0.9675,-0.9279,-1.1024,2.1323,-0.1807
1.1936,-0.5327,0.9454,-0.4212,1.6028,0.7116,1.5107,-1.191,1.026,-0.3111,0.0624,-0.9675,-0.9279,-1.1024,2.1323,-0.1807
1.1488,-0.539,0.8869,-0.4244,1.568,0.7115,1.4592,-1.1992,0.9859,-0.3184,0.0266,-0.9673,-0.9561,-1.1088,2.1048,-0.1895
1.0984,-0.5469,0.8307,-0.4305,1.5391,0.7031,1.4078,-1.2075,0.9421,-0.32,-0.0034,-0.9649,-0.9983,-1.1185,2.0717,-0.1901
1.0984,-0.5469,0.8307,-0.4305,1.5391,0.7031,1.4078,-1.2075,0.9421,-0.32,-0.0034,-0.9649,-0.9983,-1.1185,2.0717,-0.1901
1.0984,-0.5469,0.8307,-0.4305,1.5391,0.7031,1.4078,-1.2075,0.9421,-0.32,-0.0034,-0.9649,-0.9983,-1.1185,2.0717,-0.1901
1.0539,-0.5532,0.7816,-0.4413,1.5005,0.692,1.3692,-1.2201,0.8944,-0.316,-0.0147,-0.9692,-0.9908,-1.1293,2.0682,-0.2012
1.0539,-0.5532,0.7816,-0.4413,1.5005,0.692,1.3692,-1.2201,0.8944,-0.316,-0.0147,-0.9692,-0.9908,-1.1293,2.0682,-0.2012
1.0539,-0.5532,0.7816,-0.4413,1.5005,0.692,1.3692,-1.2201,0.8944,-0.316,-0.0147,-0.9692,-0.9908,-1.1293,2.0682,-0.2012
1.0096,-0.5595,0.7328,-0.4521,1.4621,0.681,1.3134,-1.2214,0.8508,-0.3177,-0.0447,-0.9669,-1.0264,-1.1249,2.0056,-0.1913
0.9596,-0.5674,0.684,-0.4629,1.3934,0.6806,1.25,-1.2253,0.8112,-0.325,-0.0614,-0.9733,-1.0329,-1.1389,1.958,-0.1868
0.9596,-0.5674,0.684,-0.4629,1.3934,0.6806,1.25,-1.2253,0.8112,-0.325,-0.0614,-0.9733,-1.0329,-1.1389,1.958,-0.1868
0.9123,-0.5689,0.6345,-0.4668,1.3344,0.683,1.207,-1.231,0.7815,-0.3359,-0.0914,-0.971,-1.0684,-1.1345,1.9308,-0.1956
0.9123,-0.5689,0.6345,-0.4668,1.3344,0.683,1.207,-1.231,0.7815,-0.3359,-0.0914,-0.971,-1.0684,-1.1345,1.9308,-0.1956
0.8775,-0.5785,0.5851,-0.4708,1.2813,0.6773,1.1469,-1.2255,0.75,-0.3332,-0.1156,-0.9666,-1.0609,-1.1452,1.9071,-0.1933
0.8775,-0.5785,0.5851,-0.4708,1.2813,0.6773,1.1469,-1.2255,0.75,-0.3332,-0.1156,-0.9666,-1.0609,-1.1452,1.9071,-0.1933
0.8337,-0.5848,0.531,-0.4731,1.2435,0.6662,1.1042,-1.2313,0.7166,-0.3384,-0.1492,-0.9588,-1.0964,-1.1409,1.889,-0.1992
0.8337,-0.5848,0.531,-0.4731,1.2435,0.6662,1.1042,-1.2313,0.7166,-0.3384,-0.1492,-0.9588,-1.0964,-1.1409,1.889,-0.1992
0.7661,-0.5863,0.479,-0.4783,1.1869,0.6495,1.0418,-1.2352,0.6696,-0.3345,-0.179,-0.9565,-1.1103,-1.1441,1.871,-0.205
0.7661,-0.5863,0.479,-0.4783,1.1869,0.6495,1.0418,-1.2352,0.6696,-0.3345,-0.179,-0.9565,-1.1103,-1.1441,1.871,-0.205
0.7136,-0.5895,0.4301,-0.4823,1.1493,0.6384,0.987,-1.2367,0.6266,-0.3363,-0.2105,-0.9619,-1.1595,-1.1429,1.8384,-0.2057
0.7136,-0.5895,0.4301,-0.4823,1.1493,0.6384,0.987,-1.2367,0.6266,-0.3363,-0.2105,-0.9619,-1.1595,-1.1429,1.8384,-0.2057
0.6589,-0.5991,0.3756,-0.4886,1.0875,0.6299,0.925,-1.2408,0.574,-0.3347,-0.2271,-0.9683,-1.1734,-1.1461,1.8058,-0.2064
0.6589,-0.5991,0.3756,-0.4886,1.0875,0.6299,0.925,-1.2408,0.574,-0.3347,-0.2271,-0.9683,-1.1734,-1.1461,1.8058,-0.2064
0.6248,-0.6087,0.3222,-0.491,1.0298,0.6321,0.8877,-1.2535,0.541,-0.3399,-0.2529,-0.9715,-1.2437,-1.1375,1.7789,-0.2152
0.6248,-0.6087,0.3222,-0.491,1.0298,0.6321,0.8877,-1.2535,0.541,-0.3399,-0.2529,-0.9715,-1.2437,-1.1375,1.7789,-0.2152
0.6191,-0.6103,0.296,-0.4902,1.0205,0.6293,0.8728,-1.2585,0.5254,-0.3386,-0.2622,-0.9682,-1.2724,-1.1193,1.7789,-0.2152
0.6191,-0.6103,0.296,-0.4902,1.0205,0.6293,0.8728,-1.2585,0.5254,-0.3386,-0.2622,-0.9682,-1.2724,-1.1193,1.7789,-0.2152
0.6622,-0.6039,0.3241,-0.4832,1.0484,0.6377,0.9196,-1.2596,0.541,-0.3399,-0.2715,-0.965,-1.265,-1.13,1.7879,-0.2123
0.6622,-0.6039,0.3241,-0.4832,1.0484,0.6377,0.9196,-1.2596,0.541,-0.3399,-0.2715,-0.965,-1.265,-1.13,1.7879,-0.2123
0.7719,-0.5848,0.4145,-0.4597,1.1232,0.6599,1.0116,-1.2454,0.5974,-0.326,-0.2549,-0.9585,-1.216,-1.1311,1.8238,-0.2006
0.7719,-0.5848,0.4145,-0.4597,1.1232,0.6599,1.0116,-1.2454,0.5974,-0.326,-0.2549,-0.9585,-1.216,-1.1311,1.8238,-0.2006
0.9254,-0.548,0.595,-0.4314,1.2813,0.6773,1.1898,-1.2197,0.6893,-0.299,-0.2014,-0.9445,-1.1038,-1.1301,1.9162,-0.1904
0.9254,-0.548,0.595,-0.4314,1.2813,0.6773,1.1898,-1.2197,0.6893,-0.299,-0.2014,-0.9445,-1.1038,-1.1301,1.9162,-0.1904
0.9254,-0.548,0.595,-0.4314,1.2813,0.6773,1.1898,-1.2197,0.6893,-0.299,-0.2014,-0.9445,-1.1038,-1.1301,1.9162,-0.1904
1.105,-0.5161,0.7938,-0.4045,1.4355,0.7027,1.373,-1.1846,0.8035,-0.2711,-0.1328,-0.9316,-0.9983,-1.1185,2.0035,-0.1722
1.105,-0.5161,0.7938,-0.4045,1.4355,0.7027,1.373,-1.1846,0.8035,-0.2711,-0.1328,-0.9316,-0.9983,-1.1185,2.0035,-0.1722
1.105,-0.5161,0.7938,-0.4045,1.4355,0.7027,1.373,-1.1846,0.8035,-0.2711,-0.1328,-0.9316,-0.9983,-1.1185,2.0035,-0.1722
1.4048,-0.4703,1.139,-0.3585,1.6926,0.7669,1.6942,-1.1228,1.0768,-0.2429,0.0412,-0.9061,-0.8145,-1.0768,2.174,-0.1274
1.4048,-0.4703,1.139,-0.3585,1.6926,0.7669,1.6942,-1.1228,1.0768,-0.2429,0.0412,-0.9061,-0.8145,-1.0768,2.174,-0.1274
1.5081,-0.4545,1.2583,-0.3413,1.7709,0.7893,1.82,-1.1083,1.1738,-0.2296,0.1015,-0.8899,-0.7431,-1.0607,2.2593,-0.1203
1.5081,-0.4545,1.2583,-0.3413,1.7709,0.7893,1.82,-1.1083,1.1738,-0.2296,0.1015,-0.8899,-0.7431,-1.0607,2.2593,-0.1203
1.5081,-0.4545,1.2583,-0.3413,1.7709,0.7893,1.82,-1.1083,1.1738,-0.2296,0.1015,-0.8899,-0.7431,-1.0607,2.2593,-0.1203
1.5817,-0.4468,1.338,-0.3275,1.8513,0.7922,1.9179,-1.0944,1.249,-0.217,0.1468,-0.8725,-0.6858,-1.0479,2.3301,-0.108
1.5817,-0.4468,1.338,-0.3275,1.8513,0.7922,1.9179,-1.0944,1.249,-0.217,0.1468,-0.8725,-0.6858,-1.0479,2.3301,-0.108
1.6434,-0.4423,1.4108,-0.3199,1.9221,0.7923,2.0052,-1.0929,1.3224,-0.2125,0.2077,-0.8773,-0.6418,-1.0634,2.4127,-0.1122
1.6434,-0.4423,1.4108,-0.3199,1.9221,0.7923,2.0052,-1.0929,1.3224,-0.2125,0.2077,-0.8773,-0.6418,-1.0634,2.4127,-0.1122
1.6434,-0.4423,1.4108,-0.3199,1.9221,0.7923,2.0052,-1.0929,1.3224,-0.2125,0.2077,-0.8773,-0.6418,-1.0634,2.4127,-0.1122
1.653,-0.4457,1.4223,-0.3195,1.9321,0.7951,2.0083,-1.0831,1.3388,-0.2139,0.2421,-0.8852,-0.6714,-1.0447,2.4372,-0.1146
1.653,-0.4457,1.4223,-0.3195,1.9321,0.7951,2.0083,-1.0831,1.3388,-0.2139,0.2421,-0.8852,-0.6714,-1.0447,2.4372,-0.1146
1.653,-0.4457,1.4223,-0.3195,1.9321,0.7951,2.0083,-1.0831,1.3388,-0.2139,0.2421,-0.8852,-0.6714,-1.0447,2.4372,-0.1146
1.6625,-0.4491,1.4223,-0.3195,1.942,0.7979,2.0214,-1.0878,1.3388,-0.2139,0.2478,-0.8831,-0.6934,-1.0369,2.4466,-0.1117
1.6503,-0.4523,1.4097,-0.324,1.9321,0.7951,2.0264,-1.0949,1.3326,-0.2161,0.2439,-0.8775,-0.7154,-1.0292,2.4524,-0.1199
1.6381,-0.4555,1.3888,-0.3277,1.9321,0.7951,2.0102,-1.1,1.296,-0.2075,0.2382,-0.8797,-0.7001,-1.0511,2.443,-0.1229
1.6381,-0.4555,1.3888,-0.3277,1.9321,0.7951,2.0102,-1.1,1.296,-0.2075,0.2382,-0.8797,-0.7001,-1.0511,2.443,-0.1229
1.6137,-0.4619,1.3618,-0.3336,1.9221,0.7923,1.981,-1.1005,1.2613,-0.2127,0.2172,-0.8807,-0.7364,-1.0466,2.3997,-0.1263
1.6137,-0.4619,1.3618,-0.3336,1.9221,0.7923,1.981,-1.1005,1.2613,-0.2127,0.2172,-0.8807,-0.7364,-1.0466,2.3997,-0.1263
1.6137,-0.4619,1.3618,-0.3336,1.9221,0.7923,1.981,-1.1005,1.2613,-0.2127,0.2172,-0.8807,-0.7364,-1.0466,2.3997,-0.1263
1.5955,-0.4667,1.3347,-0.3396,1.8966,0.7951,1.9649,-1.1056,1.2368,-0.2214,0.2058,-0.885,-0.7431,-1.0607,2.3753,-0.1239
1.5955,-0.4667,1.3347,-0.3396,1.8966,0.7951,1.9649,-1.1056,1.2368,-0.2214,0.2058,-0.885,-0.7431,-1.0607,2.3753,-0.1239
1.5955,-0.4667,1.3347,-0.3396,1.8966,0.7951,1.9649,-1.1056,1.2368,-0.2214,0.2058,-0.885,-0.7431,-1.0607,2.3753,-0.1239
1.5616,-0.4697,1.3057,-0.3426,1.8513,0.7922,1.9408,-1.1133,1.2184,-0.2279,0.2001,-0.8872,-0.7574,-1.0639,2.3623,-0.1381
1.5616,-0.4697,1.3057,-0.3426,1.8513,0.7922,1.9408,-1.1133,1.2184,-0.2279,0.2001,-0.8872,-0.7574,-1.0639,2.3623,-0.1381
1.5616,-0.4697,1.3057,-0.3426,1.8513,0.7922,1.9408,-1.1133,1.2184,-0.2279,0.2001,-0.8872,-0.7574,-1.0639,2.3623,-0.1381
1.5279,-0.4727,1.2737,-0.3467,1.8118,0.781,1.9247,-1.1184,1.1961,-0.2288,0.1659,-0.8792,-0.7574,-1.0639,2.3587,-0.1492
1.5279,-0.4727,1.2737,-0.3467,1.8118,0.781,1.9247,-1.1184,1.1961,-0.2288,0.1659,-0.8792,-0.7574,-1.0639,2.3587,-0.1492
1.5063,-0.4726,1.2592,-0.3482,1.802,0.7783,1.9216,-1.1281,1.1778,-0.2353,0.145,-0.8802,-0.786,-1.0704,2.3344,-0.1468
1.5063,-0.4726,1.2592,-0.3482,1.802,0.7783,1.9216,-1.1281,1.1778,-0.2353,0.145,-0.8802,-0.786,-1.0704,2.3344,-0.1468
1.5063,-0.4726,1.2592,-0.3482,1.802,0.7783,1.9216,-1.1281,1.1778,-0.2353,0.145,-0.8802,-0.786,-1.0704,2.3344,-0.1468
1.4881,-0.4773,1.2417,-0.3508,1.7922,0.7755,1.9007,-1.126,1.1656,-0.2397,0.1393,-0.8824,-0.7784,-1.0813,2.3251,-0.1498
1.4881,-0.4773,1.2417,-0.3508,1.7922,0.7755,1.9007,-1.126,1.1656,-0.2397,0.1393,-0.8824,-0.7784,-1.0813,2.3251,-0.1498
1.4795,-0.4855,1.2262,-0.3564,1.7766,0.781,1.8797,-1.124,1.1433,-0.2405,0.1185,-0.8834,-0.8145,-1.0768,2.3157,-0.1527
1.4554,-0.4919,1.1891,-0.3587,1.7512,0.7837,1.8557,-1.1316,1.1211,-0.2413,0.1033,-0.8822,-0.8287,-1.08,2.2915,-0.1503
1.4219,-0.4949,1.1492,-0.3621,1.7317,0.7781,1.8318,-1.1393,1.099,-0.2421,0.0825,-0.8832,-0.8278,-1.105,2.2822,-0.1532
1.4219,-0.4949,1.1492,-0.3621,1.7317,0.7781,1.8318,-1.1393,1.099,-0.2421,0.0825,-0.8832,-0.8278,-1.105,2.2822,-0.1532
1.4219,-0.4949,1.1492,-0.3621,1.7317,0.7781,1.8318,-1.1393,1.099,-0.2421,0.0825,-0.8832,-0.8278,-1.105,2.2822,-0.1532
1.3858,-0.5045,1.1021,-0.3718,1.6868,0.7752,1.7791,-1.1475,1.0608,-0.2416,0.075,-0.8931,-0.8638,-1.1005,2.2487,-0.1538
1.3858,-0.5045,1.1021,-0.3718,1.6868,0.7752,1.7791,-1.1475,1.0608,-0.2416,0.075,-0.8931,-0.8638,-1.1005,2.2487,-0.1538
1.3405,-0.5107,1.0602,-0.3833,1.6576,0.7668,1.7345,-1.1531,1.0145,-0.2511,0.0486,-0.8962,-0.9138,-1.0992,2.206,-0.1573
1.3405,-0.5107,1.0602,-0.3833,1.6576,0.7668,1.7345,-1.1531,1.0145,-0.2511,0.0486,-0.8962,-0.9138,-1.0992,2.206,-0.1573
1.3405,-0.5107,1.0602,-0.3833,1.6576,0.7668,1.7345,-1.1531,1.0145,-0.2511,0.0486,-0.8962,-0.9138,-1.0992,2.206,-0.1573
1.2953,-0.517,1.0114,-0.3901,1.613,0.7638,1.6773,-1.1542,0.9805,-0.2563,0.0241,-0.8917,-0.9354,-1.0916,2.1875,-0.1632
1.2953,-0.517,1.0114,-0.3901,1.613,0.7638,1.6773,-1.1542,0.9805,-0.2563,0.0241,-0.8917,-0.9354,-1.0916,2.1875,-0.1632
1.2953,-0.517,1.0114,-0.3901,1.613,0.7638,1.6773,-1.1542,0.9805,-0.2563,0.0241,-0.8917,-0.9354,-1.0916,2.1875,-0.1632
1.1995,-0.5311,0.9092,-0.4019,1.526,0.7387,1.5683,-1.1636,0.9186,-0.2646,-0.0399,-0.8816,-0.9495,-1.0948,2.1507,-0.1749
1.1995,-0.5311,0.9092,-0.4019,1.526,0.7387,1.5683,-1.1636,0.9186,-0.2646,-0.0399,-0.8816,-0.9495,-1.0948,2.1507,-0.1749
1.1455,-0.5341,0.8579,-0.4098,1.4721,0.733,1.5293,-1.1764,0.865,-0.2628,-0.07,-0.8793,-0.9852,-1.0904,2.1026,-0.1702
1.1455,-0.5341,0.8579,-0.4098,1.4721,0.733,1.5293,-1.1764,0.865,-0.2628,-0.07,-0.8793,-0.9852,-1.0904,2.1026,-0.1702
1.0765,-0.5355,0.8037,-0.4189,1.4185,0.7272,1.465,-1.1801,0.8214,-0.2645,-0.0961,-0.8825,-0.9918,-1.1044,2.0695,-0.1709
1.0765,-0.5355,0.8037,-0.4189,1.4185,0.7272,1.465,-1.1801,0.8214,-0.2645,-0.0961,-0.8825,-0.9918,-1.1044,2.0695,-0.1709
1.0765,-0.5355,0.8037,-0.4189,1.4185,0.7272,1.465,-1.1801,0.8214,-0.2645,-0.0961,-0.8825,-0.9918,-1.1044,2.0695,-0.1709
1.0263,-0.5434,0.7528,-0.4268,1.3747,0.7242,1.401,-1.184,0.7759,-0.2742,-0.1278,-0.8879,-1.0414,-1.1032,2.0273,-0.1744
0.9829,-0.561,0.697,-0.433,1.3062,0.7237,1.3422,-1.1948,0.7325,-0.2759,-0.1538,-0.8911,-1.0909,-1.1021,2,-0.1832
0.9829,-0.561,0.697,-0.433,1.3062,0.7237,1.3422,-1.1948,0.7325,-0.2759,-0.1538,-0.8911,-1.0909,-1.1021,2,-0.1832
0.9829,-0.561,0.697,-0.433,1.3062,0.7237,1.3422,-1.1948,0.7325,-0.2759,-0.1538,-0.8911,-1.0909,-1.1021,2,-0.1832
0.9355,-0.5625,0.6524,-0.4388,1.2721,0.7235,1.3162,-1.2119,0.6893,-0.2777,-0.1743,-0.8922,-1.1477,-1.0902,1.9818,-0.1891
0.9355,-0.5625,0.6524,-0.4388,1.2721,0.7235,1.3162,-1.2119,0.6893,-0.2777,-0.1743,-0.8922,-1.1477,-1.0902,1.9818,-0.1891
0.9355,-0.5625,0.6524,-0.4388,1.2721,0.7235,1.3162,-1.2119,0.6893,-0.2777,-0.1743,-0.8922,-1.1477,-1.0902,1.9818,-0.1891
0.8501,-0.5688,0.5516,-0.444,1.2097,0.7148,1.2424,-1.2278,0.6032,-0.2814,-0.2338,-0.8877,-1.1894,-1.0999,1.9252,-0.1875
0.8501,-0.5688,0.5516,-0.444,1.2097,0.7148,1.2424,-1.2278,0.6032,-0.2814,-0.2338,-0.8877,-1.1894,-1.0999,1.9252,-0.1875
0.8501,-0.5688,0.5516,-0.444,1.2097,0.7148,1.2424,-1.2278,0.6032,-0.2814,-0.2338,-0.8877,-1.1894,-1.0999,1.9252,-0.1875
0.7973,-0.572,0.5015,-0.452,1.1571,0.7089,1.1746,-1.2248,0.5604,-0.2832,-0.2634,-0.8855,-1.2171,-1.1063,1.9015,-0.1852
0.7973,-0.572,0.5015,-0.452,1.1571,0.7089,1.1746,-1.2248,0.5604,-0.2832,-0.2634,-0.8855,-1.2171,-1.1063,1.9015,-0.1852
0.7571,-0.5831,0.4516,-0.46,1.1139,0.7058,1.1318,-1.2306,0.5254,-0.2963,-0.2893,-0.8887,-1.2522,-1.102,1.8778,-0.183
0.7571,-0.5831,0.4516,-0.46,1.1139,0.7058,1.1318,-1.2306,0.5254,-0.2963,-0.2893,-0.8887,-1.2522,-1.102,1.8778,-0.183
0.6989,-0.5879,0.3969,-0.4663,1.0373,0.7024,1.0692,-1.2345,0.4886,-0.296,-0.3226,-0.8811,-1.266,-1.1053,1.8452,-0.1837
0.6989,-0.5879,0.3969,-0.4663,1.0373,0.7024,1.0692,-1.2345,0.4886,-0.296,-0.3226,-0.8811,-1.266,-1.1053,1.8452,-0.1837
0.6556,-0.5943,0.3454,-0.4716,1,0.6912,1.0144,-1.236,0.4557,-0.3013,-0.3467,-0.8767,-1.2873,-1.0978,1.8362,-0.1866
0.6092,-0.596,0.2969,-0.4757,0.948,0.6853,0.9598,-1.2375,0.4229,-0.3066,-0.3724,-0.88,-1.3011,-1.101,1.8036,-0.1873
0.6092,-0.596,0.2969,-0.4757,0.948,0.6853,0.9598,-1.2375,0.4229,-0.3066,-0.3724,-0.88,-1.3011,-1.101,1.8036,-0.1873
0.6092,-0.596,0.2969,-0.4757,0.948,0.6853,0.9598,-1.2375,0.4229,-0.3066,-0.3724,-0.88,-1.3011,-1.101,1.8036,-0.1873
0.5832,-0.5976,0.265,-0.4772,0.9147,0.6849,0.925,-1.2408,0.3959,-0.3098,-0.3888,-0.8865,-1.3498,-1.1,1.7856,-0.1932
0.5832,-0.5976,0.265,-0.4772,0.9147,0.6849,0.925,-1.2408,0.3959,-0.3098,-0.3888,-0.8865,-1.3498,-1.1,1.7856,-0.1932
0.5832,-0.5976,0.265,-0.4772,0.9147,0.6849,0.925,-1.2408,0.3959,-0.3098,-0.3888,-0.8865,-1.3498,-1.1,1.7856,-0.1932
0.7094,-0.5735,0.3706,-0.4549,1.0242,0.6887,1.0076,-1.2127,0.4673,-0.297,-0.3593,-0.8887,-1.3148,-1.1043,1.8305,-0.1785
0.7094,-0.5735,0.3706,-0.4549,1.0242,0.6887,1.0076,-1.2127,0.4673,-0.297,-0.3593,-0.8887,-1.3148,-1.1043,1.8305,-0.1785
0.8781,-0.5496,0.5378,-0.4241,1.1777,0.6955,1.1505,-1.1901,0.5623,-0.2754,-0.3171,-0.8789,-1.2096,-1.1171,1.8902,-0.169
0.8781,-0.5496,0.5378,-0.4241,1.1777,0.6955,1.1505,-1.1901,0.5623,-0.2754,-0.3171,-0.8789,-1.2096,-1.1171,1.8902,-0.169
1.0605,-0.5225,0.7309,-0.3953,1.3404,0.724,1.3585,-1.1636,0.6795,-0.2529,-0.2452,-0.8713,-1.1048,-1.1053,1.9627,-0.1454
1.0605,-0.5225,0.7309,-0.3953,1.3404,0.724,1.3585,-1.1636,0.6795,-0.2529,-0.2452,-0.8713,-1.1048,-1.1053,1.9627,-0.1454
1.2299,-0.4939,0.9205,-0.3689,1.4953,0.7495,1.5488,-1.1355,0.8076,-0.234,-0.1673,-0.8615,-1.0209,-1.086,2.0355,-0.1218
1.2299,-0.4939,0.9205,-0.3689,1.4953,0.7495,1.5488,-1.1355,0.8076,-0.234,-0.1673,-0.8615,-1.0209,-1.086,2.0355,-0.1218
1.2299,-0.4939,0.9205,-0.3689,1.4953,0.7495,1.5488,-1.1355,0.8076,-0.234,-0.1673,-0.8615,-1.0209,-1.086,2.0355,-0.1218
1.3713,-0.4733,1.0788,-0.3439,1.6113,0.7831,1.713,-1.108,0.9428,-0.2128,-0.0817,-0.8418,-0.9006,-1.0711,2.1293,-0.1116
1.3713,-0.4733,1.0788,-0.3439,1.6113,0.7831,1.713,-1.108,0.9428,-0.2128,-0.0817,-0.8418,-0.9006,-1.0711,2.1293,-0.1116
1.3713,-0.4733,1.0788,-0.3439,1.6113,0.7831,1.713,-1.108,0.9428,-0.2128,-0.0817,-0.8418,-0.9006,-1.0711,2.1293,-0.1116
1.5289,-0.4431,1.2771,-0.3126,1.7847,0.8032,1.942,-1.0867,1.0954,-0.1932,0.027,-0.8134,-0.8011,-1.0485,2.2757,-0.095
1.5289,-0.4431,1.2771,-0.3126,1.7847,0.8032,1.942,-1.0867,1.0954,-0.1932,0.027,-0.8134,-0.8011,-1.0485,2.2757,-0.095
1.5687,-0.4385,1.33,-0.3047,1.8241,0.8144,1.9953,-1.0785,1.1419,-0.1835,0.078,-0.8147,-0.7726,-1.0421,2.3186,-0.0914
1.5687,-0.4385,1.33,-0.3047,1.8241,0.8144,1.9953,-1.0785,1.1419,-0.1835,0.078,-0.8147,-0.7726,-1.0421,2.3186,-0.0914
1.5869,-0.4337,1.3694,-0.3053,1.8537,0.8228,2.0276,-1.0683,1.1702,-0.1805,0.1006,-0.8059,-0.7802,-1.0311,2.3466,-0.0826
1.5869,-0.4337,1.3694,-0.3053,1.8537,0.8228,2.0276,-1.0683,1.1702,-0.1805,0.1006,-0.8059,-0.7802,-1.0311,2.3466,-0.0826
1.5869,-0.4337,1.3694,-0.3053,1.8537,0.8228,2.0276,-1.0683,1.1702,-0.1805,0.1006,-0.8059,-0.7802,-1.0311,2.3466,-0.0826
1.6121,-0.4388,1.3819,-0.3009,1.8577,0.834,2.0519,-1.0606,1.1965,-0.1854,0.1215,-0.8049,-0.7878,-1.0201,2.3653,-0.0767
1.6156,-0.4438,1.3736,-0.3001,1.8577,0.834,2.065,-1.0652,1.1965,-0.1854,0.1367,-0.8061,-0.8021,-1.0234,2.3804,-0.082
1.6225,-0.4537,1.3622,-0.3005,1.8577,0.834,2.065,-1.0652,1.1803,-0.1841,0.1367,-0.8061,-0.7945,-1.0343,2.3861,-0.0903
1.6225,-0.4537,1.3622,-0.3005,1.8577,0.834,2.065,-1.0652,1.1803,-0.1841,0.1367,-0.8061,-0.7945,-1.0343,2.3861,-0.0903
1.6225,-0.4537,1.3622,-0.3005,1.8577,0.834,2.065,-1.0652,1.1803,-0.1841,0.1367,-0.8061,-0.7945,-1.0343,2.3861,-0.0903
1.5981,-0.4601,1.3372,-0.3094,1.8438,0.82,2.0538,-1.0775,1.162,-0.1907,0.1253,-0.8104,-0.8154,-1.0517,2.3524,-0.0909
1.5981,-0.4601,1.3372,-0.3094,1.8438,0.82,2.0538,-1.0775,1.162,-0.1907,0.1253,-0.8104,-0.8154,-1.0517,2.3524,-0.0909
1.5738,-0.4665,1.3174,-0.3202,1.8027,0.8282,2.0245,-1.078,1.1438,-0.1972,0.1197,-0.8126,-0.8296,-1.0549,2.328,-0.0885
1.5738,-0.4665,1.3174,-0.3202,1.8027,0.8282,2.0245,-1.078,1.1438,-0.1972,0.1197,-0.8126,-0.8296,-1.0549,2.328,-0.0885
1.546,-0.4679,1.2904,-0.3261,1.7674,0.8281,2.0003,-1.0857,1.1276,-0.1959,0.1101,-0.8093,-0.859,-1.0363,2.3186,-0.0914
1.546,-0.4679,1.2904,-0.3261,1.7674,0.8281,2.0003,-1.0857,1.1276,-0.1959,0.1101,-0.8093,-0.859,-1.0363,2.3186,-0.0914
1.546,-0.4679,1.2904,-0.3261,1.7674,0.8281,2.0003,-1.0857,1.1276,-0.1959,0.1101,-0.8093,-0.859,-1.0363,2.3186,-0.0914
1.5313,-0.4777,1.2718,-0.3328,1.738,0.8197,1.9841,-1.0908,1.1155,-0.2003,0.0968,-0.8003,-0.859,-1.0363,2.3244,-0.0997
1.5002,-0.4742,1.2542,-0.3354,1.7184,0.814,1.981,-1.1005,1.1033,-0.2047,0.0911,-0.8025,-0.8732,-1.0396,2.3151,-0.1027
1.5002,-0.4742,1.2542,-0.3354,1.7184,0.814,1.981,-1.1005,1.1033,-0.2047,0.0911,-0.8025,-0.8732,-1.0396,2.3151,-0.1027
1.4787,-0.474,1.2418,-0.3399,1.7087,0.8112,1.96,-1.0985,1.0772,-0.1998,0.0854,-0.8047,-0.8949,-1.0319,2.3058,-0.1056
1.4787,-0.474,1.2418,-0.3399,1.7087,0.8112,1.96,-1.0985,1.0772,-0.1998,0.0854,-0.8047,-0.8949,-1.0319,2.3058,-0.1056
1.4787,-0.474,1.2418,-0.3399,1.7087,0.8112,1.96,-1.0985,1.0772,-0.1998,0.0854,-0.8047,-0.8949,-1.0319,2.3058,-0.1056
1.4572,-0.4739,1.2294,-0.3443,1.6891,0.8056,1.9259,-1.0919,1.0651,-0.2042,0.0854,-0.8047,-0.8874,-1.0428,2.2965,-0.1086
1.4572,-0.4739,1.2294,-0.3443,1.6891,0.8056,1.9259,-1.0919,1.0651,-0.2042,0.0854,-0.8047,-0.8874,-1.0428,2.2965,-0.1086
1.4391,-0.4787,1.2119,-0.3469,1.6794,0.8028,1.9148,-1.1041,1.043,-0.205,0.0798,-0.8069,-0.9091,-1.0351,2.2815,-0.1032
1.421,-0.4835,1.1811,-0.347,1.6541,0.8055,1.8908,-1.1118,1.0209,-0.2059,0.0646,-0.8058,-0.9232,-1.0384,2.2722,-0.1062
1.3876,-0.4865,1.1493,-0.3512,1.6347,0.7998,1.8668,-1.1194,0.9788,-0.1997,0.04,-0.8013,-0.9298,-1.0525,2.2536,-0.1121
1.3876,-0.4865,1.1493,-0.3512,1.6347,0.7998,1.8668,-1.1194,0.9788,-0.1997,0.04,-0.8013,-0.9298,-1.0525,2.2536,-0.1121
1.3876,-0.4865,1.1493,-0.3512,1.6347,0.7998,1.8668,-1.1194,0.9788,-0.1997,0.04,-0.8013,-0.9298,-1.0525,2.2536,-0.1121
1.3482,-0.4912,1.1134,-0.3605,1.621,0.786,1.8219,-1.1251,0.9448,-0.2049,0.0287,-0.8057,-0.9439,-1.0557,2.2294,-0.1097
1.3482,-0.4912,1.1134,-0.3605,1.621,0.786,1.8219,-1.1251,0.9448,-0.2049,0.0287,-0.8057,-0.9439,-1.0557,2.2294,-0.1097
1.303,-0.4975,1.0745,-0.3709,1.5765,0.783,1.7901,-1.1353,0.9049,-0.2124,0.0024,-0.8089,-0.9721,-1.0622,2.2017,-0.1186
1.303,-0.4975,1.0745,-0.3709,1.5765,0.783,1.7901,-1.1353,0.9049,-0.2124,0.0024,-0.8089,-0.9721,-1.0622,2.2017,-0.1186
1.303,-0.4975,1.0745,-0.3709,1.5765,0.783,1.7901,-1.1353,0.9049,-0.2124,0.0024,-0.8089,-0.9721,-1.0622,2.2017,-0.1186
1.2639,-0.5022,1.0287,-0.3765,1.5321,0.78,1.7504,-1.148,0.8711,-0.2177,-0.0222,-0.8044,-0.9938,-1.0546,2.1924,-0.1215
1.2639,-0.5022,1.0287,-0.3765,1.5321,0.78,1.7504,-1.148,0.8711,-0.2177,-0.0222,-0.8044,-0.9938,-1.0546,2.1924,-0.1215
1.2639,-0.5022,1.0287,-0.3765,1.5321,0.78,1.7504,-1.148,0.8711,-0.2177,-0.0222,-0.8044,-0.9938,-1.0546,2.1924,-0.1215
1.1589,-0.5131,0.9234,-0.3895,1.4455,0.7547,1.633,-1.1599,0.8096,-0.2261,-0.0785,-0.8054,-1.0219,-1.061,2.135,-0.1199
1.1589,-0.5131,0.9234,-0.3895,1.4455,0.7547,1.633,-1.1599,0.8096,-0.2261,-0.0785,-0.8054,-1.0219,-1.061,2.135,-0.1199
1.1177,-0.5243,0.872,-0.3974,1.4072,0.7435,1.5635,-1.1566,0.7661,-0.2279,-0.1047,-0.8087,-1.0714,-1.0599,2.1018,-0.1205
1.1177,-0.5243,0.872,-0.3974,1.4072,0.7435,1.5635,-1.1566,0.7661,-0.2279,-0.1047,-0.8087,-1.0714,-1.0599,2.1018,-0.1205
1.1177,-0.5243,0.872,-0.3974,1.4072,0.7435,1.5635,-1.1566,0.7661,-0.2279,-0.1047,-0.8087,-1.0714,-1.0599,2.1018,-0.1205
1.0673,-0.5322,0.8188,-0.4025,1.3481,0.7459,1.4991,-1.1604,0.7228,-0.2297,-0.127,-0.8175,-1.1069,-1.0556,2.0629,-0.113
1.0673,-0.5322,0.8188,-0.4025,1.3481,0.7459,1.4991,-1.1604,0.7228,-0.2297,-0.127,-0.8175,-1.1069,-1.0556,2.0629,-0.113
1.0263,-0.5434,0.7628,-0.4087,1.2987,0.751,1.4553,-1.1661,0.6835,-0.2372,-0.1475,-0.8186,-1.1852,-1.0361,2.0298,-0.1136
1.0263,-0.5434,0.7628,-0.4087,1.2987,0.751,1.4553,-1.1661,0.6835,-0.2372,-0.1475,-0.8186,-1.1852,-1.0361,2.0298,-0.1136
0.9854,-0.5546,0.71,-0.4138,1.2401,0.7533,1.401,-1.184,0.6501,-0.2425,-0.1736,-0.8219,-1.2129,-1.0426,2.0025,-0.1225
0.9854,-0.5546,0.71,-0.4138,1.2401,0.7533,1.401,-1.184,0.6501,-0.2425,-0.1736,-0.8219,-1.2129,-1.0426,2.0025,-0.1225
0.9854,-0.5546,0.71,-0.4138,1.2401,0.7533,1.401,-1.184,0.6501,-0.2425,-0.1736,-0.8219,-1.2129,-1.0426,2.0025,-0.1225
0.8757,-0.556,0.6069,-0.427,1.1496,0.7361,1.3066,-1.198,0.5583,-0.2485,-0.2332,-0.8175,-1.2533,-1.0773,1.9514,-0.1291
0.8757,-0.556,0.6069,-0.427,1.1496,0.7361,1.3066,-1.198,0.5583,-0.2485,-0.2332,-0.8175,-1.2533,-1.0773,1.9514,-0.1291
0.8319,-0.5624,0.5595,-0.4339,1.1064,0.7329,1.2634,-1.2038,0.5097,-0.2526,-0.2684,-0.8175,-1.281,-1.0838,1.8857,-0.1306
0.8319,-0.5624,0.5595,-0.4339,1.1064,0.7329,1.2634,-1.2038,0.5097,-0.2526,-0.2684,-0.8175,-1.281,-1.0838,1.8857,-0.1306
0.7849,-0.5639,0.5172,-0.4426,1.069,0.7217,1.2203,-1.2095,0.471,-0.2601,-0.2849,-0.8241,-1.316,-1.0795,1.8327,-0.118
0.7447,-0.5751,0.4672,-0.4506,1.0167,0.7157,1.1698,-1.2178,0.4324,-0.2677,-0.3146,-0.8219,-1.3297,-1.0828,1.8204,-0.132
0.7447,-0.5751,0.4672,-0.4506,1.0167,0.7157,1.1698,-1.2178,0.4324,-0.2677,-0.3146,-0.8219,-1.3297,-1.0828,1.8204,-0.132
0.7447,-0.5751,0.4672,-0.4506,1.0167,0.7157,1.1698,-1.2178,0.4324,-0.2677,-0.3146,-0.8219,-1.3297,-1.0828,1.8204,-0.132
0.7447,-0.5751,0.4672,-0.4506,1.0167,0.7157,1.1698,-1.2178,0.4324,-0.2677,-0.3146,-0.8219,-1.3297,-1.0828,1.8204,-0.132
0.6922,-0.5784,0.4154,-0.4558,0.9591,0.7178,1.1146,-1.2193,0.3996,-0.273,-0.3441,-0.8197,-1.3647,-1.0786,1.8024,-0.138
0.6922,-0.5784,0.4154,-0.4558,0.9591,0.7178,1.1146,-1.2193,0.3996,-0.273,-0.3441,-0.8197,-1.3647,-1.0786,1.8024,-0.138
0.6366,-0.5768,0.3667,-0.4599,0.9165,0.7146,1.0719,-1.2251,0.363,-0.2728,-0.3737,-0.8176,-1.3784,-1.0818,1.7845,-0.1439
0.6366,-0.5768,0.3667,-0.4599,0.9165,0.7146,1.0719,-1.2251,0.363,-0.2728,-0.3737,-0.8176,-1.3784,-1.0818,1.7845,-0.1439
0.5846,-0.5801,0.3133,-0.4624,0.8943,0.6982,1.0171,-1.2265,0.3304,-0.2782,-0.3993,-0.8209,-1.4058,-1.0883,1.7665,-0.1498
0.5846,-0.5801,0.3133,-0.4624,0.8943,0.6982,1.0171,-1.2265,0.3304,-0.2782,-0.3993,-0.8209,-1.4058,-1.0883,1.7665,-0.1498
0.5392,-0.5929,0.2621,-0.4676,0.8371,0.7002,0.9502,-1.2237,0.2979,-0.2836,-0.4157,-0.8275,-1.4405,-1.0842,1.7285,-0.1424
0.5054,-0.6025,0.2138,-0.4718,0.8096,0.6917,0.908,-1.2296,0.2519,-0.28,-0.4451,-0.8254,-1.4752,-1.08,1.7017,-0.1513
0.4795,-0.6041,0.1696,-0.471,0.7765,0.6913,0.8856,-1.2372,0.2157,-0.2798,-0.4652,-0.8266,-1.516,-1.0898,1.6694,-0.1521
0.4795,-0.6041,0.1696,-0.471,0.7765,0.6913,0.8856,-1.2372,0.2157,-0.2798,-0.4652,-0.8266,-1.516,-1.0898,1.6694,-0.1521
0.4795,-0.6041,0.1696,-0.471,0.7765,0.6913,0.8856,-1.2372,0.2157,-0.2798,-0.4652,-0.8266,-1.516,-1.0898,1.6694,-0.1521
0.4762,-0.5994,0.1599,-0.4676,0.7821,0.6833,0.8734,-1.2329,0.2157,-0.2798,-0.4837,-0.82,-1.5086,-1.1005,1.6694,-0.1521
0.4762,-0.5994,0.1599,-0.4676,0.7821,0.6833,0.8734,-1.2329,0.2157,-0.2798,-0.4837,-0.82,-1.5086,-1.1005,1.6694,-0.1521
0.4762,-0.5994,0.1599,-0.4676,0.7821,0.6833,0.8734,-1.2329,0.2157,-0.2798,-0.4837,-0.82,-1.5086,-1.1005,1.6694,-0.1521
0.5473,-0.5849,0.2272,-0.4596,0.8483,0.6841,0.923,-1.2245,0.2442,-0.2688,-0.469,-0.8211,-1.4666,-1.1153,1.6872,-0.1462
0.5473,-0.5849,0.2272,-0.4596,0.8483,0.6841,0.923,-1.2245,0.2442,-0.2688,-0.469,-0.8211,-1.4666,-1.1153,1.6872,-0.1462
0.6675,-0.5624,0.3608,-0.4408,0.9461,0.7042,1.0377,-1.2025,0.3245,-0.2592,-0.438,-0.8155,-1.4257,-1.1056,1.7228,-0.1343
0.8291,-0.5286,0.5408,-0.4122,1.0671,0.7407,1.2038,-1.1722,0.4399,-0.2364,-0.3665,-0.8077,-1.3223,-1.0935,1.8001,-0.1187
1.0052,-0.5029,0.7339,-0.3834,1.2193,0.7668,1.4048,-1.1483,0.5973,-0.2196,-0.2837,-0.7955,-1.2043,-1.0783,1.8959,-0.0972
1.0052,-0.5029,0.7339,-0.3834,1.2193,0.7668,1.4048,-1.1483,0.5973,-0.2196,-0.2837,-0.7955,-1.2043,-1.0783,1.8959,-0.0972
1.0052,-0.5029,0.7339,-0.3834,1.2193,0.7668,1.4048,-1.1483,0.5973,-0.2196,-0.2837,-0.7955,-1.2043,-1.0783,1.8959,-0.0972
1.1563,-0.4789,0.9044,-0.3566,1.354,0.7871,1.5801,-1.1252,0.7208,-0.1947,-0.1893,-0.7788,-1.1069,-1.0556,2.0071,-0.0809
1.1563,-0.4789,0.9044,-0.3566,1.354,0.7871,1.5801,-1.1252,0.7208,-0.1947,-0.1893,-0.7788,-1.1069,-1.0556,2.0071,-0.0809
1.2545,-0.4581,1.0291,-0.3329,1.4764,0.7934,1.7001,-1.1035,0.8057,-0.1774,-0.1127,-0.7766,-1.0294,-1.0502,2.0767,-0.0682
1.2545,-0.4581,1.0291,-0.3329,1.4764,0.7934,1.7001,-1.1035,0.8057,-0.1774,-0.1127,-0.7766,-1.0294,-1.0502,2.0767,-0.0682
1.3423,-0.4519,1.124,-0.3203,1.5593,0.8077,1.7973,-1.0895,0.8831,-0.1702,-0.0491,-0.7656,-0.9948,-1.0295,2.1375,-0.0586
1.3423,-0.4519,1.124,-0.3203,1.5593,0.8077,1.7973,-1.0895,0.8831,-0.1702,-0.0491,-0.7656,-0.9948,-1.0295,2.1375,-0.0586
1.3971,-0.4489,1.1876,-0.3119,1.6078,0.8219,1.8451,-1.0741,0.929,-0.1604,-0.0021,-0.7612,-0.9666,-1.023,2.1801,-0.055
1.3971,-0.4489,1.1876,-0.3119,1.6078,0.8219,1.8451,-1.0741,0.929,-0.1604,-0.0021,-0.7612,-0.9666,-1.023,2.1801,-0.055
1.4151,-0.4441,1.2092,-0.3041,1.6369,0.8303,1.9,-1.0827,0.961,-0.163,0.0165,-0.7468,-0.9601,-1.0088,2.2078,-0.046
1.4151,-0.4441,1.2092,-0.3041,1.6369,0.8303,1.9,-1.0827,0.961,-0.163,0.0165,-0.7468,-0.9601,-1.0088,2.2078,-0.046
1.4211,-0.4425,1.2226,-0.3066,1.6466,0.8332,1.921,-1.0847,0.963,-0.1551,0.0373,-0.7457,-0.9601,-1.0088,2.2171,-0.0431
1.4211,-0.4425,1.2226,-0.3066,1.6466,0.8332,1.921,-1.0847,0.963,-0.1551,0.0373,-0.7457,-0.9601,-1.0088,2.2171,-0.0431
1.4245,-0.4474,1.2235,-0.3135,1.6466,0.8332,1.916,-1.0776,0.957,-0.1573,0.043,-0.7435,-0.9818,-1.0012,2.2113,-0.0348
1.4245,-0.4474,1.2235,-0.3135,1.6466,0.8332,1.916,-1.0776,0.957,-0.1573,0.043,-0.7435,-0.9818,-1.0012,2.2113,-0.0348
1.4125,-0.4506,1.2132,-0.3209,1.6272,0.8275,1.908,-1.0801,0.949,-0.1675,0.043,-0.7435,-0.9883,-1.0154,2.1963,-0.0295
1.4125,-0.4506,1.2132,-0.3209,1.6272,0.8275,1.908,-1.0801,0.949,-0.1675,0.043,-0.7435,-0.9883,-1.0154,2.1963,-0.0295
1.3945,-0.4555,1.1915,-0.3287,1.5866,0.8356,1.8919,-1.0853,0.937,-0.1719,0.043,-0.7435,-0.9958,-1.0045,2.1963,-0.0295
1.3945,-0.4555,1.1915,-0.3287,1.5866,0.8356,1.8919,-1.0853,0.937,-0.1719,0.043,-0.7435,-0.9958,-1.0045,2.1963,-0.0295
1.3705,-0.4619,1.1597,-0.3329,1.5575,0.8271,1.8759,-1.0904,0.919,-0.1785,0.0183,-0.739,-1.0315,-1.0001,2.1928,-0.0407
1.3466,-0.4683,1.133,-0.3388,1.5439,0.8132,1.847,-1.0909,0.903,-0.1772,0.0127,-0.7412,-1.0315,-1.0001,2.1928,-0.0407
1.3466,-0.4683,1.133,-0.3388,1.5439,0.8132,1.847,-1.0909,0.903,-0.1772,0.0127,-0.7412,-1.0315,-1.0001,2.1928,-0.0407
1.3466,-0.4683,1.133,-0.3388,1.5439,0.8132,1.847,-1.0909,0.903,-0.1772,0.0127,-0.7412,-1.0315,-1.0001,2.1928,-0.0407
1.3192,-0.4698,1.1156,-0.3415,1.5246,0.8075,1.831,-1.0961,0.8811,-0.1781,0.0014,-0.7456,-1.0456,-1.0034,2.1836,-0.0437
1.3192,-0.4698,1.1156,-0.3415,1.5246,0.8075,1.831,-1.0961,0.8811,-0.1781,0.0014,-0.7456,-1.0456,-1.0034,2.1836,-0.0437
1.3192,-0.4698,1.1156,-0.3415,1.5246,0.8075,1.831,-1.0961,0.8811,-0.1781,0.0014,-0.7456,-1.0456,-1.0034,2.1836,-0.0437
1.3073,-0.473,1.1033,-0.3459,1.5053,0.8019,1.8151,-1.1012,0.8652,-0.1768,0.0053,-0.7512,-1.0736,-1.0099,2.1744,-0.0467
1.3073,-0.473,1.0952,-0.3452,1.5053,0.8019,1.8151,-1.1012,0.8493,-0.1755,-0.0042,-0.7479,-1.0876,-1.0132,2.1744,-0.0467
1.2954,-0.4762,1.0859,-0.3486,1.4899,0.8073,1.8071,-1.1037,0.8275,-0.1764,-0.0098,-0.7501,-1.108,-1.0306,2.1502,-0.0444
1.2954,-0.4762,1.0859,-0.3486,1.4899,0.8073,1.8071,-1.1037,0.8275,-0.1764,-0.0098,-0.7501,-1.108,-1.0306,2.1502,-0.0444
1.2954,-0.4762,1.0859,-0.3486,1.4899,0.8073,1.8071,-1.1037,0.8275,-0.1764,-0.0098,-0.7501,-1.108,-1.0306,2.1502,-0.0444
1.2707,-0.4712,1.0717,-0.3501,1.4803,0.8045,1.7992,-1.1063,0.8116,-0.1751,-0.0154,-0.7523,-1.1005,-1.0415,2.141,-0.0474
1.2707,-0.4712,1.0717,-0.3501,1.4803,0.8045,1.7992,-1.1063,0.8116,-0.1751,-0.0154,-0.7523,-1.1005,-1.0415,2.141,-0.0474
1.2707,-0.4712,1.0717,-0.3501,1.4803,0.8045,1.7992,-1.1063,0.8116,-0.1751,-0.0154,-0.7523,-1.1005,-1.0415,2.141,-0.0474
1.2494,-0.4711,1.0513,-0.3539,1.4707,0.8017,1.7704,-1.1069,0.7879,-0.184,-0.0305,-0.7512,-1.1359,-1.0371,2.102,-0.0398
1.2494,-0.4711,1.0513,-0.3539,1.4707,0.8017,1.7704,-1.1069,0.7879,-0.184,-0.0305,-0.7512,-1.1359,-1.0371,2.102,-0.0398
1.2257,-0.4776,1.0248,-0.3598,1.4458,0.8043,1.7416,-1.1074,0.7701,-0.1906,-0.0361,-0.7534,-1.1284,-1.048,2.0928,-0.0428
1.2257,-0.4776,1.0248,-0.3598,1.4458,0.8043,1.7416,-1.1074,0.7701,-0.1906,-0.0361,-0.7534,-1.1284,-1.048,2.0928,-0.0428
1.2257,-0.4776,1.0248,-0.3598,1.4458,0.8043,1.7416,-1.1074,0.7701,-0.1906,-0.0361,-0.7534,-1.1284,-1.048,2.0928,-0.0428
1.1479,-0.4871,0.9528,-0.3715,1.4036,0.7819,1.6705,-1.1305,0.7149,-0.1969,-0.0907,-0.7467,-1.1852,-1.0361,2.0562,-0.0548
1.1479,-0.4871,0.9528,-0.3715,1.4036,0.7819,1.6705,-1.1305,0.7149,-0.1969,-0.0907,-0.7467,-1.1852,-1.0361,2.0562,-0.0548
1.0999,-0.4885,0.9124,-0.3791,1.354,0.7871,1.6262,-1.1362,0.6716,-0.1988,-0.1075,-0.7533,-1.2204,-1.0318,2.0379,-0.0607
1.0999,-0.4885,0.9124,-0.3791,1.354,0.7871,1.6262,-1.1362,0.6716,-0.1988,-0.1075,-0.7533,-1.2204,-1.0318,2.0379,-0.0607
1.068,-0.5031,0.8671,-0.3848,1.3102,0.784,1.5693,-1.1374,0.6344,-0.1985,-0.1375,-0.7511,-1.2482,-1.0384,2.0048,-0.0615
1.068,-0.5031,0.8671,-0.3848,1.3102,0.784,1.5693,-1.1374,0.6344,-0.1985,-0.1375,-0.7511,-1.2482,-1.0384,2.0048,-0.0615
1.068,-0.5031,0.8671,-0.3848,1.3102,0.784,1.5693,-1.1374,0.6344,-0.1985,-0.1375,-0.7511,-1.2482,-1.0384,2.0048,-0.0615
1.0295,-0.5078,0.8199,-0.3877,1.2761,0.7837,1.5381,-1.1476,0.6011,-0.2039,-0.1636,-0.7545,-1.2758,-1.0449,1.9866,-0.0674
0.9793,-0.5158,0.7618,-0.3911,1.2325,0.7806,1.4942,-1.1534,0.5582,-0.2058,-0.1841,-0.7556,-1.3034,-1.0514,1.9627,-0.0652
0.9352,-0.5222,0.715,-0.4048,1.1797,0.7746,1.4427,-1.1617,0.5154,-0.2077,-0.2046,-0.7567,-1.3309,-1.058,1.915,-0.0607
0.9352,-0.5222,0.715,-0.4048,1.1797,0.7746,1.4427,-1.1617,0.5154,-0.2077,-0.2046,-0.7567,-1.3309,-1.058,1.915,-0.0607
0.9352,-0.5222,0.715,-0.4048,1.1797,0.7746,1.4427,-1.1617,0.5154,-0.2077,-0.2046,-0.7567,-1.3309,-1.058,1.915,-0.0607
0.8821,-0.5254,0.6673,-0.4117,1.127,0.7686,1.3991,-1.1674,0.4824,-0.2131,-0.2157,-0.7612,-1.3521,-1.0505,1.8969,-0.0667
0.8821,-0.5254,0.6673,-0.4117,1.127,0.7686,1.3991,-1.1674,0.4824,-0.2131,-0.2157,-0.7612,-1.3521,-1.0505,1.8969,-0.0667
0.844,-0.5302,0.6227,-0.4175,1.0783,0.7735,1.3556,-1.1732,0.4553,-0.2163,-0.24,-0.7567,-1.3521,-1.0505,1.8732,-0.0645
0.844,-0.5302,0.6227,-0.4175,1.0783,0.7735,1.3556,-1.1732,0.4553,-0.2163,-0.24,-0.7567,-1.3521,-1.0505,1.8732,-0.0645
0.844,-0.5302,0.6227,-0.4175,1.0783,0.7735,1.3556,-1.1732,0.4553,-0.2163,-0.24,-0.7567,-1.3521,-1.0505,1.8732,-0.0645
0.7912,-0.5334,0.5703,-0.4227,1.0166,0.7647,1.3046,-1.1815,0.4185,-0.2161,-0.2642,-0.7524,-1.387,-1.0463,1.8551,-0.0705
0.7912,-0.5334,0.5703,-0.4227,1.0166,0.7647,1.3046,-1.1815,0.4185,-0.2161,-0.2642,-0.7524,-1.387,-1.0463,1.8551,-0.0705
0.7912,-0.5334,0.5703,-0.4227,1.0166,0.7647,1.3046,-1.1815,0.4185,-0.2161,-0.2642,-0.7524,-1.387,-1.0463,1.8551,-0.0705
0.7912,-0.5334,0.5703,-0.4227,1.0166,0.7647,1.3046,-1.1815,0.4185,-0.2161,-0.2642,-0.7524,-1.387,-1.0463,1.8551,-0.0705
0.7008,-0.5415,0.4848,-0.4333,0.9367,0.7501,1.1934,-1.1843,0.3395,-0.2179,-0.3066,-0.7624,-1.4355,-1.0454,1.7988,-0.0691
0.7008,-0.5415,0.4848,-0.4333,0.9367,0.7501,1.1934,-1.1843,0.3395,-0.2179,-0.3066,-0.7624,-1.4355,-1.0454,1.7988,-0.0691
0.7008,-0.5415,0.4848,-0.4333,0.9367,0.7501,1.1934,-1.1843,0.3395,-0.2179,-0.3066,-0.7624,-1.4355,-1.0454,1.7988,-0.0691
0.6143,-0.5544,0.3969,-0.445,0.8664,0.7384,1.0878,-1.1941,0.2687,-0.231,-0.3582,-0.7691,-1.5247,-1.0544,1.7248,-0.0737
0.6143,-0.5544,0.3969,-0.445,0.8664,0.7384,1.0878,-1.1941,0.2687,-0.231,-0.3582,-0.7691,-1.5247,-1.0544,1.7248,-0.0737
0.5803,-0.5641,0.3482,-0.4491,0.8388,0.7299,1.05,-1.2069,0.2323,-0.2309,-0.3784,-0.7703,-1.5518,-1.061,1.7013,-0.0715
0.5803,-0.5641,0.3482,-0.4491,0.8388,0.7299,1.05,-1.2069,0.2323,-0.2309,-0.3784,-0.7703,-1.5518,-1.061,1.7013,-0.0715
0.534,-0.5658,0.2997,-0.4533,0.7965,0.7267,1.0028,-1.2058,0.1943,-0.2385,-0.4041,-0.7737,-1.5789,-1.0676,1.6689,-0.0724
0.534,-0.5658,0.2997,-0.4533,0.7965,0.7267,1.0028,-1.2058,0.1943,-0.2385,-0.4041,-0.7737,-1.5789,-1.0676,1.6689,-0.0724
0.5001,-0.5755,0.2533,-0.4603,0.7452,0.7205,0.9529,-1.2143,0.1525,-0.2406,-0.4336,-0.7716,-1.5924,-1.0709,1.6309,-0.0651
0.5001,-0.5755,0.2533,-0.4603,0.7452,0.7205,0.9529,-1.2143,0.1525,-0.2406,-0.4336,-0.7716,-1.5924,-1.0709,1.6309,-0.0651
0.4485,-0.5788,0.2042,-0.4684,0.6885,0.7224,0.9107,-1.2201,0.1203,-0.2461,-0.4537,-0.7727,-1.6268,-1.0668,1.6188,-0.0792
0.4485,-0.5788,0.2042,-0.4684,0.6885,0.7224,0.9107,-1.2201,0.1203,-0.2461,-0.4537,-0.7727,-1.6268,-1.0668,1.6188,-0.0792
0.4227,-0.5805,0.1648,-0.4693,0.6612,0.714,0.8761,-1.2235,0.1051,-0.2449,-0.4815,-0.7629,-1.6268,-1.0668,1.6043,-0.0741
0.4227,-0.5805,0.1648,-0.4693,0.6612,0.714,0.8761,-1.2235,0.1051,-0.2449,-0.4815,-0.7629,-1.6268,-1.0668,1.6043,-0.0741
0.4227,-0.5805,0.1648,-0.4693,0.6612,0.714,0.8761,-1.2235,0.1051,-0.2449,-0.4815,-0.7629,-1.6268,-1.0668,1.6043,-0.0741
0.4306,-0.5725,0.1753,-0.4688,0.6758,0.7088,0.8836,-1.2209,0.1108,-0.2427,-0.4869,-0.7652,-1.6194,-1.0775,1.6099,-0.0822
0.5071,-0.5563,0.2475,-0.4518,0.7507,0.7125,0.9359,-1.203,0.1543,-0.2328,-0.463,-0.7695,-1.5789,-1.0676,1.6454,-0.0702
0.5071,-0.5563,0.2475,-0.4518,0.7507,0.7125,0.9359,-1.203,0.1543,-0.2328,-0.463,-0.7695,-1.5789,-1.0676,1.6454,-0.0702
0.6361,-0.5368,0.3822,-0.4291,0.8628,0.7275,1.0507,-1.181,0.2495,-0.2242,-0.4227,-0.7671,-1.5111,-1.0511,1.7045,-0.0604
0.6361,-0.5368,0.3822,-0.4291,0.8628,0.7275,1.0507,-1.181,0.2495,-0.2242,-0.4227,-0.7671,-1.5111,-1.0511,1.7045,-0.0604
0.6361,-0.5368,0.3822,-0.4291,0.8628,0.7275,1.0507,-1.181,0.2495,-0.2242,-0.4227,-0.7671,-1.5111,-1.0511,1.7045,-0.0604
0.8066,-0.506,0.5604,-0.3977,1.0279,0.7485,1.2344,-1.162,0.374,-0.2046,-0.3603,-0.7559,-1.4368,-1.0206,1.7672,-0.0394
0.8066,-0.506,0.5604,-0.3977,1.0279,0.7485,1.2344,-1.162,0.374,-0.2046,-0.3603,-0.7559,-1.4368,-1.0206,1.7672,-0.0394
0.9766,-0.4818,0.7479,-0.371,1.1797,0.7746,1.4028,-1.1317,0.486,-0.176,-0.2642,-0.7524,-1.3258,-1.0191,1.8628,-0.0175
1.1123,-0.456,0.9045,-0.3457,1.3084,0.8032,1.5654,-1.104,0.5872,-0.1518,-0.1901,-0.7367,-1.2568,-1.0026,1.941,-0.0016
1.1123,-0.456,0.9045,-0.3457,1.3084,0.8032,1.5654,-1.104,0.5872,-0.1518,-0.1901,-0.7367,-1.2568,-1.0026,1.941,-0.0016
1.2137,-0.4399,1.022,-0.3282,1.3999,0.8205,1.6903,-1.0893,0.6714,-0.1342,-0.1212,-0.7233,-1.18,-0.997,1.9898,0.0248
1.2919,-0.4304,1.1178,-0.3225,1.4728,0.8321,1.7745,-1.0707,0.7364,-0.1313,-0.0688,-0.7166,-1.1521,-0.9904,2.0263,0.0368
1.2919,-0.4304,1.1178,-0.3225,1.4728,0.8321,1.7745,-1.0707,0.7364,-0.1313,-0.0688,-0.7166,-1.1521,-0.9904,2.0263,0.0368
1.3311,-0.4256,1.165,-0.3127,1.5113,0.8434,1.8352,-1.0598,0.7858,-0.1271,-0.0257,-0.7066,-1.1457,-0.9762,2.0744,0.0324
1.3311,-0.4256,1.165,-0.3127,1.5113,0.8434,1.8352,-1.0598,0.7858,-0.1271,-0.0257,-0.7066,-1.1457,-0.9762,2.0744,0.0324
1.3311,-0.4256,1.165,-0.3127,1.5113,0.8434,1.8352,-1.0598,0.7858,-0.1271,-0.0257,-0.7066,-1.1457,-0.9762,2.0744,0.0324
1.3525,-0.4257,1.1927,-0.3137,1.5152,0.8545,1.8721,-1.0567,0.8235,-0.1275,0.0025,-0.6954,-1.1178,-0.9696,2.1077,0.0331
1.3525,-0.4257,1.1927,-0.3137,1.5152,0.8545,1.8721,-1.0567,0.8235,-0.1275,0.0025,-0.6954,-1.1178,-0.9696,2.1077,0.0331
1.3525,-0.4257,1.1927,-0.3137,1.5152,0.8545,1.8721,-1.0567,0.8235,-0.1275,0.0025,-0.6954,-1.1178,-0.9696,2.1077,0.0331
1.3619,-0.429,1.2009,-0.3144,1.5306,0.8491,1.8931,-1.0587,0.8255,-0.1195,0.0232,-0.6943,-1.1039,-0.9663,2.1319,0.0309
1.3431,-0.4224,1.1947,-0.3166,1.5364,0.8408,1.8931,-1.0587,0.8255,-0.1195,0.0384,-0.6955,-1.1254,-0.9587,2.1261,0.0392
1.3192,-0.4288,1.1813,-0.3251,1.5267,0.838,1.8771,-1.0638,0.8136,-0.124,0.0328,-0.6977,-1.1533,-0.9653,2.1111,0.0445
1.3192,-0.4288,1.1813,-0.3251,1.5267,0.838,1.8771,-1.0638,0.8136,-0.124,0.0328,-0.6977,-1.1533,-0.9653,2.1111,0.0445
1.3192,-0.4288,1.1813,-0.3251,1.5267,0.838,1.8771,-1.0638,0.8136,-0.124,0.0328,-0.6977,-1.1533,-0.9653,2.1111,0.0445
1.2953,-0.4353,1.1546,-0.3311,1.492,0.8378,1.8531,-1.0715,0.7957,-0.1306,0.0271,-0.6999,-1.1963,-0.9501,2.1111,0.0445
1.2953,-0.4353,1.1546,-0.3311,1.492,0.8378,1.8531,-1.0715,0.7957,-0.1306,0.0271,-0.6999,-1.1963,-0.9501,2.1111,0.0445
1.2774,-0.4402,1.1177,-0.3334,1.4767,0.8432,1.8242,-1.0721,0.774,-0.1316,0.012,-0.6988,-1.2165,-0.9677,2.0928,0.0384
1.2774,-0.4402,1.1177,-0.3334,1.4767,0.8432,1.8242,-1.0721,0.774,-0.1316,0.012,-0.6988,-1.2165,-0.9677,2.0928,0.0384
1.2536,-0.4466,1.0931,-0.3423,1.4574,0.8375,1.8132,-1.0844,0.7503,-0.1405,-0.0049,-0.7055,-1.2442,-0.9743,2.0778,0.0437
1.2536,-0.4466,1.0931,-0.3423,1.4574,0.8375,1.8132,-1.0844,0.7503,-0.1405,-0.0049,-0.7055,-1.2442,-0.9743,2.0778,0.0437
1.2205,-0.4498,1.0646,-0.3454,1.4287,0.829,1.7893,-1.0921,0.7286,-0.1415,-0.0105,-0.7077,-1.2291,-0.996,2.0538,0.0459
1.2205,-0.4498,1.0646,-0.3454,1.4287,0.829,1.7893,-1.0921,0.7286,-0.1415,-0.0105,-0.7077,-1.2291,-0.996,2.0538,0.0459
1.2086,-0.453,1.0523,-0.3499,1.4038,0.8316,1.7715,-1.0804,0.7266,-0.1494,-0.02,-0.7044,-1.2291,-0.996,2.0538,0.0459
1.2086,-0.453,1.0523,-0.3499,1.4038,0.8316,1.7715,-1.0804,0.7266,-0.1494,-0.02,-0.7044,-1.2291,-0.996,2.0538,0.0459
1.2027,-0.4546,1.0381,-0.3514,1.3846,0.8259,1.7556,-1.0855,0.7108,-0.1481,-0.039,-0.6977,-1.243,-0.9993,2.0595,0.0376
1.2027,-0.4546,1.0381,-0.3514,1.3846,0.8259,1.7556,-1.0855,0.7108,-0.1481,-0.039,-0.6977,-1.243,-0.9993,2.0595,0.0376
1.1816,-0.4546,1.0218,-0.35,1.3655,0.8202,1.7476,-1.0881,0.701,-0.1447,-0.039,-0.6977,-1.2291,-0.996,2.0595,0.0376
1.1816,-0.4546,1.0218,-0.35,1.3655,0.8202,1.7476,-1.0881,0.701,-0.1447,-0.039,-0.6977,-1.2291,-0.996,2.0595,0.0376
1.1638,-0.4594,1.0096,-0.3545,1.356,0.8174,1.7189,-1.0887,0.6754,-0.1399,-0.0446,-0.6999,-1.243,-0.9993,2.0446,0.0429
1.1638,-0.4594,1.0096,-0.3545,1.356,0.8174,1.7189,-1.0887,0.6754,-0.1399,-0.0446,-0.6999,-1.243,-0.9993,2.0446,0.0429
1.1461,-0.4643,0.9893,-0.3582,1.3464,0.8145,1.7031,-1.0938,0.6636,-0.1444,-0.0502,-0.7021,-1.2857,-0.9842,2.0206,0.0451
1.1191,-0.4658,0.9579,-0.3624,1.3122,0.8142,1.6715,-1.1041,0.6459,-0.1511,-0.0653,-0.701,-1.2995,-0.9875,2.0114,0.0421
1.1191,-0.4658,0.9579,-0.3624,1.3122,0.8142,1.6715,-1.1041,0.6459,-0.1511,-0.0653,-0.701,-1.2995,-0.9875,2.0114,0.0421
1.1191,-0.4658,0.9579,-0.3624,1.3122,0.8142,1.6715,-1.1041,0.6459,-0.1511,-0.0653,-0.701,-1.2995,-0.9875,2.0114,0.0421
1.0804,-0.4706,0.9205,-0.3689,1.278,0.8139,1.64,-1.1144,0.6087,-0.1508,-0.0765,-0.7055,-1.3058,-1.0017,1.9875,0.0443
1.0804,-0.4706,0.9205,-0.3689,1.278,0.8139,1.64,-1.1144,0.6087,-0.1508,-0.0765,-0.7055,-1.3058,-1.0017,1.9875,0.0443
1.0418,-0.4754,0.8822,-0.3793,1.2496,0.8054,1.5958,-1.1201,0.5657,-0.1528,-0.0933,-0.7122,-1.3196,-1.005,1.9635,0.0465
1.0418,-0.4754,0.8822,-0.3793,1.2496,0.8054,1.5958,-1.1201,0.5657,-0.1528,-0.0933,-0.7122,-1.3196,-1.005,1.9635,0.0465
1.0418,-0.4754,0.8822,-0.3793,1.2496,0.8054,1.5958,-1.1201,0.5657,-0.1528,-0.0933,-0.7122,-1.3196,-1.005,1.9635,0.0465
1.0009,-0.4867,0.8309,-0.3873,1.1966,0.7994,1.5361,-1.131,0.5228,-0.1548,-0.1045,-0.7167,-1.3333,-1.0083,1.9305,0.0457
0.9567,-0.4931,0.7828,-0.3941,1.1439,0.7934,1.4795,-1.1323,0.4956,-0.158,-0.1289,-0.7122,-1.3546,-1.0007,1.9124,0.0396
0.8976,-0.498,0.7319,-0.4021,1.1064,0.782,1.4281,-1.1406,0.4665,-0.1691,-0.1589,-0.71,-1.382,-1.0074,1.8942,0.0336
0.8976,-0.498,0.7319,-0.4021,1.1064,0.782,1.4281,-1.1406,0.4665,-0.1691,-0.1589,-0.71,-1.382,-1.0074,1.8942,0.0336
0.8976,-0.498,0.7319,-0.4021,1.1064,0.782,1.4281,-1.1406,0.4665,-0.1691,-0.1589,-0.71,-1.382,-1.0074,1.8942,0.0336
0.8388,-0.5028,0.6752,-0.4124,1.0446,0.7732,1.3565,-1.1471,0.4337,-0.1746,-0.185,-0.7134,-1.4169,-1.0032,1.8614,0.0327
0.8388,-0.5028,0.6752,-0.4124,1.0446,0.7732,1.3565,-1.1471,0.4337,-0.1746,-0.185,-0.7134,-1.4169,-1.0032,1.8614,0.0327
0.8388,-0.5028,0.6752,-0.4124,1.0446,0.7732,1.3565,-1.1471,0.4337,-0.1746,-0.185,-0.7134,-1.4169,-1.0032,1.8614,0.0327
0.7893,-0.5109,0.6276,-0.4193,1.0017,0.7699,1.2929,-1.151,0.3815,-0.1732,-0.2166,-0.719,-1.4654,-1.0023,1.8196,0.0288
0.7893,-0.5109,0.6276,-0.4193,1.0017,0.7699,1.2929,-1.151,0.3815,-0.1732,-0.2166,-0.719,-1.4654,-1.0023,1.8196,0.0288
0.7491,-0.5222,0.5772,-0.4273,0.9645,0.7586,1.242,-1.1594,0.3391,-0.1753,-0.2464,-0.7168,-1.5001,-0.9982,1.7869,0.028
0.6965,-0.5255,0.53,-0.4342,0.907,0.7606,1.1962,-1.1748,0.3007,-0.183,-0.2723,-0.7202,-1.5483,-0.9974,1.7543,0.0271
0.668,-0.5335,0.4809,-0.4383,0.8793,0.7521,1.1609,-1.1781,0.2604,-0.1772,-0.2927,-0.7214,-1.5544,-1.0115,1.7453,0.024
0.668,-0.5335,0.4809,-0.4383,0.8793,0.7521,1.1609,-1.1781,0.2604,-0.1772,-0.2927,-0.7214,-1.5544,-1.0115,1.7453,0.024
0.6157,-0.5368,0.4339,-0.4452,0.8572,0.7356,1.1105,-1.1865,0.2183,-0.1794,-0.3224,-0.7193,-1.5815,-1.0181,1.7071,0.0313
0.6157,-0.5368,0.4339,-0.4452,0.8572,0.7356,1.1105,-1.1865,0.2183,-0.1794,-0.3224,-0.7193,-1.5815,-1.0181,1.7071,0.0313
0.6157,-0.5368,0.4339,-0.4452,0.8572,0.7356,1.1105,-1.1865,0.2183,-0.1794,-0.3224,-0.7193,-1.5815,-1.0181,1.7071,0.0313
0.575,-0.5369,0.3901,-0.4511,0.824,0.7351,1.0631,-1.1854,0.1707,-0.1837,-0.3444,-0.7282,-1.6086,-1.0248,1.6657,0.0274
0.575,-0.5369,0.3901,-0.4511,0.824,0.7351,1.0631,-1.1854,0.1707,-0.1837,-0.3444,-0.7282,-1.6086,-1.0248,1.6657,0.0274
0.5264,-0.5451,0.3376,-0.4603,0.7634,0.7262,1.0055,-1.1964,0.1423,-0.1948,-0.3647,-0.7294,-1.6146,-1.0388,1.6276,0.0346
0.4836,-0.5516,0.294,-0.4662,0.7213,0.7229,0.9679,-1.2092,0.1158,-0.1981,-0.3795,-0.7283,-1.649,-1.0347,1.5953,0.0337
0.4836,-0.5516,0.294,-0.4662,0.7213,0.7229,0.9679,-1.2092,0.1158,-0.1981,-0.3795,-0.7283,-1.649,-1.0347,1.5953,0.0337
0.4836,-0.5516,0.294,-0.4662,0.7213,0.7229,0.9679,-1.2092,0.1158,-0.1981,-0.3795,-0.7283,-1.649,-1.0347,1.5953,0.0337
0.4836,-0.5516,0.294,-0.4662,0.7213,0.7229,0.9679,-1.2092,0.1158,-0.1981,-0.3795,-0.7283,-1.649,-1.0347,1.5953,0.0337
0.4432,-0.5517,0.2514,-0.4681,0.6738,0.7276,0.9332,-1.2125,0.095,-0.1992,-0.3981,-0.7217,-1.6773,-1.0167,1.5865,0.0306
0.4432,-0.5517,0.2514,-0.4681,0.6738,0.7276,0.9332,-1.2125,0.095,-0.1992,-0.3981,-0.7217,-1.6773,-1.0167,1.5865,0.0306
0.3917,-0.5551,0.2013,-0.4695,0.6375,0.7163,0.8788,-1.214,0.059,-0.1992,-0.4221,-0.7174,-1.6908,-1.02,1.5631,0.0327
0.3404,-0.5586,0.1475,-0.4759,0.5922,0.7021,0.8219,-1.2251,0.0193,-0.1935,-0.4385,-0.7241,-1.7176,-1.0266,1.5397,0.0348
0.3404,-0.5586,0.1475,-0.4759,0.5922,0.7021,0.8219,-1.2251,0.0193,-0.1935,-0.4385,-0.7241,-1.7176,-1.0266,1.5397,0.0348
0.307,-0.5683,0.0997,-0.4801,0.5506,0.6988,0.7558,-1.2224,-0.0127,-0.1991,-0.4548,-0.7308,-1.7651,-1.026,1.4988,0.0308
0.307,-0.5683,0.0997,-0.4801,0.5506,0.6988,0.7558,-1.2224,-0.0127,-0.1991,-0.4548,-0.7308,-1.7651,-1.026,1.4988,0.0308
0.2648,-0.5749,0.0539,-0.4872,0.5091,0.6955,0.7021,-1.224,-0.0523,-0.1935,-0.4788,-0.7265,-1.7992,-1.022,1.4755,0.0328
0.2648,-0.5749,0.0539,-0.4872,0.5091,0.6955,0.7021,-1.224,-0.0523,-0.1935,-0.4788,-0.7265,-1.7992,-1.022,1.4755,0.0328
0.2448,-0.575,0.0225,-0.4887,0.4766,0.6949,0.6679,-1.2275,-0.0634,-0.198,-0.4935,-0.7255,-1.8333,-1.018,1.4667,0.0298
0.2726,-0.5669,0.0424,-0.481,0.5146,0.6875,0.6947,-1.2266,-0.0523,-0.1935,-0.5027,-0.7222,-1.8259,-1.0286,1.4667,0.0298
0.2726,-0.5669,0.0424,-0.481,0.5146,0.6875,0.6947,-1.2266,-0.0523,-0.1935,-0.5027,-0.7222,-1.8259,-1.0286,1.4667,0.0298
0.2726,-0.5669,0.0424,-0.481,0.5146,0.6875,0.6947,-1.2266,-0.0523,-0.1935,-0.5027,-0.7222,-1.8259,-1.0286,1.4667,0.0298
0.365,-0.5457,0.1369,-0.4658,0.6068,0.697,0.7733,-1.2079,0.0059,-0.1846,-0.4826,-0.721,-1.7651,-1.026,1.4875,0.0471
0.365,-0.5457,0.1369,-0.4658,0.6068,0.697,0.7733,-1.2079,0.0059,-0.1846,-0.4826,-0.721,-1.7651,-1.026,1.4875,0.0471
0.5154,-0.5195,0.2948,-0.4409,0.7452,0.7205,0.9263,-1.1892,0.1134,-0.1635,-0.4314,-0.7141,-1.6773,-1.0167,1.546,0.0573
0.5154,-0.5195,0.2948,-0.4409,0.7452,0.7205,0.9263,-1.1892,0.1134,-0.1635,-0.4314,-0.7141,-1.6773,-1.0167,1.546,0.0573
0.6903,-0.4868,0.4877,-0.4107,0.9089,0.7416,1.1113,-1.1605,0.2505,-0.1525,-0.3504,-0.7094,-1.5829,-0.9933,1.6258,0.0849
0.8649,-0.4607,0.6802,-0.3817,1.039,0.7813,1.2986,-1.1319,0.3849,-0.136,-0.2673,-0.6969,-1.4804,-0.9808,1.7175,0.096
0.8649,-0.4607,0.6802,-0.3817,1.039,0.7813,1.2986,-1.1319,0.3849,-0.136,-0.2673,-0.6969,-1.4804,-0.9808,1.7175,0.096
0.8649,-0.4607,0.6802,-0.3817,1.039,0.7813,1.2986,-1.1319,0.3849,-0.136,-0.2673,-0.6969,-1.4804,-0.9808,1.7175,0.096
1.0055,-0.433,0.8471,-0.356,1.1665,0.8101,1.4551,-1.097,0.5108,-0.1162,-0.1876,-0.6789,-1.3846,-0.9574,1.8188,0.1102
1.0055,-0.433,0.8471,-0.356,1.1665,0.8101,1.4551,-1.097,0.5108,-0.1162,-0.1876,-0.6789,-1.3846,-0.9574,1.8188,0.1102
1.1366,-0.4201,0.9894,-0.3364,1.2818,0.825,1.5948,-1.077,0.6103,-0.0997,-0.1187,-0.6653,-1.3083,-0.9516,1.9175,0.1129
1.1366,-0.4201,0.9894,-0.3364,1.2818,0.825,1.5948,-1.077,0.6103,-0.0997,-0.1187,-0.6653,-1.3083,-0.9516,1.9175,0.1129
1.2085,-0.4121,1.078,-0.326,1.3541,0.8367,1.6992,-1.0602,0.6771,-0.0887,-0.0662,-0.6585,-1.2668,-0.9416,1.9721,0.1313
1.2085,-0.4121,1.078,-0.326,1.3541,0.8367,1.6992,-1.0602,0.6771,-0.0887,-0.0662,-0.6585,-1.2668,-0.9416,1.9721,0.1313
1.2629,-0.4089,1.1383,-0.3187,1.4076,0.8426,1.7596,-1.0493,0.7164,-0.081,-0.0191,-0.654,-1.2316,-0.9459,2.0085,0.1436
1.2961,-0.4058,1.1803,-0.3181,1.4364,0.8512,1.8173,-1.0481,0.7401,-0.072,0.0168,-0.654,-1.2467,-0.9241,2.036,0.1529
1.2961,-0.4058,1.1803,-0.3181,1.4364,0.8512,1.8173,-1.0481,0.7401,-0.072,0.0168,-0.654,-1.2467,-0.9241,2.036,0.1529
1.2961,-0.4058,1.1803,-0.3181,1.4364,0.8512,1.8173,-1.0481,0.7401,-0.072,0.0168,-0.654,-1.2467,-0.9241,2.036,0.1529
1.3234,-0.4042,1.2029,-0.3173,1.4652,0.8597,1.8542,-1.0449,0.746,-0.0697,0.0224,-0.6517,-1.282,-0.9198,2.0509,0.1476
1.3234,-0.4042,1.2029,-0.3173,1.4652,0.8597,1.8542,-1.0449,0.746,-0.0697,0.0224,-0.6517,-1.282,-0.9198,2.0509,0.1476
1.3234,-0.4042,1.208,-0.3191,1.4902,0.8571,1.8832,-1.0443,0.746,-0.0697,0.0376,-0.6528,-1.2744,-0.9307,2.0659,0.1423
1.3234,-0.4042,1.208,-0.3191,1.4902,0.8571,1.8832,-1.0443,0.746,-0.0697,0.0376,-0.6528,-1.2744,-0.9307,2.0659,0.1423
1.314,-0.4009,1.2059,-0.3272,1.4902,0.8571,1.8832,-1.0443,0.7262,-0.0627,0.0472,-0.6562,-1.2668,-0.9416,2.0659,0.1423
1.314,-0.4009,1.2059,-0.3272,1.4902,0.8571,1.8832,-1.0443,0.7262,-0.0627,0.0472,-0.6562,-1.2668,-0.9416,2.0659,0.1423
1.2901,-0.4074,1.1894,-0.3368,1.4709,0.8515,1.8671,-1.0495,0.7184,-0.073,0.0415,-0.6584,-1.2882,-0.9341,2.0509,0.1476
1.2663,-0.4139,1.1678,-0.3445,1.446,0.854,1.8382,-1.0501,0.7006,-0.0797,0.0454,-0.6641,-1.2807,-0.945,2.036,0.1529
1.2663,-0.4139,1.1678,-0.3445,1.446,0.854,1.8382,-1.0501,0.7006,-0.0797,0.0454,-0.6641,-1.2807,-0.945,2.036,0.1529
1.2663,-0.4139,1.1678,-0.3445,1.446,0.854,1.8382,-1.0501,0.7006,-0.0797,0.0454,-0.6641,-1.2807,-0.945,2.036,0.1529
1.2484,-0.4188,1.1391,-0.3476,1.4268,0.8483,1.8272,-1.0624,0.6987,-0.0877,0.0359,-0.6607,-1.302,-0.9374,2.0418,0.1445
1.2484,-0.4188,1.1391,-0.3476,1.4268,0.8483,1.8272,-1.0624,0.6987,-0.0877,0.0359,-0.6607,-1.302,-0.9374,2.0418,0.1445
1.2484,-0.4188,1.1391,-0.3476,1.4268,0.8483,1.8272,-1.0624,0.6987,-0.0877,0.0359,-0.6607,-1.302,-0.9374,2.0418,0.1445
1.2212,-0.4203,1.1186,-0.3513,1.4076,0.8426,1.8113,-1.0675,0.6869,-0.0922,0.0168,-0.654,-1.2882,-0.9341,2.0418,0.1445
1.2035,-0.4252,1.1012,-0.354,1.3885,0.837,1.7904,-1.0655,0.6712,-0.091,0.0151,-0.6618,-1.302,-0.9374,2.0326,0.1414
1.1916,-0.4284,1.094,-0.3602,1.3789,0.8341,1.7874,-1.0752,0.6495,-0.092,0.0038,-0.6663,-1.3158,-0.9408,2.0143,0.1353
1.1916,-0.4284,1.094,-0.3602,1.3789,0.8341,1.7874,-1.0752,0.6495,-0.092,0.0038,-0.6663,-1.3158,-0.9408,2.0143,0.1353
1.1798,-0.4317,1.0848,-0.3635,1.3694,0.8313,1.7665,-1.0733,0.6495,-0.092,0.0094,-0.6641,-1.3158,-0.9408,2.0085,0.1436
1.1798,-0.4317,1.0848,-0.3635,1.3694,0.8313,1.7665,-1.0733,0.6495,-0.092,0.0094,-0.6641,-1.3158,-0.9408,2.0085,0.1436
1.1798,-0.4317,1.0848,-0.3635,1.3694,0.8313,1.7665,-1.0733,0.6495,-0.092,0.0094,-0.6641,-1.3158,-0.9408,2.0085,0.1436
1.1679,-0.4349,1.0654,-0.3633,1.3655,0.8202,1.7635,-1.083,0.6319,-0.0987,-0.0057,-0.6629,-1.3434,-0.9474,1.9903,0.1375
1.1468,-0.4349,1.0451,-0.367,1.3408,0.8227,1.7476,-1.0881,0.6005,-0.0962,-0.0113,-0.6652,-1.3496,-0.9616,1.9663,0.1397
1.1468,-0.4349,1.0451,-0.367,1.3408,0.8227,1.7476,-1.0881,0.6005,-0.0962,-0.0113,-0.6652,-1.3496,-0.9616,1.9663,0.1397
1.1468,-0.4349,1.0451,-0.367,1.3408,0.8227,1.7476,-1.0881,0.6005,-0.0962,-0.0113,-0.6652,-1.3496,-0.9616,1.9663,0.1397
1.1257,-0.4348,1.0217,-0.3719,1.3312,0.8199,1.7318,-1.0932,0.5731,-0.0995,-0.0131,-0.673,-1.3634,-0.965,1.9274,0.1471
1.1257,-0.4348,1.0217,-0.3719,1.3312,0.8199,1.7318,-1.0932,0.5731,-0.0995,-0.0131,-0.673,-1.3634,-0.965,1.9274,0.1471
1.0928,-0.438,0.9872,-0.3771,1.3122,0.8142,1.708,-1.1009,0.5439,-0.1107,-0.0377,-0.6686,-1.3983,-0.9608,1.8944,0.1462
1.0928,-0.438,0.9872,-0.3771,1.3122,0.8142,1.708,-1.1009,0.5439,-0.1107,-0.0377,-0.6686,-1.3983,-0.9608,1.8944,0.1462
1.0576,-0.4478,0.9486,-0.3875,1.2534,0.8164,1.6508,-1.1021,0.5089,-0.1241,-0.064,-0.6719,-1.4394,-0.9708,1.8434,0.1391
1.0132,-0.4542,0.9032,-0.3933,1.2098,0.8133,1.6066,-1.1079,0.4759,-0.1296,-0.0752,-0.6764,-1.4531,-0.9741,1.8311,0.1246
1.0132,-0.4542,0.9032,-0.3933,1.2098,0.8133,1.6066,-1.1079,0.4759,-0.1296,-0.0752,-0.6764,-1.4531,-0.9741,1.8311,0.1246
1.0132,-0.4542,0.9032,-0.3933,1.2098,0.8133,1.6066,-1.1079,0.4759,-0.1296,-0.0752,-0.6764,-1.4531,-0.9741,1.8311,0.1246
0.9689,-0.4607,0.8549,-0.4001,1.1665,0.8101,1.5547,-1.1162,0.4469,-0.1408,-0.1148,-0.6709,-1.5089,-0.9625,1.8098,0.1071
0.9689,-0.4607,0.8549,-0.4001,1.1665,0.8101,1.5547,-1.1162,0.4469,-0.1408,-0.1148,-0.6709,-1.5089,-0.9625,1.8098,0.1071
0.9098,-0.4656,0.8038,-0.408,1.1345,0.7905,1.5107,-1.122,0.414,-0.1463,-0.1315,-0.6776,-1.5151,-0.9767,1.7828,0.0979
0.9098,-0.4656,0.8038,-0.408,1.1345,0.7905,1.5107,-1.122,0.414,-0.1463,-0.1315,-0.6776,-1.5151,-0.9767,1.7828,0.0979
0.8533,-0.464,0.7558,-0.4149,1.097,0.7792,1.4514,-1.1329,0.3755,-0.154,-0.1688,-0.6855,-1.5422,-0.9833,1.7559,0.0887
0.8533,-0.464,0.7558,-0.4149,1.097,0.7792,1.4514,-1.1329,0.3755,-0.154,-0.1688,-0.6855,-1.5422,-0.9833,1.7559,0.0887
0.8533,-0.464,0.7558,-0.4149,1.097,0.7792,1.4514,-1.1329,0.3755,-0.154,-0.1688,-0.6855,-1.5422,-0.9833,1.7559,0.0887
0.8037,-0.4721,0.705,-0.4229,1.0539,0.776,1.3951,-1.1343,0.3331,-0.1561,-0.1816,-0.6978,-1.5768,-0.9792,1.7233,0.0877
0.8037,-0.4721,0.705,-0.4229,1.0539,0.776,1.3951,-1.1343,0.3331,-0.1561,-0.1816,-0.6978,-1.5768,-0.9792,1.7233,0.0877
0.8037,-0.4721,0.705,-0.4229,1.0539,0.776,1.3951,-1.1343,0.3331,-0.1561,-0.1816,-0.6978,-1.5768,-0.9792,1.7233,0.0877
0.7165,-0.4852,0.6078,-0.4338,0.9831,0.7643,1.2957,-1.1415,0.2583,-0.1638,-0.2375,-0.699,-1.6802,-0.9671,1.664,0.0776
0.7165,-0.4852,0.6078,-0.4338,0.9831,0.7643,1.2957,-1.1415,0.2583,-0.1638,-0.2375,-0.699,-1.6802,-0.9671,1.664,0.0776
0.7165,-0.4852,0.6078,-0.4338,0.9831,0.7643,1.2957,-1.1415,0.2583,-0.1638,-0.2375,-0.699,-1.6802,-0.9671,1.664,0.0776
0.6822,-0.4949,0.5536,-0.4361,0.9496,0.7639,1.2602,-1.1447,0.2123,-0.1603,-0.2635,-0.7024,-1.6996,-0.9845,1.6315,0.0766
0.6356,-0.4966,0.5084,-0.4459,0.9126,0.7525,1.2046,-1.1462,0.1647,-0.1646,-0.2987,-0.7025,-1.719,-1.0019,1.5846,0.0808
0.6356,-0.4966,0.5084,-0.4459,0.9126,0.7525,1.2046,-1.1462,0.1647,-0.1646,-0.2987,-0.7025,-1.719,-1.0019,1.5846,0.0808
0.5924,-0.5032,0.4653,-0.4585,0.8701,0.7493,1.1617,-1.1521,0.119,-0.1612,-0.3284,-0.7004,-1.7458,-1.0086,1.5378,0.0849
0.5924,-0.5032,0.4653,-0.4585,0.8701,0.7493,1.1617,-1.1521,0.119,-0.1612,-0.3284,-0.7004,-1.7458,-1.0086,1.5378,0.0849
0.5437,-0.5114,0.4135,-0.4637,0.8037,0.7484,1.1037,-1.1631,0.0869,-0.1668,-0.3488,-0.7016,-1.7725,-1.0153,1.5,0.0921
0.5437,-0.5114,0.4135,-0.4637,0.8037,0.7484,1.1037,-1.1631,0.0869,-0.1668,-0.3488,-0.7016,-1.7725,-1.0153,1.5,0.0921
0.5437,-0.5114,0.4135,-0.4637,0.8037,0.7484,1.1037,-1.1631,0.0869,-0.1668,-0.3488,-0.7016,-1.7725,-1.0153,1.5,0.0921
0.4975,-0.5132,0.3697,-0.4695,0.7467,0.7503,1.061,-1.169,0.0643,-0.1757,-0.3652,-0.7083,-1.8066,-1.0113,1.4736,0.0829
0.4975,-0.5132,0.3697,-0.4695,0.7467,0.7503,1.061,-1.169,0.0643,-0.1757,-0.3652,-0.7083,-1.8066,-1.0113,1.4736,0.0829
0.4547,-0.5198,0.3289,-0.4742,0.7102,0.739,1.0062,-1.1705,0.034,-0.1735,-0.38,-0.7073,-1.8199,-1.0147,1.4648,0.0798
0.4547,-0.5198,0.3289,-0.4742,0.7102,0.739,1.0062,-1.1705,0.034,-0.1735,-0.38,-0.7073,-1.8199,-1.0147,1.4648,0.0798
0.3574,-0.525,0.2342,-0.4854,0.6375,0.7163,0.9093,-1.178,-0.0337,-0.179,-0.4352,-0.7086,-1.8466,-1.0213,1.4096,0.0808
0.3574,-0.525,0.2342,-0.4854,0.6375,0.7163,0.9093,-1.178,-0.0337,-0.179,-0.4352,-0.7086,-1.8466,-1.0213,1.4096,0.0808
0.3574,-0.525,0.2342,-0.4854,0.6375,0.7163,0.9093,-1.178,-0.0337,-0.179,-0.4352,-0.7086,-1.8466,-1.0213,1.4096,0.0808
0.3574,-0.525,0.2342,-0.4854,0.6375,0.7163,0.9093,-1.178,-0.0337,-0.179,-0.4352,-0.7086,-1.8466,-1.0213,1.4096,0.0808
0.3094,-0.5333,0.1832,-0.4906,0.5867,0.7101,0.8475,-1.1822,-0.0694,-0.179,-0.4516,-0.7153,-1.8598,-1.0247,1.372,0.0879
0.3094,-0.5333,0.1832,-0.4906,0.5867,0.7101,0.8475,-1.1822,-0.0694,-0.179,-0.4516,-0.7153,-1.8598,-1.0247,1.372,0.0879
0.2705,-0.5447,0.142,-0.4993,0.5451,0.7068,0.7934,-1.1839,-0.1106,-0.1813,-0.4772,-0.7188,-1.907,-1.0241,1.3458,0.0787
0.2705,-0.5447,0.142,-0.4993,0.5451,0.7068,0.7934,-1.1839,-0.1106,-0.1813,-0.4772,-0.7188,-1.907,-1.0241,1.3458,0.0787
0.245,-0.5464,0.1027,-0.5002,0.5125,0.7062,0.7516,-1.1898,-0.1312,-0.1825,-0.488,-0.7233,-1.9482,-1.0095,1.3371,0.0756
0.245,-0.5464,0.1027,-0.5002,0.5125,0.7062,0.7516,-1.1898,-0.1312,-0.1825,-0.488,-0.7233,-1.9482,-1.0095,1.3371,0.0756
0.2672,-0.5399,0.1094,-0.4941,0.5361,0.7039,0.7833,-1.1959,-0.12,-0.178,-0.488,-0.7233,-1.9276,-1.0168,1.3458,0.0787
0.3429,-0.5235,0.1831,-0.48,0.6048,0.7158,0.8475,-1.1822,-0.0772,-0.1679,-0.4717,-0.7165,-1.8805,-1.0174,1.3864,0.0828
0.3429,-0.5235,0.1831,-0.48,0.6048,0.7158,0.8475,-1.1822,-0.0772,-0.1679,-0.4717,-0.7165,-1.8805,-1.0174,1.3864,0.0828
0.4729,-0.4972,0.3249,-0.4579,0.7249,0.7338,0.9986,-1.1731,0.0146,-0.1455,-0.4259,-0.7119,-1.814,-1.0006,1.439,0.1013
0.645,-0.4708,0.5044,-0.4295,0.8793,0.7521,1.1644,-1.1425,0.1374,-0.1253,-0.3636,-0.7005,-1.713,-0.9879,1.5036,0.1342
0.645,-0.4708,0.5044,-0.4295,0.8793,0.7521,1.1644,-1.1425,0.1374,-0.1253,-0.3636,-0.7005,-1.713,-0.9879,1.5036,0.1342
0.645,-0.4708,0.5044,-0.4295,0.8793,0.7521,1.1644,-1.1425,0.1374,-0.1253,-0.3636,-0.7005,-1.713,-0.9879,1.5036,0.1342
0.8133,-0.4462,0.6891,-0.4,1.0203,0.7756,1.3322,-1.112,0.2749,-0.1142,-0.2767,-0.6936,-1.6188,-0.9644,1.589,0.1539
0.8133,-0.4462,0.6891,-0.4,1.0203,0.7756,1.3322,-1.112,0.2749,-0.1142,-0.2767,-0.6936,-1.6188,-0.9644,1.589,0.1539
0.9535,-0.4184,0.856,-0.3744,1.1326,0.8097,1.494,-1.0841,0.4078,-0.1056,-0.1987,-0.6833,-1.5375,-0.9443,1.6838,0.1767
0.9535,-0.4184,0.856,-0.3744,1.1326,0.8097,1.494,-1.0841,0.4078,-0.1056,-0.1987,-0.6833,-1.5375,-0.9443,1.6838,0.1767
1.0901,-0.4037,0.9964,-0.352,1.242,0.8328,1.6213,-1.0596,0.5125,-0.0867,-0.1281,-0.662,-1.4421,-0.9208,1.785,0.1911
1.0901,-0.4037,0.9964,-0.352,1.242,0.8328,1.6213,-1.0596,0.5125,-0.0867,-0.1281,-0.662,-1.4421,-0.9208,1.785,0.1911
1.1677,-0.394,1.0881,-0.3405,1.3141,0.8446,1.721,-1.0356,0.6043,-0.0803,-0.0739,-0.6473,-1.3798,-0.9182,1.8597,0.1962
1.1677,-0.394,1.0881,-0.3405,1.3141,0.8446,1.721,-1.0356,0.6043,-0.0803,-0.0739,-0.6473,-1.3798,-0.9182,1.8597,0.1962
1.2185,-0.3858,1.1484,-0.3333,1.3675,0.8506,1.7944,-1.0292,0.6592,-0.0738,-0.0269,-0.6427,-1.3385,-0.9081,1.9108,0.2034
1.2185,-0.3858,1.1484,-0.3333,1.3675,0.8506,1.7944,-1.0292,0.6592,-0.0738,-0.0269,-0.6427,-1.3385,-0.9081,1.9108,0.2034
1.2423,-0.3793,1.1905,-0.3327,1.4172,0.8455,1.8313,-1.026,0.6887,-0.0625,0.0051,-0.6371,-1.3033,-0.9123,1.953,0.2075
1.2423,-0.3793,1.1905,-0.3327,1.4172,0.8455,1.8313,-1.026,0.6887,-0.0625,0.0051,-0.6371,-1.3033,-0.9123,1.953,0.2075
1.2576,-0.381,1.212,-0.3359,1.4421,0.8429,1.8473,-1.0208,0.6946,-0.0603,0.0298,-0.6416,-1.3247,-0.9048,1.9621,0.2106
1.2576,-0.381,1.212,-0.3359,1.4421,0.8429,1.8473,-1.0208,0.6946,-0.0603,0.0298,-0.6416,-1.3247,-0.9048,1.9621,0.2106
1.2576,-0.381,1.212,-0.3359,1.4421,0.8429,1.8473,-1.0208,0.6946,-0.0603,0.0298,-0.6416,-1.3247,-0.9048,1.9621,0.2106
1.2576,-0.381,1.2222,-0.3396,1.4364,0.8512,1.8343,-1.0162,0.7005,-0.058,0.0546,-0.6461,-1.3247,-0.9048,1.9712,0.2137
1.2576,-0.381,1.2222,-0.3396,1.4364,0.8512,1.8343,-1.0162,0.7005,-0.058,0.0546,-0.6461,-1.3247,-0.9048,1.9712,0.2137
1.2576,-0.381,1.2222,-0.3396,1.4364,0.8512,1.8343,-1.0162,0.7005,-0.058,0.0546,-0.6461,-1.3247,-0.9048,1.9712,0.2137
1.2432,-0.3908,1.1934,-0.3426,1.4421,0.8429,1.8363,-1.0332,0.6906,-0.0545,0.0659,-0.6416,-1.3598,-0.9006,1.9953,0.2115
1.2432,-0.3908,1.1934,-0.3426,1.4421,0.8429,1.8363,-1.0332,0.6906,-0.0545,0.0659,-0.6416,-1.3598,-0.9006,1.9953,0.2115
1.2194,-0.3973,1.1647,-0.3456,1.4229,0.8372,1.8123,-1.0409,0.6591,-0.052,0.0602,-0.6438,-1.3585,-0.9257,1.9804,0.2168
1.2194,-0.3973,1.1647,-0.3456,1.4229,0.8372,1.8123,-1.0409,0.6591,-0.052,0.0602,-0.6438,-1.3585,-0.9257,1.9804,0.2168
1.1923,-0.3989,1.1431,-0.3534,1.4038,0.8316,1.7964,-1.0461,0.6217,-0.0518,0.0394,-0.645,-1.3859,-0.9324,1.9563,0.219
1.1923,-0.3989,1.1431,-0.3534,1.4038,0.8316,1.7964,-1.0461,0.6217,-0.0518,0.0394,-0.645,-1.3859,-0.9324,1.9563,0.219
1.1745,-0.4038,1.1195,-0.3583,1.3846,0.8259,1.7805,-1.0513,0.6081,-0.0643,0.0242,-0.6438,-1.3784,-0.9433,1.9323,0.2211
1.1745,-0.4038,1.1195,-0.3583,1.3846,0.8259,1.7805,-1.0513,0.6081,-0.0643,0.0242,-0.6438,-1.3784,-0.9433,1.9323,0.2211
1.1534,-0.4038,1.1073,-0.3627,1.3598,0.8284,1.7646,-1.0564,0.5964,-0.0689,0.009,-0.6427,-1.3997,-0.9358,1.9141,0.2149
1.1534,-0.4038,1.1073,-0.3627,1.3598,0.8284,1.7646,-1.0564,0.5964,-0.0689,0.009,-0.6427,-1.3997,-0.9358,1.9141,0.2149
1.1475,-0.4054,1.095,-0.3671,1.356,0.8174,1.7616,-1.0661,0.5945,-0.0768,-0.0061,-0.6416,-1.3921,-0.9466,1.905,0.2118
1.1475,-0.4054,1.095,-0.3671,1.356,0.8174,1.7616,-1.0661,0.5945,-0.0768,-0.0061,-0.6416,-1.3921,-0.9466,1.905,0.2118
1.1263,-0.4054,1.0858,-0.3704,1.3369,0.8117,1.7665,-1.0733,0.5886,-0.0791,-0.0196,-0.6326,-1.3997,-0.9358,1.905,0.2118
1.1263,-0.4054,1.0858,-0.3704,1.3369,0.8117,1.7665,-1.0733,0.5886,-0.0791,-0.0196,-0.6326,-1.3997,-0.9358,1.905,0.2118
1.1263,-0.4054,1.0858,-0.3704,1.3369,0.8117,1.7665,-1.0733,0.5886,-0.0791,-0.0196,-0.6326,-1.3997,-0.9358,1.905,0.2118
1.1052,-0.4053,1.0735,-0.3749,1.3274,0.8089,1.7457,-1.0713,0.5711,-0.0858,-0.0269,-0.6427,-1.4134,-0.9391,1.9017,0.2003
1.1052,-0.4053,1.0735,-0.3749,1.3274,0.8089,1.7457,-1.0713,0.5711,-0.0858,-0.0269,-0.6427,-1.4134,-0.9391,1.9017,0.2003
1.1052,-0.4053,1.0735,-0.3749,1.3274,0.8089,1.7457,-1.0713,0.5711,-0.0858,-0.0269,-0.6427,-1.4134,-0.9391,1.9017,0.2003
1.1052,-0.4053,1.0735,-0.3749,1.3274,0.8089,1.7457,-1.0713,0.5711,-0.0858,-0.0269,-0.6427,-1.4134,-0.9391,1.9017,0.2003
1.0641,-0.4168,1.0277,-0.3805,1.2837,0.8057,1.6834,-1.0654,0.532,-0.0936,-0.0494,-0.6518,-1.4756,-0.9417,1.8745,0.191
1.0641,-0.4168,1.0277,-0.3805,1.2837,0.8057,1.6834,-1.0654,0.532,-0.0936,-0.0494,-0.6518,-1.4756,-0.9417,1.8745,0.191
1.0641,-0.4168,1.0277,-0.3805,1.2837,0.8057,1.6834,-1.0654,0.532,-0.0936,-0.0494,-0.6518,-1.4756,-0.9417,1.8745,0.191
1.023,-0.4282,0.9547,-0.3853,1.2439,0.8136,1.6361,-1.0809,0.4971,-0.1071,-0.0812,-0.6574,-1.5375,-0.9443,1.8268,0.1952
1.023,-0.4282,0.9547,-0.3853,1.2439,0.8136,1.6361,-1.0809,0.4971,-0.1071,-0.0812,-0.6574,-1.5375,-0.9443,1.8268,0.1952
0.9753,-0.4298,0.9093,-0.391,1.2004,0.8104,1.6046,-1.0912,0.4544,-0.1092,-0.098,-0.6641,-1.5436,-0.9584,1.8088,0.189
0.9753,-0.4298,0.9093,-0.391,1.2004,0.8104,1.6046,-1.0912,0.4544,-0.1092,-0.098,-0.6641,-1.5436,-0.9584,1.8088,0.189
0.937,-0.4347,0.863,-0.4008,1.1721,0.8019,1.5605,-1.097,0.4175,-0.109,-0.1148,-0.6709,-1.5707,-0.9651,1.776,0.188
0.8779,-0.4396,0.8138,-0.4116,1.1101,0.793,1.496,-1.1008,0.3847,-0.1145,-0.1298,-0.6698,-1.5918,-0.9577,1.7465,0.1984
0.8779,-0.4396,0.8138,-0.4116,1.1101,0.793,1.496,-1.1008,0.3847,-0.1145,-0.1298,-0.6698,-1.5918,-0.9577,1.7465,0.1984
0.8779,-0.4396,0.8138,-0.4116,1.1101,0.793,1.496,-1.1008,0.3847,-0.1145,-0.1298,-0.6698,-1.5918,-0.9577,1.7465,0.1984
0.8374,-0.451,0.7677,-0.4213,1.0576,0.787,1.4445,-1.1092,0.3519,-0.1201,-0.1598,-0.6676,-1.6188,-0.9644,1.7196,0.1891
0.8374,-0.451,0.7677,-0.4213,1.0576,0.787,1.4445,-1.1092,0.3519,-0.1201,-0.1598,-0.6676,-1.6188,-0.9644,1.7196,0.1891
0.8374,-0.451,0.7677,-0.4213,1.0576,0.787,1.4445,-1.1092,0.3519,-0.1201,-0.1598,-0.6676,-1.6188,-0.9644,1.7196,0.1891
0.7787,-0.456,0.7169,-0.4292,1.011,0.7728,1.3805,-1.1132,0.3153,-0.12,-0.1843,-0.6632,-1.6398,-0.957,1.7016,0.1829
0.7169,-0.4561,0.6692,-0.4361,0.9738,0.7615,1.3293,-1.1216,0.2731,-0.1221,-0.2103,-0.6666,-1.6532,-0.9604,1.6691,0.1818
0.6621,-0.4659,0.6138,-0.4423,0.9218,0.7554,1.2581,-1.1282,0.2291,-0.1322,-0.238,-0.6779,-1.7011,-0.9597,1.613,0.1829
0.6621,-0.4659,0.6138,-0.4423,0.9218,0.7554,1.2581,-1.1282,0.2291,-0.1322,-0.238,-0.6779,-1.7011,-0.9597,1.613,0.1829
0.6189,-0.4725,0.5664,-0.4492,0.8849,0.7441,1.2074,-1.1366,0.1871,-0.1344,-0.2585,-0.679,-1.7353,-0.9557,1.5953,0.1766
0.6189,-0.4725,0.5664,-0.4492,0.8849,0.7441,1.2074,-1.1366,0.1871,-0.1344,-0.2585,-0.679,-1.7353,-0.9557,1.5953,0.1766
0.6189,-0.4725,0.5664,-0.4492,0.8849,0.7441,1.2074,-1.1366,0.1871,-0.1344,-0.2585,-0.679,-1.7353,-0.9557,1.5953,0.1766
0.5814,-0.4775,0.5172,-0.4533,0.8516,0.7436,1.1721,-1.14,0.1548,-0.1399,-0.2844,-0.6825,-1.7696,-0.9517,1.5629,0.1756
0.5814,-0.4775,0.5172,-0.4533,0.8516,0.7436,1.1721,-1.14,0.1548,-0.1399,-0.2844,-0.6825,-1.7696,-0.9517,1.5629,0.1756
0.5271,-0.4874,0.4623,-0.4596,0.8001,0.7375,1.114,-1.151,0.1091,-0.1365,-0.3103,-0.6859,-1.7963,-0.9585,1.5306,0.1745
0.5271,-0.4874,0.4623,-0.4596,0.8001,0.7375,1.114,-1.151,0.1091,-0.1365,-0.3103,-0.6859,-1.7963,-0.9585,1.5306,0.1745
0.4809,-0.4892,0.4155,-0.4665,0.7579,0.7342,1.0713,-1.1569,0.0618,-0.141,-0.3361,-0.6893,-1.8155,-0.9759,1.4839,0.1786
0.4809,-0.4892,0.4155,-0.4665,0.7579,0.7342,1.0713,-1.1569,0.0618,-0.141,-0.3361,-0.6893,-1.8155,-0.9759,1.4839,0.1786
0.4809,-0.4892,0.4155,-0.4665,0.7579,0.7342,1.0713,-1.1569,0.0618,-0.141,-0.3361,-0.6893,-1.8155,-0.9759,1.4839,0.1786
0.4414,-0.5006,0.3687,-0.4734,0.692,0.7333,1.0089,-1.161,0.0392,-0.15,-0.351,-0.6883,-1.8363,-0.9686,1.4751,0.1754
0.4414,-0.5006,0.3687,-0.4734,0.692,0.7333,1.0089,-1.161,0.0392,-0.15,-0.351,-0.6883,-1.8363,-0.9686,1.4751,0.1754
0.4414,-0.5006,0.3687,-0.4734,0.692,0.7333,1.0089,-1.161,0.0392,-0.15,-0.351,-0.6883,-1.8363,-0.9686,1.4751,0.1754
0.3642,-0.5058,0.2796,-0.4823,0.5937,0.7318,0.9242,-1.1729,-0.0268,-0.1477,-0.4101,-0.6841,-1.8777,-0.9539,1.4342,0.1712
0.3642,-0.5058,0.2796,-0.4823,0.5937,0.7318,0.9242,-1.1729,-0.0268,-0.1477,-0.4101,-0.6841,-1.8777,-0.9539,1.4342,0.1712
0.3218,-0.5125,0.2361,-0.4882,0.5576,0.7204,0.8821,-1.1788,-0.0626,-0.1478,-0.4396,-0.682,-1.9116,-0.95,1.4254,0.1681
0.3218,-0.5125,0.2361,-0.4882,0.5576,0.7204,0.8821,-1.1788,-0.0626,-0.1478,-0.4396,-0.682,-1.9116,-0.95,1.4254,0.1681
0.2762,-0.5144,0.1928,-0.494,0.516,0.717,0.8326,-1.1873,-0.1038,-0.1501,-0.4745,-0.6822,-1.9381,-0.9568,1.3991,0.1587
0.2762,-0.5144,0.1928,-0.494,0.516,0.717,0.8326,-1.1873,-0.1038,-0.1501,-0.4745,-0.6822,-1.9381,-0.9568,1.3991,0.1587
0.2341,-0.521,0.1468,-0.501,0.4946,0.7006,0.7786,-1.189,-0.1394,-0.1501,-0.4909,-0.689,-1.9719,-0.9529,1.3615,0.1658
0.1833,-0.5246,0.099,-0.5052,0.4387,0.7023,0.7173,-1.1933,-0.1748,-0.1502,-0.511,-0.6902,-1.9982,-0.9597,1.3296,0.1647
0.1833,-0.5246,0.099,-0.5052,0.4387,0.7023,0.7173,-1.1933,-0.1748,-0.1502,-0.511,-0.6902,-1.9982,-0.9597,1.3296,0.1647
0.1612,-0.5311,0.0618,-0.5089,0.4209,0.6966,0.6878,-1.2035,-0.1915,-0.1569,-0.5311,-0.6914,-2.0319,-0.9558,1.2921,0.1718
0.1612,-0.5311,0.0618,-0.5089,0.4209,0.6966,0.6878,-1.2035,-0.1915,-0.1569,-0.5311,-0.6914,-2.0319,-0.9558,1.2921,0.1718
0.1612,-0.5311,0.0618,-0.5089,0.4209,0.6966,0.6878,-1.2035,-0.1915,-0.1569,-0.5311,-0.6914,-2.0319,-0.9558,1.2921,0.1718
0.1612,-0.5311,0.0618,-0.5089,0.4209,0.6966,0.6878,-1.2035,-0.1915,-0.1569,-0.5311,-0.6914,-2.0319,-0.9558,1.2921,0.1718
0.1524,-0.528,0.0417,-0.5061,0.4264,0.6887,0.6805,-1.2061,-0.2158,-0.1526,-0.5403,-0.6881,-2.0377,-0.9699,1.2978,0.1636
0.1524,-0.528,0.0417,-0.5061,0.4264,0.6887,0.6805,-1.2061,-0.2158,-0.1526,-0.5403,-0.6881,-2.0377,-0.9699,1.2978,0.1636
0.2919,-0.4983,0.1774,-0.4822,0.5596,0.7016,0.7812,-1.1796,-0.1265,-0.1378,-0.5056,-0.6879,-1.9233,-0.9781,1.3269,0.1843
0.2919,-0.4983,0.1774,-0.4822,0.5596,0.7016,0.7812,-1.1796,-0.1265,-0.1378,-0.5056,-0.6879,-1.9233,-0.9781,1.3269,0.1843
0.4417,-0.4717,0.3356,-0.4575,0.6829,0.7304,0.9296,-1.1539,-0.0083,-0.1332,-0.4413,-0.6898,-1.857,-0.9613,1.3793,0.203
0.4417,-0.4717,0.3356,-0.4575,0.6829,0.7304,0.9296,-1.1539,-0.0083,-0.1332,-0.4413,-0.6898,-1.857,-0.9613,1.3793,0.203
0.4417,-0.4717,0.3356,-0.4575,0.6829,0.7304,0.9296,-1.1539,-0.0083,-0.1332,-0.4413,-0.6898,-1.857,-0.9613,1.3793,0.203
0.6249,-0.4418,0.5329,-0.4224,0.8165,0.7621,1.1071,-1.1275,0.1183,-0.1185,-0.3751,-0.6839,-1.7904,-0.9444,1.461,0.2116
0.6249,-0.4418,0.5329,-0.4224,0.8165,0.7621,1.1071,-1.1275,0.1183,-0.1185,-0.3751,-0.6839,-1.7904,-0.9444,1.461,0.2116
0.6249,-0.4418,0.5329,-0.4224,0.8165,0.7621,1.1071,-1.1275,0.1183,-0.1185,-0.3751,-0.6839,-1.7904,-0.9444,1.461,0.2116
0.7782,-0.4154,0.707,-0.3933,0.9755,0.7914,1.307,-1.1031,0.2517,-0.1018,-0.3108,-0.6647,-1.6966,-0.9207,1.5608,0.2264
0.7782,-0.4154,0.707,-0.3933,0.9755,0.7914,1.307,-1.1031,0.2517,-0.1018,-0.3108,-0.6647,-1.6966,-0.9207,1.5608,0.2264
0.904,-0.3972,0.854,-0.3715,1.0894,0.8065,1.4482,-1.0733,0.3553,-0.0827,-0.2424,-0.6511,-1.6217,-0.9145,1.6376,0.2432
0.904,-0.3972,0.854,-0.3715,1.0894,0.8065,1.4482,-1.0733,0.3553,-0.0827,-0.2424,-0.6511,-1.6217,-0.9145,1.6376,0.2432
0.904,-0.3972,0.854,-0.3715,1.0894,0.8065,1.4482,-1.0733,0.3553,-0.0827,-0.2424,-0.6511,-1.6217,-0.9145,1.6376,0.2432
1.0612,-0.3824,1.029,-0.3438,1.242,0.8328,1.6222,-1.033,0.4887,-0.0524,-0.1364,-0.6295,-1.5479,-0.8834,1.7656,0.2673
1.0612,-0.3824,1.029,-0.3438,1.242,0.8328,1.6222,-1.033,0.4887,-0.0524,-0.1364,-0.6295,-1.5479,-0.8834,1.7656,0.2673
1.0612,-0.3824,1.029,-0.3438,1.242,0.8328,1.6222,-1.033,0.4887,-0.0524,-0.1364,-0.6295,-1.5479,-0.8834,1.7656,0.2673
1.0612,-0.3824,1.029,-0.3438,1.242,0.8328,1.6222,-1.033,0.4887,-0.0524,-0.1364,-0.6295,-1.5479,-0.8834,1.7656,0.2673
1.0612,-0.3824,1.029,-0.3438,1.242,0.8328,1.6222,-1.033,0.4887,-0.0524,-0.1364,-0.6295,-1.5479,-0.8834,1.7656,0.2673
1.1211,-0.3775,1.0871,-0.3336,1.3141,0.8446,1.7081,-1.0311,0.5433,-0.0458,-0.0783,-0.6203,-1.5343,-0.88,1.8165,0.2747
1.1211,-0.3775,1.0871,-0.3336,1.3141,0.8446,1.7081,-1.0311,0.5433,-0.0458,-0.0783,-0.6203,-1.5343,-0.88,1.8165,0.2747
1.1211,-0.3775,1.0871,-0.3336,1.3141,0.8446,1.7081,-1.0311,0.5433,-0.0458,-0.0783,-0.6203,-1.5343,-0.88,1.8165,0.2747
1.1152,-0.3791,1.087,-0.3446,1.3141,0.8446,1.7081,-1.0311,0.5237,-0.0388,-0.0593,-0.6271,-1.554,-0.8976,1.8016,0.2799
1.1152,-0.3791,1.087,-0.3446,1.3141,0.8446,1.7081,-1.0311,0.5237,-0.0388,-0.0593,-0.6271,-1.554,-0.8976,1.8016,0.2799
1.1152,-0.3791,1.087,-0.3446,1.3141,0.8446,1.7081,-1.0311,0.5237,-0.0388,-0.0593,-0.6271,-1.554,-0.8976,1.8016,0.2799
1.0941,-0.3791,1.0686,-0.3512,1.2894,0.8471,1.6923,-1.0363,0.512,-0.0434,-0.0593,-0.6271,-1.5464,-0.9085,1.7868,0.2852
1.0941,-0.3791,1.0686,-0.3512,1.2894,0.8471,1.6923,-1.0363,0.512,-0.0434,-0.0593,-0.6271,-1.5464,-0.9085,1.7868,0.2852
1.0941,-0.3791,1.0686,-0.3512,1.2894,0.8471,1.6923,-1.0363,0.512,-0.0434,-0.0593,-0.6271,-1.5464,-0.9085,1.7868,0.2852
1.0402,-0.3824,1.0248,-0.3598,1.2154,0.8546,1.6479,-1.0421,0.4887,-0.0524,-0.0688,-0.6237,-1.5675,-0.901,1.7836,0.2736
1.0402,-0.3824,1.0248,-0.3598,1.2154,0.8546,1.6479,-1.0421,0.4887,-0.0524,-0.0688,-0.6237,-1.5675,-0.901,1.7836,0.2736
1.0168,-0.3889,0.9994,-0.3618,1.1871,0.846,1.6243,-1.0499,0.4887,-0.0524,-0.0688,-0.6237,-1.5751,-0.8902,1.7894,0.2653
1.0168,-0.3889,0.9994,-0.3618,1.1871,0.846,1.6243,-1.0499,0.4887,-0.0524,-0.0688,-0.6237,-1.5751,-0.8902,1.7894,0.2653
1.0017,-0.3873,0.9903,-0.3651,1.1834,0.835,1.5987,-1.0408,0.4731,-0.0512,-0.0744,-0.626,-1.5675,-0.901,1.7746,0.2705
1.0017,-0.3873,0.9903,-0.3651,1.1834,0.835,1.5987,-1.0408,0.4731,-0.0512,-0.0744,-0.626,-1.5675,-0.901,1.7746,0.2705
0.9992,-0.3938,0.9842,-0.3674,1.1739,0.8321,1.578,-1.0389,0.4673,-0.0535,-0.0705,-0.6316,-1.5675,-0.901,1.7804,0.2621
0.9992,-0.3938,0.9842,-0.3674,1.1739,0.8321,1.578,-1.0389,0.4673,-0.0535,-0.0705,-0.6316,-1.5675,-0.901,1.7804,0.2621
0.9968,-0.4004,0.9811,-0.3685,1.1645,0.8293,1.5702,-1.0415,0.4673,-0.0535,-0.0722,-0.6394,-1.6021,-0.8969,1.7566,0.2642
0.9968,-0.4004,0.9811,-0.3685,1.1645,0.8293,1.5702,-1.0415,0.4673,-0.0535,-0.0722,-0.6394,-1.6021,-0.8969,1.7566,0.2642
0.9968,-0.4004,0.9811,-0.3685,1.1645,0.8293,1.5702,-1.0415,0.4673,-0.0535,-0.0722,-0.6394,-1.6021,-0.8969,1.7566,0.2642
0.9909,-0.402,0.97,-0.3689,1.1702,0.8211,1.58,-1.0557,0.4557,-0.058,-0.0722,-0.6394,-1.6021,-0.8969,1.7508,0.2726
0.9909,-0.402,0.97,-0.3689,1.1702,0.8211,1.58,-1.0557,0.4557,-0.058,-0.0722,-0.6394,-1.6021,-0.8969,1.7508,0.2726
0.9759,-0.4004,0.9528,-0.3715,1.1457,0.8236,1.5722,-1.0583,0.4362,-0.0511,-0.0817,-0.6361,-1.5946,-0.9078,1.7508,0.2726
0.9759,-0.4004,0.9528,-0.3715,1.1457,0.8236,1.5722,-1.0583,0.4362,-0.0511,-0.0817,-0.6361,-1.5946,-0.9078,1.7508,0.2726
0.9759,-0.4004,0.9528,-0.3715,1.1457,0.8236,1.5722,-1.0583,0.4362,-0.0511,-0.0817,-0.6361,-1.5946,-0.9078,1.7508,0.2726
0.9258,-0.4086,0.9083,-0.3842,1.1175,0.815,1.5331,-1.0712,0.3878,-0.0555,-0.1024,-0.6373,-1.6157,-0.9003,1.7181,0.2715
0.9258,-0.4086,0.9083,-0.3842,1.1175,0.815,1.5331,-1.0712,0.3878,-0.0555,-0.1024,-0.6373,-1.6157,-0.9003,1.7181,0.2715
0.9258,-0.4086,0.9083,-0.3842,1.1175,0.815,1.5331,-1.0712,0.3878,-0.0555,-0.1024,-0.6373,-1.6157,-0.9003,1.7181,0.2715
0.9026,-0.4152,0.8791,-0.3912,1.0931,0.8175,1.4969,-1.0745,0.3647,-0.0646,-0.1136,-0.6418,-1.6292,-0.9037,1.6944,0.2736
0.8644,-0.4201,0.8419,-0.3977,1.0444,0.8224,1.4531,-1.0804,0.3416,-0.0736,-0.1436,-0.6396,-1.6502,-0.8963,1.6765,0.2673
0.8644,-0.4201,0.8419,-0.3977,1.0444,0.8224,1.4531,-1.0804,0.3416,-0.0736,-0.1436,-0.6396,-1.6502,-0.8963,1.6765,0.2673
0.8644,-0.4201,0.8419,-0.3977,1.0444,0.8224,1.4531,-1.0804,0.3416,-0.0736,-0.1436,-0.6396,-1.6502,-0.8963,1.6765,0.2673
0.8114,-0.4234,0.7918,-0.4016,0.9921,0.8163,1.389,-1.0843,0.3341,-0.0838,-0.1681,-0.6352,-1.6502,-0.8963,1.6733,0.2558
0.7734,-0.4284,0.7518,-0.4092,0.955,0.8048,1.3455,-1.0902,0.3032,-0.0815,-0.1925,-0.6308,-1.6502,-0.8963,1.6586,0.261
0.7264,-0.4301,0.707,-0.4149,0.9272,0.7963,1.2896,-1.0917,0.2764,-0.0848,-0.2092,-0.6375,-1.6637,-0.8997,1.6408,0.2547
0.7264,-0.4301,0.707,-0.4149,0.9272,0.7963,1.2896,-1.0917,0.2764,-0.0848,-0.2092,-0.6375,-1.6637,-0.8997,1.6408,0.2547
0.683,-0.4368,0.6603,-0.4179,0.8902,0.7849,1.2339,-1.0932,0.2381,-0.0927,-0.2313,-0.6466,-1.7399,-0.8809,1.5994,0.2504
0.683,-0.4368,0.6603,-0.4179,0.8902,0.7849,1.2339,-1.0932,0.2381,-0.0927,-0.2313,-0.6466,-1.7399,-0.8809,1.5994,0.2504
0.6453,-0.4418,0.6187,-0.4226,0.8569,0.7844,1.1957,-1.1061,0.2017,-0.0927,-0.2518,-0.6478,-1.7667,-0.8877,1.5816,0.2441
0.6453,-0.4418,0.6187,-0.4226,0.8569,0.7844,1.1957,-1.1061,0.2017,-0.0927,-0.2518,-0.6478,-1.7667,-0.8877,1.5816,0.2441
0.6453,-0.4418,0.6187,-0.4226,0.8569,0.7844,1.1957,-1.1061,0.2017,-0.0927,-0.2518,-0.6478,-1.7667,-0.8877,1.5816,0.2441
0.6135,-0.4451,0.5772,-0.4273,0.8441,0.7707,1.1603,-1.1095,0.1694,-0.0983,-0.2816,-0.6456,-1.786,-0.9053,1.5493,0.243
0.6135,-0.4451,0.5772,-0.4273,0.8441,0.7707,1.1603,-1.1095,0.1694,-0.0983,-0.2816,-0.6456,-1.786,-0.9053,1.5493,0.243
0.5647,-0.4534,0.53,-0.4342,0.7925,0.7645,1.1023,-1.1206,0.1218,-0.1028,-0.3037,-0.6547,-1.826,-0.9155,1.4878,0.2522
0.5647,-0.4534,0.53,-0.4342,0.7925,0.7645,1.1023,-1.1206,0.1218,-0.1028,-0.3037,-0.6547,-1.826,-0.9155,1.4878,0.2522
0.5183,-0.4552,0.4809,-0.4383,0.7503,0.7612,1.0472,-1.1221,0.0744,-0.1073,-0.3296,-0.6581,-1.8585,-0.9365,1.4323,0.253
0.5183,-0.4552,0.4809,-0.4383,0.7503,0.7612,1.0472,-1.1221,0.0744,-0.1073,-0.3296,-0.6581,-1.8585,-0.9365,1.4323,0.253
0.4811,-0.4602,0.4398,-0.443,0.7026,0.7659,1.0171,-1.1325,0.0518,-0.1163,-0.3537,-0.6538,-1.8925,-0.9325,1.4059,0.2435
0.4811,-0.4602,0.4398,-0.443,0.7026,0.7659,1.0171,-1.1325,0.0518,-0.1163,-0.3537,-0.6538,-1.8925,-0.9325,1.4059,0.2435
0.4586,-0.4668,0.4066,-0.4484,0.6697,0.7654,0.987,-1.1428,0.0254,-0.1197,-0.3779,-0.6494,-1.8851,-0.9433,1.3827,0.2455
0.4586,-0.4668,0.4066,-0.4484,0.6697,0.7654,0.987,-1.1428,0.0254,-0.1197,-0.3779,-0.6494,-1.8851,-0.9433,1.3827,0.2455
0.407,-0.4703,0.3628,-0.4543,0.6188,0.7591,0.9398,-1.1418,-0.0009,-0.1231,-0.4168,-0.6441,-1.919,-0.9393,1.3796,0.2341
0.407,-0.4703,0.3628,-0.4543,0.6188,0.7591,0.9398,-1.1418,-0.0009,-0.1231,-0.4168,-0.6441,-1.919,-0.9393,1.3796,0.2341
0.3611,-0.4722,0.322,-0.459,0.5916,0.7506,0.9099,-1.1521,-0.0368,-0.1231,-0.4332,-0.6508,-1.9323,-0.9427,1.3564,0.2361
0.3611,-0.4722,0.322,-0.459,0.5916,0.7506,0.9099,-1.1521,-0.0368,-0.1231,-0.4332,-0.6508,-1.9323,-0.9427,1.3564,0.2361
0.3611,-0.4722,0.322,-0.459,0.5916,0.7506,0.9099,-1.1521,-0.0368,-0.1231,-0.4332,-0.6508,-1.9323,-0.9427,1.3564,0.2361
0.3187,-0.4789,0.2785,-0.4649,0.55,0.7472,0.8507,-1.1469,-0.063,-0.1265,-0.4534,-0.6521,-1.9867,-0.9316,1.3245,0.2349
0.3187,-0.4789,0.2785,-0.4649,0.55,0.7472,0.8507,-1.1469,-0.063,-0.1265,-0.4534,-0.6521,-1.9867,-0.9316,1.3245,0.2349
0.2764,-0.4856,0.2302,-0.4691,0.5029,0.7518,0.8135,-1.1598,-0.0987,-0.1266,-0.4697,-0.6589,-2.0204,-0.9277,1.3014,0.2368
0.2764,-0.4856,0.2302,-0.4691,0.5029,0.7518,0.8135,-1.1598,-0.0987,-0.1266,-0.4697,-0.6589,-2.0204,-0.9277,1.3014,0.2368
0.2486,-0.4938,0.185,-0.4722,0.4704,0.7512,0.7717,-1.1658,-0.1304,-0.1322,-0.4992,-0.6568,-2.0672,-0.9273,1.2753,0.2274
0.2486,-0.4938,0.185,-0.4722,0.4704,0.7512,0.7717,-1.1658,-0.1304,-0.1322,-0.4992,-0.6568,-2.0672,-0.9273,1.2753,0.2274
0.2176,-0.4972,0.1399,-0.4753,0.4435,0.7426,0.7299,-1.1718,-0.1698,-0.1267,-0.51,-0.6613,-2.0729,-0.9414,1.2522,0.2293
0.1999,-0.491,0.1255,-0.4808,0.4401,0.7318,0.7104,-1.1701,-0.1942,-0.1223,-0.5285,-0.6548,-2.086,-0.9448,1.2235,0.2394
0.1999,-0.491,0.1255,-0.4808,0.4401,0.7318,0.7104,-1.1701,-0.1942,-0.1223,-0.5285,-0.6548,-2.086,-0.9448,1.2235,0.2394
0.242,-0.4843,0.159,-0.4715,0.467,0.7404,0.7352,-1.1529,-0.1681,-0.1189,-0.5193,-0.6581,-2.0729,-0.9414,1.2178,0.2477
0.242,-0.4843,0.159,-0.4715,0.467,0.7404,0.7352,-1.1529,-0.1681,-0.1189,-0.5193,-0.6581,-2.0729,-0.9414,1.2178,0.2477
0.3433,-0.4659,0.26,-0.4542,0.5299,0.7603,0.8262,-1.1383,-0.0897,-0.1086,-0.479,-0.6556,-2.0204,-0.9277,1.2668,0.2552
0.3433,-0.4659,0.26,-0.4542,0.5299,0.7603,0.8262,-1.1383,-0.0897,-0.1086,-0.479,-0.6556,-2.0204,-0.9277,1.2668,0.2552
0.4824,-0.4425,0.4134,-0.4316,0.6551,0.7706,0.9602,-1.1176,0.0267,-0.0904,-0.413,-0.6496,-1.9206,-0.9145,1.3624,0.2589
0.4824,-0.4425,0.4134,-0.4316,0.6551,0.7706,0.9602,-1.1176,0.0267,-0.0904,-0.413,-0.6496,-1.9206,-0.9145,1.3624,0.2589
0.4824,-0.4425,0.4134,-0.4316,0.6551,0.7706,0.9602,-1.1176,0.0267,-0.0904,-0.413,-0.6496,-1.9206,-0.9145,1.3624,0.2589
0.6628,-0.4077,0.6068,-0.3947,0.8329,0.7868,1.1333,-1.0841,0.1498,-0.07,-0.3411,-0.6414,-1.8335,-0.9048,1.4383,0.2759
0.6628,-0.4077,0.6068,-0.3947,0.8329,0.7868,1.1333,-1.0841,0.1498,-0.07,-0.3411,-0.6414,-1.8335,-0.9048,1.4383,0.2759
0.6628,-0.4077,0.6068,-0.3947,0.8329,0.7868,1.1333,-1.0841,0.1498,-0.07,-0.3411,-0.6414,-1.8335,-0.9048,1.4383,0.2759
0.9438,-0.3743,0.9186,-0.3442,1.0911,0.8367,1.4266,-1.0282,0.3875,-0.0339,-0.1853,-0.6206,-1.6727,-0.8638,1.6149,0.3079
0.9438,-0.3743,0.9186,-0.3442,1.0911,0.8367,1.4266,-1.0282,0.3875,-0.0339,-0.1853,-0.6206,-1.6727,-0.8638,1.6149,0.3079
1.0324,-0.361,1.022,-0.3282,1.172,0.8514,1.5299,-1.0112,0.4747,-0.0215,-0.1218,-0.6092,-1.6247,-0.8644,1.6743,0.3186
1.0981,-0.3544,1.0964,-0.3193,1.2287,0.8686,1.6103,-1.0019,0.5252,-0.0091,-0.0732,-0.5967,-1.5841,-0.8542,1.7338,0.3293
1.0981,-0.3544,1.0964,-0.3193,1.2287,0.8686,1.6103,-1.0019,0.5252,-0.0091,-0.0732,-0.5967,-1.5841,-0.8542,1.7338,0.3293
1.0981,-0.3544,1.0964,-0.3193,1.2287,0.8686,1.6103,-1.0019,0.5252,-0.0091,-0.0732,-0.5967,-1.5841,-0.8542,1.7338,0.3293
1.1369,-0.3495,1.1445,-0.3165,1.2818,0.8747,1.6626,-0.9934,0.5526,-0.0057,-0.0412,-0.591,-1.563,-0.8617,1.746,0.344
1.1369,-0.3495,1.1445,-0.3165,1.2818,0.8747,1.6626,-0.9934,0.5526,-0.0057,-0.0412,-0.591,-1.563,-0.8617,1.746,0.344
1.158,-0.3495,1.167,-0.3156,1.2913,0.8775,1.6962,-0.9999,0.5781,-0.0104,-0.0149,-0.5875,-1.5494,-0.8582,1.764,0.3504
1.164,-0.3479,1.1824,-0.3211,1.276,0.8829,1.6991,-0.9901,0.5938,-0.0116,-0.0036,-0.583,-1.5282,-0.8657,1.7788,0.3452
1.164,-0.3479,1.1824,-0.3211,1.276,0.8829,1.6991,-0.9901,0.5938,-0.0116,-0.0036,-0.583,-1.5282,-0.8657,1.7788,0.3452
1.164,-0.3479,1.1742,-0.3204,1.2818,0.8747,1.6991,-0.9901,0.5898,-0.0059,0.002,-0.5807,-1.5146,-0.8623,1.8027,0.3431
1.164,-0.3479,1.1742,-0.3204,1.2818,0.8747,1.6991,-0.9901,0.5898,-0.0059,0.002,-0.5807,-1.5146,-0.8623,1.8027,0.3431
1.164,-0.3479,1.1742,-0.3204,1.2818,0.8747,1.6991,-0.9901,0.5898,-0.0059,0.002,-0.5807,-1.5146,-0.8623,1.8027,0.3431
1.1462,-0.3528,1.1638,-0.3277,1.278,0.8636,1.6962,-0.9999,0.588,-0.0139,0.0059,-0.5864,-1.5358,-0.8548,1.7878,0.3484
1.1462,-0.3528,1.1638,-0.3277,1.278,0.8636,1.6962,-0.9999,0.588,-0.0139,0.0059,-0.5864,-1.5358,-0.8548,1.7878,0.3484
1.1462,-0.3528,1.1638,-0.3277,1.278,0.8636,1.6962,-0.9999,0.588,-0.0139,0.0059,-0.5864,-1.5358,-0.8548,1.7878,0.3484
1.1285,-0.3577,1.1382,-0.3297,1.2742,0.8525,1.6596,-1.0032,0.5704,-0.0207,-0.0014,-0.5965,-1.563,-0.8617,1.7847,0.3367
1.1108,-0.3627,1.1146,-0.3346,1.2495,0.855,1.6439,-1.0084,0.5587,-0.0252,-0.007,-0.5988,-1.5976,-0.8576,1.7757,0.3336
1.1108,-0.3627,1.1146,-0.3346,1.2495,0.855,1.6439,-1.0084,0.5587,-0.0252,-0.007,-0.5988,-1.5976,-0.8576,1.7757,0.3336
1.0897,-0.3627,1.0922,-0.3354,1.2344,0.8603,1.6409,-1.0181,0.547,-0.0298,-0.0183,-0.6033,-1.6247,-0.8644,1.7725,0.322
1.0897,-0.3627,1.0922,-0.3354,1.2344,0.8603,1.6409,-1.0181,0.547,-0.0298,-0.0183,-0.6033,-1.6247,-0.8644,1.7725,0.322
1.0813,-0.3709,1.0768,-0.341,1.2249,0.8575,1.6202,-1.0162,0.5255,-0.0308,-0.0239,-0.6056,-1.6307,-0.8787,1.7666,0.3304
1.0813,-0.3709,1.0768,-0.341,1.2249,0.8575,1.6202,-1.0162,0.5255,-0.0308,-0.0239,-0.6056,-1.6307,-0.8787,1.7666,0.3304
1.0662,-0.3692,1.0646,-0.3454,1.206,0.8518,1.5996,-1.0143,0.5099,-0.0296,-0.0391,-0.6045,-1.6442,-0.8821,1.7338,0.3293
1.0662,-0.3692,1.0646,-0.3454,1.206,0.8518,1.5996,-1.0143,0.5099,-0.0296,-0.0391,-0.6045,-1.6442,-0.8821,1.7338,0.3293
1.0637,-0.3758,1.0605,-0.3505,1.1909,0.8571,1.5917,-1.0169,0.512,-0.0434,-0.0351,-0.6101,-1.6367,-0.8929,1.7042,0.3397
1.0637,-0.3758,1.0605,-0.3505,1.1909,0.8571,1.5917,-1.0169,0.512,-0.0434,-0.0351,-0.6101,-1.6367,-0.8929,1.7042,0.3397
1.0485,-0.3742,1.0513,-0.3539,1.1814,0.8542,1.5967,-1.024,0.512,-0.0434,-0.0351,-0.6101,-1.6157,-0.9003,1.7249,0.3261
1.0485,-0.3742,1.0513,-0.3539,1.1814,0.8542,1.5967,-1.024,0.512,-0.0434,-0.0351,-0.6101,-1.6157,-0.9003,1.7249,0.3261
1.0368,-0.3775,1.037,-0.3554,1.172,0.8514,1.576,-1.0221,0.4945,-0.0502,-0.0598,-0.6057,-1.6502,-0.8963,1.7069,0.3197
1.0368,-0.3775,1.037,-0.3554,1.172,0.8514,1.576,-1.0221,0.4945,-0.0502,-0.0598,-0.6057,-1.6502,-0.8963,1.7069,0.3197
1.01,-0.3791,1.0238,-0.3639,1.1626,0.8485,1.5603,-1.0273,0.4731,-0.0512,-0.071,-0.6102,-1.6712,-0.8889,1.698,0.3166
1.01,-0.3791,1.0238,-0.3639,1.1626,0.8485,1.5603,-1.0273,0.4731,-0.0512,-0.071,-0.6102,-1.6712,-0.8889,1.698,0.3166
0.9807,-0.3873,0.9923,-0.368,1.1438,0.8428,1.5114,-1.0261,0.4557,-0.058,-0.0822,-0.6147,-1.6846,-0.8923,1.6801,0.3102
0.9807,-0.3873,0.9923,-0.368,1.1438,0.8428,1.5114,-1.0261,0.4557,-0.058,-0.0822,-0.6147,-1.6846,-0.8923,1.6801,0.3102
0.9516,-0.3955,0.9538,-0.3676,1.1193,0.8453,1.5007,-1.0384,0.4285,-0.0613,-0.1029,-0.6159,-1.7399,-0.8809,1.6564,0.3123
0.9516,-0.3955,0.9538,-0.3676,1.1193,0.8453,1.5007,-1.0384,0.4285,-0.0613,-0.1029,-0.6159,-1.7399,-0.8809,1.6564,0.3123
0.9132,-0.4005,0.9134,-0.3751,1.0911,0.8367,1.4646,-1.0417,0.4072,-0.0624,-0.1179,-0.6148,-1.7324,-0.8917,1.6327,0.3143
0.9132,-0.4005,0.9134,-0.3751,1.0911,0.8367,1.4646,-1.0417,0.4072,-0.0624,-0.1179,-0.6148,-1.7324,-0.8917,1.6327,0.3143
0.8808,-0.4038,0.8761,-0.3815,1.0724,0.831,1.4286,-1.045,0.3647,-0.0646,-0.1441,-0.6183,-1.7801,-0.8912,1.5913,0.31
0.8808,-0.4038,0.8761,-0.3815,1.0724,0.831,1.4286,-1.045,0.3647,-0.0646,-0.1441,-0.6183,-1.7801,-0.8912,1.5913,0.31
0.8311,-0.412,0.8319,-0.3941,1.035,0.8195,1.3646,-1.0491,0.3223,-0.0668,-0.1742,-0.6161,-1.8068,-0.898,1.5531,0.3172
0.8311,-0.412,0.8319,-0.3941,1.035,0.8195,1.3646,-1.0491,0.3223,-0.0668,-0.1742,-0.6161,-1.8068,-0.898,1.5531,0.3172
0.8311,-0.412,0.8319,-0.3941,1.035,0.8195,1.3646,-1.0491,0.3223,-0.0668,-0.1742,-0.6161,-1.8068,-0.898,1.5531,0.3172
0.7873,-0.4186,0.7838,-0.401,0.9772,0.8215,1.3211,-1.055,0.2896,-0.0724,-0.1947,-0.6173,-1.8068,-0.898,1.5354,0.3108
0.7873,-0.4186,0.7838,-0.401,0.9772,0.8215,1.3211,-1.055,0.2896,-0.0724,-0.1947,-0.6173,-1.8068,-0.898,1.5354,0.3108
0.7437,-0.4252,0.7359,-0.4079,0.94,0.8101,1.2701,-1.0636,0.2628,-0.0758,-0.2153,-0.6185,-1.7994,-0.9087,1.5177,0.3044
0.7437,-0.4252,0.7359,-0.4079,0.94,0.8101,1.2701,-1.0636,0.2628,-0.0758,-0.2153,-0.6185,-1.7994,-0.9087,1.5177,0.3044
0.6877,-0.4238,0.6881,-0.4148,0.8938,0.7958,1.2193,-1.0721,0.2206,-0.078,-0.2413,-0.622,-1.8335,-0.9048,1.5,0.2981
0.6877,-0.4238,0.6881,-0.4148,0.8938,0.7958,1.2193,-1.0721,0.2206,-0.078,-0.2413,-0.622,-1.8335,-0.9048,1.5,0.2981
0.6296,-0.4289,0.6326,-0.421,0.842,0.7897,1.161,-1.0833,0.1882,-0.0836,-0.2673,-0.6254,-1.8601,-0.9116,1.4824,0.2918
0.6296,-0.4289,0.6326,-0.421,0.842,0.7897,1.161,-1.0833,0.1882,-0.0836,-0.2673,-0.6254,-1.8601,-0.9116,1.4824,0.2918
0.6296,-0.4289,0.6326,-0.421,0.842,0.7897,1.161,-1.0833,0.1882,-0.0836,-0.2673,-0.6254,-1.8601,-0.9116,1.4824,0.2918
0.5466,-0.447,0.5378,-0.4348,0.7778,0.7697,1.043,-1.0891,0.1122,-0.0994,-0.3059,-0.6413,-1.9413,-0.9072,1.4092,0.2862
0.5466,-0.447,0.5378,-0.4348,0.7778,0.7697,1.043,-1.0891,0.1122,-0.0994,-0.3059,-0.6413,-1.9413,-0.9072,1.4092,0.2862
0.5466,-0.447,0.5378,-0.4348,0.7778,0.7697,1.043,-1.0891,0.1122,-0.0994,-0.3059,-0.6413,-1.9413,-0.9072,1.4092,0.2862
0.5094,-0.452,0.4966,-0.4396,0.7447,0.7692,1.0128,-1.0995,0.0801,-0.105,-0.3318,-0.6447,-1.9677,-0.9141,1.3772,0.285
0.4698,-0.4635,0.4516,-0.4493,0.6935,0.763,0.9629,-1.1081,0.0289,-0.1039,-0.3631,-0.6505,-1.9867,-0.9316,1.3365,0.2806
0.4361,-0.4734,0.4125,-0.4569,0.6607,0.7625,0.9329,-1.1184,-0.0087,-0.1118,-0.3834,-0.6517,-2.0204,-0.9277,1.3046,0.2793
0.4361,-0.4734,0.4125,-0.4569,0.6607,0.7625,0.9329,-1.1184,-0.0087,-0.1118,-0.3834,-0.6517,-2.0204,-0.9277,1.3046,0.2793
0.3991,-0.4784,0.3687,-0.4627,0.6132,0.7672,0.8907,-1.1245,-0.0406,-0.1175,-0.413,-0.6496,-2.0541,-0.9239,1.2872,0.273
0.3991,-0.4784,0.3687,-0.4627,0.6132,0.7672,0.8907,-1.1245,-0.0406,-0.1175,-0.413,-0.6496,-2.0541,-0.9239,1.2872,0.273
0.3991,-0.4784,0.3687,-0.4627,0.6132,0.7672,0.8907,-1.1245,-0.0406,-0.1175,-0.413,-0.6496,-2.0541,-0.9239,1.2872,0.273
0.3588,-0.4786,0.323,-0.4658,0.5805,0.7666,0.839,-1.1167,-0.0669,-0.1209,-0.437,-0.6453,-2.0746,-0.9166,1.2785,0.2698
0.3588,-0.4786,0.323,-0.4658,0.5805,0.7666,0.839,-1.1167,-0.0669,-0.1209,-0.437,-0.6453,-2.0746,-0.9166,1.2785,0.2698
0.3588,-0.4786,0.323,-0.4658,0.5805,0.7666,0.839,-1.1167,-0.0669,-0.1209,-0.437,-0.6453,-2.0746,-0.9166,1.2785,0.2698
0.3108,-0.487,0.2717,-0.471,0.5354,0.7523,0.7896,-1.1253,-0.1026,-0.121,-0.4665,-0.6433,-2.0803,-0.9307,1.2467,0.2686
0.2653,-0.4889,0.2303,-0.4797,0.4994,0.7409,0.7234,-1.1228,-0.1232,-0.1221,-0.4829,-0.65,-2.1008,-0.9235,1.238,0.2654
0.2653,-0.4889,0.2303,-0.4797,0.4994,0.7409,0.7234,-1.1228,-0.1232,-0.1221,-0.4829,-0.65,-2.1008,-0.9235,1.238,0.2654
0.2231,-0.4956,0.185,-0.4828,0.458,0.7375,0.6697,-1.1246,-0.1454,-0.1312,-0.4992,-0.6568,-2.1139,-0.9269,1.2006,0.2724
0.2231,-0.4956,0.185,-0.4828,0.458,0.7375,0.6697,-1.1246,-0.1454,-0.1312,-0.4992,-0.6568,-2.1139,-0.9269,1.2006,0.2724
0.2032,-0.4957,0.1562,-0.4832,0.4312,0.729,0.6476,-1.1324,-0.1659,-0.1323,-0.5231,-0.6525,-2.1678,-0.9159,1.192,0.2692
0.2032,-0.4957,0.1562,-0.4832,0.4312,0.729,0.6476,-1.1324,-0.1659,-0.1323,-0.5231,-0.6525,-2.1678,-0.9159,1.192,0.2692
0.2165,-0.4861,0.1754,-0.4794,0.4401,0.7318,0.6671,-1.134,-0.1604,-0.1301,-0.5285,-0.6548,-2.1734,-0.9299,1.192,0.2692
0.2165,-0.4861,0.1754,-0.4794,0.4401,0.7318,0.6671,-1.134,-0.1604,-0.1301,-0.5285,-0.6548,-2.1734,-0.9299,1.192,0.2692
0.2165,-0.4861,0.1754,-0.4794,0.4401,0.7318,0.6671,-1.134,-0.1604,-0.1301,-0.5285,-0.6548,-2.1734,-0.9299,1.192,0.2692
0.3065,-0.471,0.2601,-0.4648,0.5084,0.7438,0.7504,-1.1219,-0.112,-0.1176,-0.5084,-0.6535,-2.1269,-0.9303,1.2122,0.287
0.3065,-0.471,0.2601,-0.4648,0.5084,0.7438,0.7504,-1.1219,-0.112,-0.1176,-0.5084,-0.6535,-2.1269,-0.9303,1.2122,0.287
0.3065,-0.471,0.2601,-0.4648,0.5084,0.7438,0.7504,-1.1219,-0.112,-0.1176,-0.5084,-0.6535,-2.1269,-0.9303,1.2122,0.287
0.4621,-0.4426,0.4202,-0.4361,0.6516,0.7597,0.9035,-1.1028,-0.0126,-0.1062,-0.4572,-0.6465,-2.0541,-0.9239,1.2699,0.2978
0.6342,-0.4159,0.6039,-0.4066,0.7997,0.7863,1.076,-1.0691,0.1101,-0.0859,-0.3856,-0.6383,-1.9545,-0.9106,1.3512,0.3067
0.8026,-0.3909,0.7919,-0.38,0.9344,0.8182,1.2555,-1.0425,0.2435,-0.0689,-0.3214,-0.619,-1.8617,-0.8867,1.4416,0.3187
0.8026,-0.3909,0.7919,-0.38,0.9344,0.8182,1.2555,-1.0425,0.2435,-0.0689,-0.3214,-0.619,-1.8617,-0.8867,1.4416,0.3187
0.937,-0.3644,0.9468,-0.352,1.0611,0.8473,1.4167,-1.0141,0.3799,-0.0441,-0.2269,-0.6017,-1.7683,-0.8627,1.5415,0.3339
0.937,-0.3644,0.9468,-0.352,1.0611,0.8473,1.4167,-1.0141,0.3799,-0.0441,-0.2269,-0.6017,-1.7683,-0.8627,1.5415,0.3339
1.0432,-0.3462,1.0779,-0.337,1.1757,0.8624,1.5484,-0.9962,0.4768,-0.0353,-0.1597,-0.5958,-1.6937,-0.8564,1.6095,0.3478
1.0432,-0.3462,1.0779,-0.337,1.1757,0.8624,1.5484,-0.9962,0.4768,-0.0353,-0.1597,-0.5958,-1.6937,-0.8564,1.6095,0.3478
1.1148,-0.338,1.1618,-0.3248,1.2533,0.8661,1.6191,-0.9727,0.5528,-0.0275,-0.0883,-0.5956,-1.6322,-0.8536,1.6688,0.3586
1.1148,-0.338,1.1618,-0.3248,1.2533,0.8661,1.6191,-0.9727,0.5528,-0.0275,-0.0883,-0.5956,-1.6322,-0.8536,1.6688,0.3586
1.1148,-0.338,1.1618,-0.3248,1.2533,0.8661,1.6191,-0.9727,0.5528,-0.0275,-0.0883,-0.5956,-1.6322,-0.8536,1.6688,0.3586
1.1724,-0.3396,1.2225,-0.3176,1.3065,0.8721,1.6793,-0.9615,0.5959,-0.0254,-0.0469,-0.5932,-1.6187,-0.8502,1.7163,0.3545
1.1724,-0.3396,1.2225,-0.3176,1.3065,0.8721,1.6793,-0.9615,0.5959,-0.0254,-0.0469,-0.5932,-1.6187,-0.8502,1.7163,0.3545
1.1724,-0.3396,1.2225,-0.3176,1.3065,0.8721,1.6793,-0.9615,0.5959,-0.0254,-0.0469,-0.5932,-1.6187,-0.8502,1.7163,0.3545
1.2395,-0.3447,1.2834,-0.3104,1.3847,0.8757,1.7606,-0.9522,0.6509,-0.0188,0.0059,-0.5864,-1.6052,-0.8467,1.773,0.3536
1.2395,-0.3447,1.2834,-0.3104,1.3847,0.8757,1.7606,-0.9522,0.6509,-0.0188,0.0059,-0.5864,-1.6052,-0.8467,1.773,0.3536
1.2489,-0.348,1.2885,-0.3122,1.3943,0.8785,1.7735,-0.9568,0.6568,-0.0165,0.0211,-0.5875,-1.5976,-0.8576,1.782,0.3568
1.2489,-0.348,1.2885,-0.3122,1.3943,0.8785,1.7735,-0.9568,0.6568,-0.0165,0.0211,-0.5875,-1.5976,-0.8576,1.782,0.3568
1.2489,-0.348,1.2885,-0.3122,1.3943,0.8785,1.7735,-0.9568,0.6568,-0.0165,0.0211,-0.5875,-1.5976,-0.8576,1.782,0.3568
1.243,-0.3496,1.2895,-0.3192,1.379,0.8839,1.7735,-0.9568,0.6469,-0.013,0.0307,-0.5908,-1.6112,-0.861,1.7761,0.3652
1.243,-0.3496,1.2895,-0.3192,1.379,0.8839,1.7735,-0.9568,0.6469,-0.013,0.0307,-0.5908,-1.6112,-0.861,1.7761,0.3652
1.2132,-0.3578,1.2604,-0.3332,1.3446,0.8836,1.7497,-0.9647,0.6274,-0.0278,0.0329,-0.6044,-1.6172,-0.8753,1.7433,0.3641
1.2132,-0.3578,1.2604,-0.3332,1.3446,0.8836,1.7497,-0.9647,0.6274,-0.0278,0.0329,-0.6044,-1.6172,-0.8753,1.7433,0.3641
1.2132,-0.3578,1.2604,-0.3332,1.3446,0.8836,1.7497,-0.9647,0.6274,-0.0278,0.0329,-0.6044,-1.6172,-0.8753,1.7433,0.3641
1.192,-0.3578,1.2398,-0.3369,1.3198,0.8861,1.7338,-0.9699,0.6255,-0.0358,0.0233,-0.601,-1.6172,-0.8753,1.7343,0.3609
1.192,-0.3578,1.2398,-0.3369,1.3198,0.8861,1.7338,-0.9699,0.6255,-0.0358,0.0233,-0.601,-1.6172,-0.8753,1.7343,0.3609
1.1683,-0.3644,1.2212,-0.3436,1.3065,0.8721,1.7229,-0.9823,0.6137,-0.0404,0.0081,-0.5999,-1.6517,-0.8713,1.7312,0.3493
1.1683,-0.3644,1.2212,-0.3436,1.3065,0.8721,1.7229,-0.9823,0.6137,-0.0404,0.0081,-0.5999,-1.6517,-0.8713,1.7312,0.3493
1.1437,-0.3594,1.2088,-0.348,1.2875,0.8664,1.7021,-0.9804,0.602,-0.0449,0.0064,-0.6078,-1.6442,-0.8821,1.7074,0.3513
1.1319,-0.3627,1.1944,-0.3495,1.2837,0.8553,1.6813,-0.9784,0.5922,-0.0414,-0.0031,-0.6044,-1.6442,-0.8821,1.7074,0.3513
1.1319,-0.3627,1.1944,-0.3495,1.2837,0.8553,1.6813,-0.9784,0.5922,-0.0414,-0.0031,-0.6044,-1.6442,-0.8821,1.7074,0.3513
1.1319,-0.3627,1.1944,-0.3495,1.2837,0.8553,1.6813,-0.9784,0.5922,-0.0414,-0.0031,-0.6044,-1.6442,-0.8821,1.7074,0.3513
1.1176,-0.3725,1.1789,-0.3551,1.2647,0.8496,1.6576,-0.9863,0.5805,-0.0459,-0.0127,-0.6011,-1.6442,-0.8821,1.6984,0.3481
1.1176,-0.3725,1.1789,-0.3551,1.2647,0.8496,1.6576,-0.9863,0.5805,-0.0459,-0.0127,-0.6011,-1.6442,-0.8821,1.6984,0.3481
1.1176,-0.3725,1.1789,-0.3551,1.2647,0.8496,1.6576,-0.9863,0.5805,-0.0459,-0.0127,-0.6011,-1.6442,-0.8821,1.6984,0.3481
1.1117,-0.3742,1.1677,-0.3555,1.2704,0.8414,1.6497,-0.9889,0.5629,-0.0527,-0.0239,-0.6056,-1.6712,-0.8889,1.6805,0.3418
1.1117,-0.3742,1.1677,-0.3555,1.2704,0.8414,1.6497,-0.9889,0.5629,-0.0527,-0.0239,-0.6056,-1.6712,-0.8889,1.6805,0.3418
1.0906,-0.3742,1.1451,-0.3563,1.2458,0.8439,1.634,-0.9941,0.5276,-0.0446,-0.0391,-0.6045,-1.6771,-0.9031,1.6716,0.3386
1.0906,-0.3742,1.1451,-0.3563,1.2458,0.8439,1.634,-0.9941,0.5276,-0.0446,-0.0391,-0.6045,-1.6771,-0.9031,1.6716,0.3386
1.0671,-0.3807,1.1205,-0.3652,1.2268,0.8382,1.6103,-1.0019,0.5003,-0.0479,-0.0408,-0.6124,-1.6906,-0.9065,1.6537,0.3322
1.0671,-0.3807,1.1205,-0.3652,1.2268,0.8382,1.6103,-1.0019,0.5003,-0.0479,-0.0408,-0.6124,-1.6906,-0.9065,1.6537,0.3322
1.0344,-0.384,1.0878,-0.3733,1.1928,0.8378,1.574,-1.0052,0.4731,-0.0512,-0.0576,-0.6192,-1.704,-0.9099,1.63,0.3342
1.0051,-0.3922,1.0531,-0.3786,1.1588,0.8375,1.5377,-1.0086,0.4539,-0.066,-0.0688,-0.6237,-1.7175,-0.9133,1.6122,0.3279
1.0051,-0.3922,1.0531,-0.3786,1.1588,0.8375,1.5377,-1.0086,0.4539,-0.066,-0.0688,-0.6237,-1.7175,-0.9133,1.6122,0.3279
0.9759,-0.4004,1.0155,-0.385,1.125,0.8371,1.4937,-1.0145,0.4365,-0.0727,-0.08,-0.6282,-1.7384,-0.9059,1.5944,0.3215
0.9759,-0.4004,1.0155,-0.385,1.125,0.8371,1.4937,-1.0145,0.4365,-0.0727,-0.08,-0.6282,-1.7384,-0.9059,1.5944,0.3215
0.9409,-0.4102,0.9699,-0.3907,1.1025,0.8203,1.4499,-1.0204,0.4075,-0.084,-0.1196,-0.6227,-1.7726,-0.9019,1.562,0.3203
0.9409,-0.4102,0.9699,-0.3907,1.1025,0.8203,1.4499,-1.0204,0.4075,-0.084,-0.1196,-0.6227,-1.7726,-0.9019,1.562,0.3203
0.9409,-0.4102,0.9699,-0.3907,1.1025,0.8203,1.4499,-1.0204,0.4075,-0.084,-0.1196,-0.6227,-1.7726,-0.9019,1.562,0.3203
0.8876,-0.4135,0.9213,-0.3975,1.0594,0.8171,1.3984,-1.029,0.3747,-0.0896,-0.1419,-0.6317,-1.8068,-0.898,1.5442,0.314
0.8876,-0.4135,0.9213,-0.3975,1.0594,0.8171,1.3984,-1.029,0.3747,-0.0896,-0.1419,-0.6317,-1.8068,-0.898,1.5442,0.314
0.8876,-0.4135,0.9213,-0.3975,1.0594,0.8171,1.3984,-1.029,0.3747,-0.0896,-0.1419,-0.6317,-1.8068,-0.898,1.5442,0.314
0.7941,-0.4283,0.8298,-0.4129,0.9885,0.8053,1.296,-1.0461,0.3035,-0.103,-0.1959,-0.6465,-1.9016,-0.897,1.4854,0.3033
0.7941,-0.4283,0.8298,-0.4129,0.9885,0.8053,1.296,-1.0461,0.3035,-0.103,-0.1959,-0.6465,-1.9016,-0.897,1.4854,0.3033
0.7504,-0.4349,0.7748,-0.4151,0.9606,0.7967,1.2576,-1.0591,0.2613,-0.1052,-0.2219,-0.6499,-1.9281,-0.9038,1.459,0.2937
0.7504,-0.4349,0.7748,-0.4151,0.9606,0.7967,1.2576,-1.0591,0.2613,-0.1052,-0.2219,-0.6499,-1.9281,-0.9038,1.459,0.2937
0.7126,-0.4399,0.7249,-0.4191,0.9328,0.7882,1.2144,-1.0651,0.2192,-0.1074,-0.2518,-0.6478,-1.9471,-0.9213,1.4268,0.2925
0.7126,-0.4399,0.7249,-0.4191,0.9328,0.7882,1.2144,-1.0651,0.2192,-0.1074,-0.2518,-0.6478,-1.9471,-0.9213,1.4268,0.2925
0.7126,-0.4399,0.7249,-0.4191,0.9328,0.7882,1.2144,-1.0651,0.2192,-0.1074,-0.2518,-0.6478,-1.9471,-0.9213,1.4268,0.2925
0.6692,-0.4465,0.6792,-0.4288,0.8902,0.7849,1.1637,-1.0737,0.1676,-0.1062,-0.2778,-0.6512,-1.9735,-0.9282,1.3947,0.2913
0.6692,-0.4465,0.6792,-0.4288,0.8902,0.7849,1.1637,-1.0737,0.1676,-0.1062,-0.2778,-0.6512,-1.9735,-0.9282,1.3947,0.2913
0.6692,-0.4465,0.6792,-0.4288,0.8902,0.7849,1.1637,-1.0737,0.1676,-0.1062,-0.2778,-0.6512,-1.9735,-0.9282,1.3947,0.2913
0.577,-0.4614,0.5861,-0.4455,0.7961,0.7754,1.0581,-1.0839,0.0918,-0.1219,-0.335,-0.6604,-2.0262,-0.9418,1.3075,0.2908
0.577,-0.4614,0.5861,-0.4455,0.7961,0.7754,1.0581,-1.0839,0.0918,-0.1219,-0.335,-0.6604,-2.0262,-0.9418,1.3075,0.2908
0.543,-0.4712,0.5418,-0.4512,0.7391,0.7773,1.0155,-1.0899,0.0653,-0.1253,-0.3592,-0.656,-2.0467,-0.9345,1.2901,0.2845
0.543,-0.4712,0.5418,-0.4512,0.7391,0.7773,1.0155,-1.0899,0.0653,-0.1253,-0.3592,-0.656,-2.0467,-0.9345,1.2901,0.2845
0.4968,-0.473,0.4976,-0.457,0.6971,0.7739,0.9607,-1.0916,0.0237,-0.1275,-0.385,-0.6595,-2.0803,-0.9307,1.2785,0.2698
0.4968,-0.473,0.4976,-0.457,0.6971,0.7739,0.9607,-1.0916,0.0237,-0.1275,-0.385,-0.6595,-2.0803,-0.9307,1.2785,0.2698
0.4968,-0.473,0.4976,-0.457,0.6971,0.7739,0.9607,-1.0916,0.0237,-0.1275,-0.385,-0.6595,-2.0803,-0.9307,1.2785,0.2698
0.4417,-0.4717,0.4506,-0.464,0.6753,0.7573,0.9184,-1.0976,-0.0122,-0.1276,-0.4107,-0.663,-2.086,-0.9448,1.2554,0.2718
0.4417,-0.4717,0.4506,-0.464,0.6753,0.7573,0.9184,-1.0976,-0.0122,-0.1276,-0.4107,-0.663,-2.086,-0.9448,1.2554,0.2718
0.3565,-0.4851,0.3609,-0.4728,0.5972,0.7426,0.7975,-1.0968,-0.0664,-0.1422,-0.4473,-0.6709,-2.153,-0.9371,1.2063,0.2642
0.3565,-0.4851,0.3609,-0.4728,0.5972,0.7426,0.7975,-1.0968,-0.0664,-0.1422,-0.4473,-0.6709,-2.153,-0.9371,1.2063,0.2642
0.3565,-0.4851,0.3609,-0.4728,0.5972,0.7426,0.7975,-1.0968,-0.0664,-0.1422,-0.4473,-0.6709,-2.153,-0.9371,1.2063,0.2642
0.3141,-0.4917,0.3144,-0.4797,0.5319,0.7415,0.7604,-1.1098,-0.1077,-0.1445,-0.4822,-0.6712,-2.1921,-0.9474,1.1661,0.2597
0.3141,-0.4917,0.3144,-0.4797,0.5319,0.7415,0.7604,-1.1098,-0.1077,-0.1445,-0.4822,-0.6712,-2.1921,-0.9474,1.1661,0.2597
0.3141,-0.4917,0.3144,-0.4797,0.5319,0.7415,0.7604,-1.1098,-0.1077,-0.1445,-0.4822,-0.6712,-2.1921,-0.9474,1.1661,0.2597
0.2774,-0.4968,0.2612,-0.4822,0.496,0.7301,0.7065,-1.1116,-0.1338,-0.1479,-0.4931,-0.6757,-2.205,-0.9508,1.1431,0.2616
0.2774,-0.4968,0.2612,-0.4822,0.496,0.7301,0.7065,-1.1116,-0.1338,-0.1479,-0.4931,-0.6757,-2.205,-0.9508,1.1431,0.2616
0.2408,-0.5018,0.2226,-0.4898,0.4601,0.7188,0.6649,-1.1177,-0.1654,-0.1535,-0.5186,-0.6791,-2.2236,-0.9682,1.0973,0.2654
0.2408,-0.5018,0.2226,-0.4898,0.4601,0.7188,0.6649,-1.1177,-0.1654,-0.1535,-0.5186,-0.6791,-2.2236,-0.9682,1.0973,0.2654
0.232,-0.4987,0.212,-0.4902,0.4367,0.721,0.6575,-1.1203,-0.156,-0.1569,-0.5186,-0.6791,-2.2236,-0.9682,1.103,0.2572
0.232,-0.4987,0.212,-0.4902,0.4367,0.721,0.6575,-1.1203,-0.156,-0.1569,-0.5186,-0.6791,-2.2236,-0.9682,1.103,0.2572
0.2764,-0.4856,0.2641,-0.4811,0.478,0.7244,0.7065,-1.1116,-0.1244,-0.1512,-0.5263,-0.6681,-2.231,-0.9576,1.1259,0.2553
0.2764,-0.4856,0.2641,-0.4811,0.478,0.7244,0.7065,-1.1116,-0.1244,-0.1512,-0.5263,-0.6681,-2.231,-0.9576,1.1259,0.2553
0.2764,-0.4856,0.2641,-0.4811,0.478,0.7244,0.7065,-1.1116,-0.1244,-0.1512,-0.5263,-0.6681,-2.231,-0.9576,1.1259,0.2553
0.2764,-0.4856,0.2641,-0.4811,0.478,0.7244,0.7065,-1.1116,-0.1244,-0.1512,-0.5263,-0.6681,-2.231,-0.9576,1.1259,0.2553
0.5343,-0.439,0.5467,-0.4315,0.7047,0.747,0.9661,-1.0724,0.0518,-0.1163,-0.4348,-0.6586,-2.086,-0.9448,1.241,0.2768
0.5343,-0.439,0.5467,-0.4315,0.7047,0.747,0.9661,-1.0724,0.0518,-0.1163,-0.4348,-0.6586,-2.086,-0.9448,1.241,0.2768
0.7015,-0.414,0.7369,-0.4039,0.8681,0.7683,1.1318,-1.0412,0.196,-0.0949,-0.3389,-0.6548,-1.9867,-0.9316,1.325,0.2972
0.8624,-0.3973,0.9073,-0.3773,1.009,0.7919,1.2918,-1.0127,0.3244,-0.0804,-0.2557,-0.6422,-1.9148,-0.9004,1.4183,0.3207
0.8624,-0.3973,0.9073,-0.3773,1.009,0.7919,1.2918,-1.0127,0.3244,-0.0804,-0.2557,-0.6422,-1.9148,-0.9004,1.4183,0.3207
0.989,-0.3791,1.0452,-0.3561,1.1175,0.815,1.4429,-0.9965,0.4325,-0.067,-0.1775,-0.6318,-1.8692,-0.876,1.5003,0.3295
0.989,-0.3791,1.0452,-0.3561,1.1175,0.815,1.4429,-0.9965,0.4325,-0.067,-0.1775,-0.6318,-1.8692,-0.876,1.5003,0.3295
1.0931,-0.3676,1.1463,-0.3413,1.2079,0.8325,1.5513,-0.9865,0.5101,-0.0514,-0.1101,-0.626,-1.7951,-0.8696,1.5739,0.3351
1.0931,-0.3676,1.1463,-0.3413,1.2079,0.8325,1.5513,-0.9865,0.5101,-0.0514,-0.1101,-0.626,-1.7951,-0.8696,1.5739,0.3351
1.1555,-0.3561,1.2244,-0.3315,1.2742,0.8525,1.6348,-0.9674,0.5648,-0.0447,-0.0576,-0.6192,-1.7549,-0.8593,1.6242,0.3426
1.1555,-0.3561,1.2244,-0.3315,1.2742,0.8525,1.6348,-0.9674,0.5648,-0.0447,-0.0576,-0.6192,-1.7549,-0.8593,1.6242,0.3426
1.192,-0.3578,1.2615,-0.3292,1.2932,0.8582,1.6664,-0.9569,0.602,-0.0449,-0.0256,-0.6135,-1.7206,-0.8633,1.651,0.3522
1.192,-0.3578,1.2615,-0.3292,1.2932,0.8582,1.6664,-0.9569,0.602,-0.0449,-0.0256,-0.6135,-1.7206,-0.8633,1.651,0.3522
1.2132,-0.3578,1.2842,-0.3283,1.3179,0.8557,1.6951,-0.9562,0.6295,-0.0416,-0.0031,-0.6044,-1.6937,-0.8564,1.6836,0.3534
1.2286,-0.3595,1.3007,-0.3298,1.3332,0.8503,1.703,-0.9536,0.6295,-0.0416,0.0025,-0.6022,-1.6862,-0.8673,1.6984,0.3481
1.2286,-0.3595,1.3007,-0.3298,1.3332,0.8503,1.703,-0.9536,0.6295,-0.0416,0.0025,-0.6022,-1.6862,-0.8673,1.6984,0.3481
1.2286,-0.3595,1.3007,-0.3298,1.3332,0.8503,1.703,-0.9536,0.6295,-0.0416,0.0025,-0.6022,-1.6862,-0.8673,1.6984,0.3481
1.2167,-0.3628,1.2965,-0.3349,1.3332,0.8503,1.703,-0.9536,0.6156,-0.0324,0.0064,-0.6078,-1.6862,-0.8673,1.7042,0.3397
1.2167,-0.3628,1.2965,-0.3349,1.3332,0.8503,1.703,-0.9536,0.6156,-0.0324,0.0064,-0.6078,-1.6862,-0.8673,1.7042,0.3397
1.2048,-0.366,1.2841,-0.3393,1.3389,0.842,1.6822,-0.9517,0.6137,-0.0404,0.0103,-0.6134,-1.6787,-0.8781,1.6747,0.3502
1.2048,-0.366,1.2841,-0.3393,1.3389,0.842,1.6822,-0.9517,0.6137,-0.0404,0.0103,-0.6134,-1.6787,-0.8781,1.6747,0.3502
1.1904,-0.3759,1.2654,-0.346,1.3141,0.8446,1.6535,-0.9524,0.5922,-0.0414,-0.001,-0.618,-1.7131,-0.8741,1.6657,0.347
1.1904,-0.3759,1.2654,-0.346,1.3141,0.8446,1.6535,-0.9524,0.5922,-0.0414,-0.001,-0.618,-1.7131,-0.8741,1.6657,0.347
1.182,-0.3841,1.2417,-0.3508,1.3046,0.8417,1.6427,-0.9648,0.5844,-0.0517,-0.0027,-0.6259,-1.7474,-0.8701,1.6626,0.3354
1.182,-0.3841,1.2417,-0.3508,1.3046,0.8417,1.6427,-0.9648,0.5844,-0.0517,-0.0027,-0.6259,-1.7474,-0.8701,1.6626,0.3354
1.1608,-0.3841,1.2159,-0.3527,1.2951,0.8389,1.6398,-0.9746,0.5669,-0.0584,-0.0273,-0.6214,-1.7459,-0.8951,1.6448,0.329
1.1608,-0.3841,1.2159,-0.3527,1.2951,0.8389,1.6398,-0.9746,0.5669,-0.0584,-0.0273,-0.6214,-1.7459,-0.8951,1.6448,0.329
1.1608,-0.3841,1.2159,-0.3527,1.2951,0.8389,1.6398,-0.9746,0.5669,-0.0584,-0.0273,-0.6214,-1.7459,-0.8951,1.6448,0.329
1.1397,-0.3841,1.2004,-0.3583,1.2913,0.8278,1.624,-0.9798,0.5395,-0.0617,-0.0291,-0.6293,-1.7801,-0.8912,1.6358,0.3259
1.1279,-0.3873,1.183,-0.3609,1.2666,0.8303,1.6083,-0.985,0.522,-0.0685,-0.0442,-0.6282,-1.786,-0.9053,1.5975,0.3331
1.1279,-0.3873,1.183,-0.3609,1.2666,0.8303,1.6083,-0.985,0.522,-0.0685,-0.0442,-0.6282,-1.786,-0.9053,1.5975,0.3331
1.1279,-0.3873,1.183,-0.3609,1.2666,0.8303,1.6083,-0.985,0.522,-0.0685,-0.0442,-0.6282,-1.786,-0.9053,1.5975,0.3331
1.1195,-0.3955,1.1726,-0.3682,1.2534,0.8164,1.5926,-0.9903,0.5143,-0.0787,-0.0554,-0.6327,-1.8127,-0.9121,1.5855,0.3183
1.1195,-0.3955,1.1726,-0.3682,1.2534,0.8164,1.5926,-0.9903,0.5143,-0.0787,-0.0554,-0.6327,-1.8127,-0.9121,1.5855,0.3183
1.0984,-0.3955,1.1634,-0.3715,1.2231,0.8271,1.5847,-0.9929,0.5046,-0.0753,-0.0515,-0.6383,-1.7919,-0.9195,1.5766,0.3152
1.0774,-0.3955,1.146,-0.3742,1.2136,0.8243,1.5818,-1.0026,0.5085,-0.081,-0.0705,-0.6316,-1.7919,-0.9195,1.5824,0.3068
1.0597,-0.4004,1.1204,-0.3761,1.1947,0.8186,1.5661,-1.0078,0.4832,-0.0763,-0.0912,-0.6327,-1.826,-0.9155,1.5647,0.3004
1.0597,-0.4004,1.1204,-0.3761,1.1947,0.8186,1.5661,-1.0078,0.4832,-0.0763,-0.0912,-0.6327,-1.826,-0.9155,1.5647,0.3004
1.0597,-0.4004,1.1204,-0.3761,1.1947,0.8186,1.5661,-1.0078,0.4832,-0.0763,-0.0912,-0.6327,-1.826,-0.9155,1.5647,0.3004
1.0143,-0.3955,1.0918,-0.3791,1.1759,0.8129,1.5426,-1.0157,0.456,-0.0796,-0.108,-0.6395,-1.8186,-0.9263,1.5469,0.2941
1.0143,-0.3955,1.0918,-0.3791,1.1759,0.8129,1.5426,-1.0157,0.456,-0.0796,-0.108,-0.6395,-1.8186,-0.9263,1.5469,0.2941
0.9817,-0.3988,1.0642,-0.3891,1.157,0.8072,1.4937,-1.0145,0.4328,-0.0886,-0.1153,-0.6496,-1.8319,-0.9297,1.5292,0.2878
0.9433,-0.4037,1.0265,-0.3954,1.1288,0.7987,1.4449,-1.0133,0.3941,-0.0964,-0.1376,-0.6586,-1.8867,-0.9184,1.4881,0.2834
0.9433,-0.4037,1.0265,-0.3954,1.1288,0.7987,1.4449,-1.0133,0.3941,-0.0964,-0.1376,-0.6586,-1.8867,-0.9184,1.4881,0.2834
0.9084,-0.4135,0.9809,-0.4011,1.08,0.8036,1.4012,-1.0193,0.3613,-0.102,-0.1637,-0.662,-1.9339,-0.9179,1.4559,0.2822
0.9084,-0.4135,0.9809,-0.4011,1.08,0.8036,1.4012,-1.0193,0.3613,-0.102,-0.1637,-0.662,-1.9339,-0.9179,1.4559,0.2822
0.8794,-0.4217,0.9384,-0.4057,1.0463,0.8032,1.3576,-1.0253,0.3422,-0.1167,-0.1843,-0.6632,-1.9677,-0.9141,1.4238,0.2811
0.8794,-0.4217,0.9384,-0.4057,1.0463,0.8032,1.3576,-1.0253,0.3422,-0.1167,-0.1843,-0.6632,-1.9677,-0.9141,1.4238,0.2811
0.8794,-0.4217,0.9384,-0.4057,1.0463,0.8032,1.3576,-1.0253,0.3422,-0.1167,-0.1843,-0.6632,-1.9677,-0.9141,1.4238,0.2811
0.8504,-0.4299,0.8911,-0.4085,1.022,0.8057,1.3316,-1.0428,0.2999,-0.1188,-0.2142,-0.661,-1.9661,-0.9388,1.4062,0.2747
0.8504,-0.4299,0.8911,-0.4085,1.022,0.8057,1.3316,-1.0428,0.2999,-0.1188,-0.2142,-0.661,-1.9661,-0.9388,1.4062,0.2747
0.8504,-0.4299,0.8911,-0.4085,1.022,0.8057,1.3316,-1.0428,0.2999,-0.1188,-0.2142,-0.661,-1.9661,-0.9388,1.4062,0.2747
0.7917,-0.4349,0.8338,-0.4186,0.9755,0.7914,1.268,-1.0469,0.2538,-0.1153,-0.2441,-0.6589,-1.9925,-0.9456,1.3887,0.2684
0.7389,-0.4382,0.7807,-0.4237,0.9328,0.7882,1.2047,-1.0511,0.206,-0.1197,-0.2662,-0.6679,-2.0114,-0.9631,1.3335,0.2691
0.6988,-0.4497,0.7328,-0.4306,0.8902,0.7849,1.1492,-1.0527,0.1736,-0.1253,-0.2827,-0.6747,-2.0393,-0.9452,1.3103,0.2711
0.6988,-0.4497,0.7328,-0.4306,0.8902,0.7849,1.1492,-1.0527,0.1736,-0.1253,-0.2827,-0.6747,-2.0393,-0.9452,1.3103,0.2711
0.6988,-0.4497,0.7328,-0.4306,0.8902,0.7849,1.1492,-1.0527,0.1736,-0.1253,-0.2827,-0.6747,-2.0393,-0.9452,1.3103,0.2711
0.6406,-0.4547,0.6821,-0.4385,0.8237,0.784,1.0987,-1.0613,0.1318,-0.1275,-0.3086,-0.6781,-2.0655,-0.952,1.2842,0.2616
0.6406,-0.4547,0.6821,-0.4385,0.8237,0.784,1.0987,-1.0613,0.1318,-0.1275,-0.3086,-0.6781,-2.0655,-0.952,1.2842,0.2616
0.5974,-0.4613,0.6326,-0.4425,0.7869,0.7726,1.0484,-1.0699,0.1052,-0.1309,-0.3383,-0.676,-2.086,-0.9448,1.2668,0.2552
0.5974,-0.4613,0.6326,-0.4425,0.7869,0.7726,1.0484,-1.0699,0.1052,-0.1309,-0.3383,-0.676,-2.086,-0.9448,1.2668,0.2552
0.5487,-0.4696,0.5871,-0.4522,0.7412,0.7583,0.986,-1.0742,0.0635,-0.1331,-0.351,-0.6883,-2.0991,-0.9482,1.2207,0.2591
0.5487,-0.4696,0.5871,-0.4522,0.7412,0.7583,0.986,-1.0742,0.0635,-0.1331,-0.351,-0.6883,-2.0991,-0.9482,1.2207,0.2591
0.5001,-0.4778,0.5398,-0.4591,0.7047,0.747,0.9238,-1.0785,0.0354,-0.1444,-0.386,-0.6884,-2.1383,-0.9584,1.1948,0.2496
0.5001,-0.4778,0.5398,-0.4591,0.7047,0.747,0.9238,-1.0785,0.0354,-0.1444,-0.386,-0.6884,-2.1383,-0.9584,1.1948,0.2496
0.4663,-0.4876,0.4937,-0.4621,0.6718,0.7465,0.8816,-1.0846,0.009,-0.1477,-0.397,-0.6929,-2.1587,-0.9512,1.1775,0.2433
0.4663,-0.4876,0.4937,-0.4621,0.6718,0.7465,0.8816,-1.0846,0.009,-0.1477,-0.397,-0.6929,-2.1587,-0.9512,1.1775,0.2433
0.4259,-0.4878,0.4526,-0.4668,0.6536,0.7408,0.8469,-1.0881,-0.0268,-0.1477,-0.4172,-0.6941,-2.1643,-0.9652,1.1459,0.242
0.4259,-0.4878,0.4526,-0.4668,0.6536,0.7408,0.8469,-1.0881,-0.0268,-0.1477,-0.4172,-0.6941,-2.1643,-0.9652,1.1459,0.242
0.4259,-0.4878,0.4526,-0.4668,0.6536,0.7408,0.8469,-1.0881,-0.0268,-0.1477,-0.4172,-0.6941,-2.1643,-0.9652,1.1459,0.242
0.3889,-0.4929,0.4067,-0.4698,0.6264,0.7323,0.8171,-1.0985,-0.072,-0.1444,-0.4506,-0.6865,-2.1977,-0.9614,1.143,0.2306
0.3889,-0.4929,0.4067,-0.4698,0.6264,0.7323,0.8171,-1.0985,-0.072,-0.1444,-0.4506,-0.6865,-2.1977,-0.9614,1.143,0.2306
0.3487,-0.4931,0.3649,-0.4784,0.5846,0.7289,0.7752,-1.1046,-0.0982,-0.1478,-0.4614,-0.691,-2.218,-0.9542,1.1287,0.2357
0.303,-0.495,0.3261,-0.486,0.5485,0.7176,0.7286,-1.1038,-0.1449,-0.1524,-0.487,-0.6945,-2.2439,-0.9611,1.0744,0.2363
0.303,-0.495,0.3261,-0.486,0.5485,0.7176,0.7286,-1.1038,-0.1449,-0.1524,-0.487,-0.6945,-2.2439,-0.9611,1.0744,0.2363
0.2519,-0.4986,0.2748,-0.4912,0.469,0.7216,0.6675,-1.1082,-0.1671,-0.1613,-0.5164,-0.6924,-2.2771,-0.9573,1.0516,0.2382
0.2519,-0.4986,0.2748,-0.4912,0.469,0.7216,0.6675,-1.1082,-0.1671,-0.1613,-0.5164,-0.6924,-2.2771,-0.9573,1.0516,0.2382
0.2187,-0.5084,0.2314,-0.4971,0.4099,0.7125,0.6307,-1.1212,-0.1931,-0.1647,-0.5403,-0.6881,-2.2974,-0.9502,1.0345,0.2318
0.2187,-0.5084,0.2314,-0.4971,0.4099,0.7125,0.6307,-1.1212,-0.1931,-0.1647,-0.5403,-0.6881,-2.2974,-0.9502,1.0345,0.2318
0.1679,-0.512,0.1804,-0.5023,0.3454,0.7113,0.5773,-1.1231,-0.2153,-0.1737,-0.575,-0.6884,-2.3305,-0.9464,1.0033,0.2305
0.1679,-0.512,0.1804,-0.5023,0.3454,0.7113,0.5773,-1.1231,-0.2153,-0.1737,-0.575,-0.6884,-2.3305,-0.9464,1.0033,0.2305
0.1679,-0.512,0.1804,-0.5023,0.3454,0.7113,0.5773,-1.1231,-0.2153,-0.1737,-0.575,-0.6884,-2.3305,-0.9464,1.0033,0.2305
0.137,-0.5154,0.143,-0.506,0.3044,0.7079,0.5481,-1.1335,-0.2506,-0.1738,-0.6004,-0.6919,-2.3691,-0.9567,0.9777,0.221
0.137,-0.5154,0.143,-0.506,0.3044,0.7079,0.5481,-1.1335,-0.2506,-0.1738,-0.6004,-0.6919,-2.3691,-0.9567,0.9777,0.221
0.1249,-0.5076,0.1373,-0.5082,0.3099,0.7,0.524,-1.125,-0.2599,-0.1705,-0.6112,-0.6964,-2.3691,-0.9567,0.9777,0.221
0.1249,-0.5076,0.1373,-0.5082,0.3099,0.7,0.524,-1.125,-0.2599,-0.1705,-0.6112,-0.6964,-2.3691,-0.9567,0.9777,0.221
0.2964,-0.4855,0.3066,-0.4791,0.4601,0.7188,0.6627,-1.1013,-0.1543,-0.1491,-0.5658,-0.6916,-2.3103,-0.9536,1.0317,0.2514
0.2964,-0.4855,0.3066,-0.4791,0.4601,0.7188,0.6627,-1.1013,-0.1543,-0.1491,-0.5658,-0.6916,-2.3103,-0.9536,1.0317,0.2514
0.2964,-0.4855,0.3066,-0.4791,0.4601,0.7188,0.6627,-1.1013,-0.1543,-0.1491,-0.5658,-0.6916,-2.3103,-0.9536,1.0317,0.2514
0.4463,-0.4588,0.4702,-0.4495,0.6027,0.7346,0.8101,-1.0751,-0.0479,-0.1276,-0.5056,-0.6879,-2.218,-0.9542,1.1116,0.2603
0.4463,-0.4588,0.4702,-0.4495,0.6027,0.7346,0.8101,-1.0751,-0.0479,-0.1276,-0.5056,-0.6879,-2.218,-0.9542,1.1116,0.2603
0.4463,-0.4588,0.4702,-0.4495,0.6027,0.7346,0.8101,-1.0751,-0.0479,-0.1276,-0.5056,-0.6879,-2.218,-0.9542,1.1116,0.2603
0.6182,-0.4322,0.6524,-0.4172,0.7742,0.7588,0.994,-1.0454,0.0649,-0.1039,-0.4287,-0.6775,-2.1326,-0.9444,1.1949,0.2807
0.7772,-0.404,0.8309,-0.3873,0.9235,0.7853,1.165,-1.0211,0.1768,-0.0881,-0.3554,-0.6616,-2.0262,-0.9418,1.2699,0.2978
0.888,-0.3842,0.9619,-0.3682,1.037,0.8004,1.3099,-0.9977,0.2764,-0.0848,-0.2794,-0.659,-1.9735,-0.9282,1.3135,0.3138
0.888,-0.3842,0.9619,-0.3682,1.037,0.8004,1.3099,-0.9977,0.2764,-0.0848,-0.2794,-0.659,-1.9735,-0.9282,1.3135,0.3138
0.888,-0.3842,0.9619,-0.3682,1.037,0.8004,1.3099,-0.9977,0.2764,-0.0848,-0.2794,-0.659,-1.9735,-0.9282,1.3135,0.3138
0.9647,-0.3742,1.0482,-0.355,1.0875,0.8256,1.397,-0.9857,0.3571,-0.0748,-0.2125,-0.6532,-1.9206,-0.9145,1.3832,0.3079
0.9647,-0.3742,1.0482,-0.355,1.0875,0.8256,1.397,-0.9857,0.3571,-0.0748,-0.2125,-0.6532,-1.9206,-0.9145,1.3832,0.3079
1.0183,-0.3709,1.1053,-0.3488,1.14,0.8317,1.4486,-0.9771,0.417,-0.0659,-0.1792,-0.6397,-1.8883,-0.8936,1.4328,0.3155
1.0183,-0.3709,1.1053,-0.3488,1.14,0.8317,1.4486,-0.9771,0.417,-0.0659,-0.1792,-0.6397,-1.8883,-0.8936,1.4328,0.3155
1.0485,-0.3742,1.134,-0.3458,1.1739,0.8321,1.4974,-0.9782,0.4343,-0.0591,-0.1531,-0.6363,-1.875,-0.8901,1.465,0.3167
1.0485,-0.3742,1.134,-0.3458,1.1739,0.8321,1.4974,-0.9782,0.4343,-0.0591,-0.1531,-0.6363,-1.875,-0.8901,1.465,0.3167
1.0451,-0.3692,1.1452,-0.3454,1.1796,0.8239,1.5052,-0.9755,0.4459,-0.0546,-0.138,-0.6373,-1.8617,-0.8867,1.4796,0.3116
1.0451,-0.3692,1.1452,-0.3454,1.1796,0.8239,1.5052,-0.9755,0.4459,-0.0546,-0.138,-0.6373,-1.8617,-0.8867,1.4796,0.3116
1.0393,-0.3709,1.1442,-0.3494,1.1796,0.8239,1.4924,-0.971,0.4343,-0.0591,-0.1342,-0.6429,-1.8883,-0.8936,1.4796,0.3116
1.0393,-0.3709,1.1442,-0.3494,1.1796,0.8239,1.4924,-0.971,0.4343,-0.0591,-0.1342,-0.6429,-1.8883,-0.8936,1.4796,0.3116
1.0251,-0.3807,1.1267,-0.352,1.1853,0.8158,1.4768,-0.9763,0.4228,-0.0636,-0.1397,-0.6452,-1.9223,-0.8897,1.4562,0.3136
1.0251,-0.3807,1.1267,-0.352,1.1853,0.8158,1.4768,-0.9763,0.4228,-0.0636,-0.1397,-0.6452,-1.9223,-0.8897,1.4562,0.3136
1.0251,-0.3807,1.1267,-0.352,1.1853,0.8158,1.4768,-0.9763,0.4228,-0.0636,-0.1397,-0.6452,-1.9223,-0.8897,1.4562,0.3136
1.0075,-0.3857,1.1032,-0.3569,1.1702,0.8211,1.474,-0.986,0.4267,-0.0693,-0.1531,-0.6363,-1.9429,-0.8824,1.4708,0.3084
1.0075,-0.3857,1.1032,-0.3569,1.1702,0.8211,1.474,-0.986,0.4267,-0.0693,-0.1531,-0.6363,-1.9429,-0.8824,1.4708,0.3084
1.0075,-0.3857,1.1032,-0.3569,1.1702,0.8211,1.474,-0.986,0.4267,-0.0693,-0.1531,-0.6363,-1.9429,-0.8824,1.4708,0.3084
0.9725,-0.3955,1.0461,-0.363,1.142,0.8126,1.4302,-0.992,0.3881,-0.0771,-0.1659,-0.6486,-1.9339,-0.9179,1.4386,0.3072
0.9725,-0.3955,1.0461,-0.363,1.142,0.8126,1.4302,-0.992,0.3881,-0.0771,-0.1659,-0.6486,-1.9339,-0.9179,1.4386,0.3072
0.955,-0.4004,1.0328,-0.3714,1.1232,0.8069,1.4146,-0.9973,0.3611,-0.0805,-0.1864,-0.6498,-1.9603,-0.9248,1.421,0.3009
0.955,-0.4004,1.0328,-0.3714,1.1232,0.8069,1.4146,-0.9973,0.3611,-0.0805,-0.1864,-0.6498,-1.9603,-0.9248,1.421,0.3009
0.9307,-0.3955,1.0206,-0.3759,1.0988,0.8093,1.402,-0.9928,0.3456,-0.0793,-0.192,-0.652,-1.9529,-0.9354,1.3977,0.3028
0.9307,-0.3955,1.0206,-0.3759,1.0988,0.8093,1.402,-0.9928,0.3456,-0.0793,-0.192,-0.652,-1.9529,-0.9354,1.3977,0.3028
0.9249,-0.3972,1.0095,-0.3763,1.0894,0.8065,1.3942,-0.9954,0.3398,-0.0816,-0.192,-0.652,-1.9809,-0.9175,1.3832,0.3079
0.9249,-0.3972,1.0095,-0.3763,1.0894,0.8065,1.3942,-0.9954,0.3398,-0.0816,-0.192,-0.652,-1.9809,-0.9175,1.3832,0.3079
0.9098,-0.3956,1.0014,-0.3756,1.065,0.8089,1.3689,-0.9865,0.338,-0.0895,-0.1881,-0.6576,-2.0015,-0.9102,1.3744,0.3048
0.9098,-0.3956,1.0014,-0.3756,1.065,0.8089,1.3689,-0.9865,0.338,-0.0895,-0.1881,-0.6576,-2.0015,-0.9102,1.3744,0.3048
0.8982,-0.3988,0.9841,-0.3783,1.0257,0.8167,1.3583,-0.9988,0.338,-0.0895,-0.1959,-0.6465,-1.9752,-0.9033,1.4092,0.2862
0.8982,-0.3988,0.9841,-0.3783,1.0257,0.8167,1.3583,-0.9988,0.338,-0.0895,-0.1959,-0.6465,-1.9752,-0.9033,1.4092,0.2862
0.8866,-0.4021,0.9669,-0.3809,1.022,0.8057,1.338,-0.997,0.3438,-0.0872,-0.1959,-0.6465,-1.9545,-0.9106,1.4092,0.2862
0.8866,-0.4021,0.9669,-0.3809,1.022,0.8057,1.338,-0.997,0.3438,-0.0872,-0.1959,-0.6465,-1.9545,-0.9106,1.4092,0.2862
0.86,-0.4038,0.9416,-0.3829,1.0183,0.7947,1.3149,-1.0048,0.3283,-0.0861,-0.2203,-0.6421,-1.9545,-0.9106,1.4062,0.2747
0.86,-0.4038,0.9416,-0.3829,1.0183,0.7947,1.3149,-1.0048,0.3283,-0.0861,-0.2203,-0.6421,-1.9545,-0.9106,1.4062,0.2747
0.86,-0.4038,0.9416,-0.3829,1.0183,0.7947,1.3149,-1.0048,0.3283,-0.0861,-0.2203,-0.6421,-1.9545,-0.9106,1.4062,0.2747
0.8128,-0.4055,0.9093,-0.391,0.9904,0.7862,1.2715,-1.0108,0.3014,-0.0894,-0.2313,-0.6466,-1.9545,-0.9106,1.3829,0.2767
0.8128,-0.4055,0.9093,-0.391,0.9904,0.7862,1.2715,-1.0108,0.3014,-0.0894,-0.2313,-0.6466,-1.9545,-0.9106,1.3829,0.2767
0.7657,-0.4073,0.867,-0.3957,0.9718,0.7805,1.2234,-1.0098,0.2706,-0.0871,-0.2385,-0.6567,-1.9677,-0.9141,1.3597,0.2786
0.7312,-0.4171,0.8268,-0.4032,0.9384,0.7801,1.1678,-1.0115,0.2285,-0.0893,-0.2607,-0.6657,-1.9941,-0.9209,1.3133,0.2825
0.7001,-0.4318,0.7838,-0.4118,0.8902,0.7849,1.1297,-1.0246,0.196,-0.0949,-0.2811,-0.6669,-2.0352,-0.9064,1.2959,0.2762
0.7001,-0.4318,0.7838,-0.4118,0.8902,0.7849,1.1297,-1.0246,0.196,-0.0949,-0.2811,-0.6669,-2.0352,-0.9064,1.2959,0.2762
0.6625,-0.4368,0.7309,-0.4169,0.8717,0.7792,1.0917,-1.0377,0.1484,-0.0994,-0.307,-0.6703,-2.082,-0.9059,1.2554,0.2718
0.6625,-0.4368,0.7309,-0.4169,0.8717,0.7792,1.0917,-1.0377,0.1484,-0.0994,-0.307,-0.6703,-2.082,-0.9059,1.2554,0.2718
0.6625,-0.4368,0.7309,-0.4169,0.8717,0.7792,1.0917,-1.0377,0.1484,-0.0994,-0.307,-0.6703,-2.082,-0.9059,1.2554,0.2718
0.6625,-0.4368,0.7309,-0.4169,0.8717,0.7792,1.0917,-1.0377,0.1484,-0.0994,-0.307,-0.6703,-2.082,-0.9059,1.2554,0.2718
0.6192,-0.4435,0.6851,-0.4266,0.8349,0.7678,1.0463,-1.0533,0.1066,-0.1016,-0.3367,-0.6682,-2.1082,-0.9128,1.2437,0.2572
0.6192,-0.4435,0.6851,-0.4266,0.8349,0.7678,1.0463,-1.0533,0.1066,-0.1016,-0.3367,-0.6682,-2.1082,-0.9128,1.2437,0.2572
0.558,-0.4437,0.6296,-0.4329,0.7834,0.7617,0.9838,-1.0576,0.0649,-0.1039,-0.3532,-0.6749,-2.1139,-0.9269,1.2264,0.2508
0.524,-0.4536,0.5891,-0.4444,0.7559,0.7531,0.9538,-1.0681,0.0233,-0.1062,-0.3789,-0.6784,-2.1269,-0.9303,1.1948,0.2496
0.4755,-0.4619,0.5339,-0.4506,0.7047,0.747,0.8917,-1.0724,-0.0066,-0.1253,-0.414,-0.6786,-2.153,-0.9371,1.1402,0.2502
0.4755,-0.4619,0.5339,-0.4506,0.7047,0.747,0.8917,-1.0724,-0.0066,-0.1253,-0.414,-0.6786,-2.153,-0.9371,1.1402,0.2502
0.4327,-0.4685,0.4868,-0.4575,0.6334,0.754,0.8373,-1.0742,-0.0385,-0.131,-0.4342,-0.6798,-2.1734,-0.9299,1.103,0.2572
0.4327,-0.4685,0.4868,-0.4575,0.6334,0.754,0.8373,-1.0742,-0.0385,-0.131,-0.4342,-0.6798,-2.1734,-0.9299,1.103,0.2572
0.4327,-0.4685,0.4868,-0.4575,0.6334,0.754,0.8373,-1.0742,-0.0385,-0.131,-0.4342,-0.6798,-2.1734,-0.9299,1.103,0.2572
0.3957,-0.4736,0.4379,-0.4616,0.577,0.7558,0.7953,-1.0803,-0.0647,-0.1343,-0.4675,-0.6722,-2.1734,-0.9299,1.0945,0.254
0.3957,-0.4736,0.4379,-0.4616,0.577,0.7558,0.7953,-1.0803,-0.0647,-0.1343,-0.4675,-0.6722,-2.1734,-0.9299,1.0945,0.254
0.3443,-0.4771,0.3843,-0.464,0.5409,0.7444,0.7412,-1.0821,-0.0948,-0.1322,-0.4969,-0.6701,-2.2011,-0.9121,1.0716,0.2559
0.3443,-0.4771,0.3843,-0.464,0.5409,0.7444,0.7412,-1.0821,-0.0948,-0.1322,-0.4969,-0.6701,-2.2011,-0.9121,1.0716,0.2559
0.2964,-0.4855,0.3347,-0.472,0.5105,0.725,0.68,-1.0866,-0.1265,-0.1378,-0.5263,-0.6681,-2.2271,-0.919,1.0545,0.2495
0.2964,-0.4855,0.3347,-0.472,0.5105,0.725,0.68,-1.0866,-0.1265,-0.1378,-0.5263,-0.6681,-2.2271,-0.919,1.0545,0.2495
0.2964,-0.4855,0.3347,-0.472,0.5105,0.725,0.68,-1.0866,-0.1265,-0.1378,-0.5263,-0.6681,-2.2271,-0.919,1.0545,0.2495
0.2531,-0.481,0.294,-0.4768,0.498,0.7114,0.6458,-1.0901,-0.1621,-0.1379,-0.5425,-0.6749,-2.2401,-0.9224,1.0317,0.2514
0.2531,-0.481,0.294,-0.4768,0.498,0.7114,0.6458,-1.0901,-0.1621,-0.1379,-0.5425,-0.6749,-2.2401,-0.9224,1.0317,0.2514
0.2077,-0.4829,0.2506,-0.4827,0.4711,0.7029,0.5922,-1.092,-0.2014,-0.1324,-0.5588,-0.6816,-2.266,-0.9293,1.009,0.2532
0.1657,-0.4897,0.2053,-0.4857,0.4243,0.7074,0.5389,-1.0939,-0.2384,-0.1404,-0.5842,-0.6851,-2.325,-0.9324,0.9636,0.2569
0.1657,-0.4897,0.2053,-0.4857,0.4243,0.7074,0.5389,-1.0939,-0.2384,-0.1404,-0.5842,-0.6851,-2.325,-0.9324,0.9636,0.2569
0.1205,-0.4917,0.1573,-0.4899,0.3742,0.7012,0.4904,-1.1027,-0.2682,-0.1382,-0.5988,-0.6841,-2.3378,-0.9359,0.9551,0.2537
0.1205,-0.4917,0.1573,-0.4899,0.3742,0.7012,0.4904,-1.1027,-0.2682,-0.1382,-0.5988,-0.6841,-2.3378,-0.9359,0.9551,0.2537
0.0931,-0.4999,0.1122,-0.493,0.3188,0.7028,0.4567,-1.1063,-0.3089,-0.1406,-0.6242,-0.6876,-2.3764,-0.9462,0.9098,0.2574
0.0931,-0.4999,0.1122,-0.493,0.3188,0.7028,0.4567,-1.1063,-0.3089,-0.1406,-0.6242,-0.6876,-2.3764,-0.9462,0.9098,0.2574
0.0514,-0.5066,0.0674,-0.4962,0.2779,0.6993,0.4157,-1.1126,-0.3478,-0.1352,-0.6441,-0.6889,-2.4093,-0.9425,0.8872,0.2592
0.0514,-0.5066,0.0674,-0.4962,0.2779,0.6993,0.4157,-1.1126,-0.3478,-0.1352,-0.6441,-0.6889,-2.4093,-0.9425,0.8872,0.2592
0.0263,-0.5085,0.0379,-0.5005,0.2568,0.6829,0.3702,-1.1119,-0.3774,-0.1332,-0.6587,-0.6879,-2.4221,-0.9459,0.8703,0.2528
0.0263,-0.5085,0.0379,-0.5005,0.2568,0.6829,0.3702,-1.1119,-0.3774,-0.1332,-0.6587,-0.6879,-2.4221,-0.9459,0.8703,0.2528
0.0569,-0.505,0.0597,-0.4956,0.2745,0.6886,0.3965,-1.1109,-0.3774,-0.1332,-0.6641,-0.6901,-2.4349,-0.9494,0.8562,0.2578
0.0569,-0.505,0.0597,-0.4956,0.2745,0.6886,0.3965,-1.1109,-0.3774,-0.1332,-0.6641,-0.6901,-2.4349,-0.9494,0.8562,0.2578
0.0569,-0.505,0.0597,-0.4956,0.2745,0.6886,0.3965,-1.1109,-0.3774,-0.1332,-0.6641,-0.6901,-2.4349,-0.9494,0.8562,0.2578
0.1371,-0.4867,0.1514,-0.4815,0.3365,0.7085,0.4784,-1.0985,-0.3127,-0.1351,-0.6479,-0.6834,-2.3965,-0.9391,0.8957,0.2624
0.1371,-0.4867,0.1514,-0.4815,0.3365,0.7085,0.4784,-1.0985,-0.3127,-0.1351,-0.6479,-0.6834,-2.3965,-0.9391,0.8957,0.2624
0.2887,-0.4647,0.2997,-0.4533,0.4635,0.7296,0.6241,-1.072,-0.1942,-0.1223,-0.5972,-0.6764,-2.2918,-0.9362,0.9607,0.2765
0.2887,-0.4647,0.2997,-0.4533,0.4635,0.7296,0.6241,-1.072,-0.1942,-0.1223,-0.5972,-0.6764,-2.2918,-0.9362,0.9607,0.2765
0.2887,-0.4647,0.2997,-0.4533,0.4635,0.7296,0.6241,-1.072,-0.1942,-0.1223,-0.5972,-0.6764,-2.2918,-0.9362,0.9607,0.2765
0.598,-0.4031,0.6633,-0.3952,0.763,0.7749,0.9746,-1.0175,0.0493,-0.0814,-0.4627,-0.6488,-2.1156,-0.9021,1.1461,0.3041
0.598,-0.4031,0.6633,-0.3952,0.763,0.7749,0.9746,-1.0175,0.0493,-0.0814,-0.4627,-0.6488,-2.1156,-0.9021,1.1461,0.3041
0.598,-0.4031,0.6633,-0.3952,0.763,0.7749,0.9746,-1.0175,0.0493,-0.0814,-0.4627,-0.6488,-2.1156,-0.9021,1.1461,0.3041
0.7248,-0.3781,0.8189,-0.37,0.9086,0.7906,1.133,-0.9885,0.1611,-0.0655,-0.3834,-0.6517,-2.0221,-0.9029,1.2411,0.308
0.7248,-0.3781,0.8189,-0.37,0.9086,0.7906,1.133,-0.9885,0.1611,-0.0655,-0.3834,-0.6517,-2.0221,-0.9029,1.2411,0.308
0.8295,-0.3598,0.9519,-0.3538,1.0071,0.811,1.2421,-0.9684,0.2567,-0.0565,-0.3114,-0.6435,-1.9562,-0.8858,1.3077,0.3221
0.8295,-0.3598,0.9519,-0.3538,1.0071,0.811,1.2421,-0.9684,0.2567,-0.0565,-0.3114,-0.6435,-1.9562,-0.8858,1.3077,0.3221
0.9603,-0.3578,1.086,-0.3376,1.125,0.8371,1.3829,-0.9377,0.3644,-0.043,-0.2186,-0.6342,-1.9239,-0.8647,1.3834,0.3393
0.9603,-0.3578,1.086,-0.3376,1.125,0.8371,1.3829,-0.9377,0.3644,-0.043,-0.2186,-0.6342,-1.9239,-0.8647,1.3834,0.3393
0.9603,-0.3578,1.086,-0.3376,1.125,0.8371,1.3829,-0.9377,0.3644,-0.043,-0.2186,-0.6342,-1.9239,-0.8647,1.3834,0.3393
0.9929,-0.3545,1.1126,-0.3316,1.1626,0.8485,1.4316,-0.9388,0.403,-0.0351,-0.1908,-0.6229,-1.9181,-0.8505,1.4097,0.3489
0.9929,-0.3545,1.1126,-0.3316,1.1626,0.8485,1.4316,-0.9388,0.403,-0.0351,-0.1908,-0.6229,-1.9181,-0.8505,1.4097,0.3489
0.9929,-0.3545,1.1126,-0.3316,1.1626,0.8485,1.4316,-0.9388,0.403,-0.0351,-0.1908,-0.6229,-1.9181,-0.8505,1.4097,0.3489
1.0105,-0.3496,1.1218,-0.3283,1.1966,0.8489,1.4549,-0.9309,0.4145,-0.0305,-0.1797,-0.6184,-1.8899,-0.8686,1.433,0.347
1.0105,-0.3496,1.1218,-0.3283,1.1966,0.8489,1.4549,-0.9309,0.4145,-0.0305,-0.1797,-0.6184,-1.8899,-0.8686,1.433,0.347
0.9963,-0.3594,1.1125,-0.3426,1.1928,0.8378,1.4521,-0.9406,0.399,-0.0294,-0.1703,-0.6217,-1.8974,-0.8578,1.4185,0.3521
0.9963,-0.3594,1.1125,-0.3426,1.1928,0.8378,1.4521,-0.9406,0.399,-0.0294,-0.1703,-0.6217,-1.8974,-0.8578,1.4185,0.3521
0.9637,-0.3628,1.0809,-0.3468,1.1438,0.8428,1.4161,-0.9441,0.3817,-0.0362,-0.172,-0.6296,-1.9107,-0.8613,1.4097,0.3489
0.9637,-0.3628,1.0809,-0.3468,1.1438,0.8428,1.4161,-0.9441,0.3817,-0.0362,-0.172,-0.6296,-1.9107,-0.8613,1.4097,0.3489
0.9462,-0.3677,1.0574,-0.3517,1.1136,0.8534,1.4006,-0.9493,0.3759,-0.0384,-0.172,-0.6296,-1.9107,-0.8613,1.3921,0.3425
0.9462,-0.3677,1.0574,-0.3517,1.1136,0.8534,1.4006,-0.9493,0.3759,-0.0384,-0.172,-0.6296,-1.9107,-0.8613,1.3921,0.3425
0.9462,-0.3677,1.0574,-0.3517,1.1136,0.8534,1.4006,-0.9493,0.3759,-0.0384,-0.172,-0.6296,-1.9107,-0.8613,1.3921,0.3425
0.9229,-0.3743,1.0289,-0.3547,1.0741,0.8612,1.3724,-0.9501,0.3662,-0.035,-0.1814,-0.6262,-1.8974,-0.8578,1.4125,0.329
0.9229,-0.3743,1.0289,-0.3547,1.0741,0.8612,1.3724,-0.9501,0.3662,-0.035,-0.1814,-0.6262,-1.8974,-0.8578,1.4125,0.329
0.9229,-0.3743,1.0289,-0.3547,1.0741,0.8612,1.3724,-0.9501,0.3662,-0.035,-0.1814,-0.6262,-1.8974,-0.8578,1.4125,0.329
0.9089,-0.3841,1.0055,-0.3596,1.0668,0.8391,1.3618,-0.9625,0.3546,-0.0395,-0.1964,-0.6252,-1.9107,-0.8613,1.4037,0.3258
0.8846,-0.3793,0.9933,-0.364,1.0631,0.8281,1.3492,-0.958,0.3471,-0.0498,-0.2169,-0.6264,-1.9032,-0.872,1.3949,0.3226
0.858,-0.381,0.9781,-0.3696,1.05,0.8142,1.3211,-0.9589,0.3219,-0.0452,-0.2225,-0.6286,-1.8958,-0.8828,1.3862,0.3194
0.858,-0.381,0.9781,-0.3696,1.05,0.8142,1.3211,-0.9589,0.3219,-0.0452,-0.2225,-0.6286,-1.8958,-0.8828,1.3862,0.3194
0.858,-0.381,0.9781,-0.3696,1.05,0.8142,1.3211,-0.9589,0.3219,-0.0452,-0.2225,-0.6286,-1.8958,-0.8828,1.3862,0.3194
0.8407,-0.3859,0.9659,-0.374,1.0557,0.8061,1.3008,-0.957,0.3047,-0.052,-0.2335,-0.6332,-1.9223,-0.8897,1.3629,0.3214
0.8407,-0.3859,0.9659,-0.374,1.0557,0.8061,1.3008,-0.957,0.3047,-0.052,-0.2335,-0.6332,-1.9223,-0.8897,1.3629,0.3214
0.8301,-0.4006,0.9507,-0.3795,1.037,0.8004,1.2777,-0.9649,0.2932,-0.0565,-0.2391,-0.6354,-1.9429,-0.8824,1.3396,0.3233
0.8301,-0.4006,0.9507,-0.3795,1.037,0.8004,1.2777,-0.9649,0.2932,-0.0565,-0.2391,-0.6354,-1.9429,-0.8824,1.3396,0.3233
0.8128,-0.4055,0.9275,-0.3844,1.0071,0.811,1.2595,-0.9799,0.276,-0.0633,-0.2501,-0.6399,-1.9768,-0.8785,1.3222,0.317
0.8128,-0.4055,0.9275,-0.3844,1.0071,0.811,1.2595,-0.9799,0.276,-0.0633,-0.2501,-0.6399,-1.9768,-0.8785,1.3222,0.317
0.7887,-0.4007,0.8972,-0.3846,0.9978,0.8081,1.2442,-0.9852,0.2549,-0.0644,-0.2651,-0.6389,-1.9975,-0.8712,1.3135,0.3138
0.7887,-0.4007,0.8972,-0.3846,0.9978,0.8081,1.2442,-0.9852,0.2549,-0.0644,-0.2651,-0.6389,-1.9975,-0.8712,1.3135,0.3138
0.7565,-0.4041,0.858,-0.3881,0.9792,0.8024,1.2087,-0.9886,0.2185,-0.0644,-0.2761,-0.6434,-1.99,-0.8819,1.2903,0.3157
0.7565,-0.4041,0.858,-0.3881,0.9792,0.8024,1.2087,-0.9886,0.2185,-0.0644,-0.2761,-0.6434,-1.99,-0.8819,1.2903,0.3157
0.7244,-0.4074,0.8228,-0.3974,0.9606,0.7967,1.1732,-0.9921,0.1821,-0.0644,-0.302,-0.6468,-2.0032,-0.8854,1.2527,0.3227
0.7244,-0.4074,0.8228,-0.3974,0.9606,0.7967,1.1732,-0.9921,0.1821,-0.0644,-0.302,-0.6468,-2.0032,-0.8854,1.2527,0.3227
0.6719,-0.4109,0.7818,-0.4089,0.9235,0.7853,1.1227,-1.0009,0.1537,-0.0757,-0.3224,-0.6481,-2.0163,-0.8888,1.2209,0.3214
0.6719,-0.4109,0.7818,-0.4089,0.9235,0.7853,1.1227,-1.0009,0.1537,-0.0757,-0.3224,-0.6481,-2.0163,-0.8888,1.2209,0.3214
0.6285,-0.4175,0.7388,-0.4176,0.8661,0.7873,1.0674,-1.0026,0.131,-0.0847,-0.3334,-0.6526,-2.0238,-0.8781,1.2123,0.3182
0.6285,-0.4175,0.7388,-0.4176,0.8661,0.7873,1.0674,-1.0026,0.131,-0.0847,-0.3334,-0.6526,-2.0238,-0.8781,1.2123,0.3182
0.5853,-0.4242,0.6861,-0.4227,0.8237,0.784,1.0171,-1.0113,0.1044,-0.0881,-0.3631,-0.6505,-2.0444,-0.8708,1.195,0.3118
0.5853,-0.4242,0.6861,-0.4227,0.8237,0.784,1.0171,-1.0113,0.1044,-0.0881,-0.3631,-0.6505,-2.0444,-0.8708,1.195,0.3118
0.5309,-0.4342,0.6246,-0.4311,0.7686,0.7669,0.9596,-1.0227,0.0627,-0.0904,-0.3982,-0.6507,-2.0501,-0.885,1.1633,0.3105
0.5309,-0.4342,0.6246,-0.4311,0.7686,0.7669,0.9596,-1.0227,0.0627,-0.0904,-0.3982,-0.6507,-2.0501,-0.885,1.1633,0.3105
0.479,-0.4377,0.5743,-0.4391,0.7467,0.7503,0.8974,-1.0271,0.0211,-0.0927,-0.4239,-0.6541,-2.0632,-0.8884,1.1461,0.3041
0.479,-0.4377,0.5743,-0.4391,0.7467,0.7503,0.8974,-1.0271,0.0211,-0.0927,-0.4239,-0.6541,-2.0632,-0.8884,1.1461,0.3041
0.479,-0.4377,0.5743,-0.4391,0.7467,0.7503,0.8974,-1.0271,0.0211,-0.0927,-0.4239,-0.6541,-2.0632,-0.8884,1.1461,0.3041
0.4306,-0.446,0.5192,-0.4454,0.7047,0.747,0.8355,-1.0316,-0.0204,-0.095,-0.4419,-0.6687,-2.0894,-0.8953,1.1146,0.3028
0.4306,-0.446,0.5192,-0.4454,0.7047,0.747,0.8355,-1.0316,-0.0204,-0.095,-0.4419,-0.6687,-2.0894,-0.8953,1.1146,0.3028
0.3824,-0.4544,0.4643,-0.4517,0.6536,0.7408,0.7786,-1.043,-0.0635,-0.1052,-0.4729,-0.6744,-2.136,-0.8949,1.0745,0.2983
0.3824,-0.4544,0.4643,-0.4517,0.6536,0.7408,0.7786,-1.043,-0.0635,-0.1052,-0.4729,-0.6744,-2.136,-0.8949,1.0745,0.2983
0.3343,-0.4628,0.4174,-0.4586,0.5972,0.7426,0.7172,-1.0475,-0.0953,-0.1109,-0.4893,-0.6812,-2.2029,-0.8874,1.0431,0.2969
0.2976,-0.4678,0.3706,-0.4656,0.5444,0.7552,0.6755,-1.0537,-0.127,-0.1166,-0.5186,-0.6791,-2.2566,-0.8765,1.026,0.2906
0.2609,-0.4729,0.3172,-0.468,0.5174,0.7466,0.6509,-1.0711,-0.1587,-0.1222,-0.5425,-0.6749,-2.2622,-0.8906,1.009,0.2842
0.2609,-0.4729,0.3172,-0.468,0.5174,0.7466,0.6509,-1.0711,-0.1587,-0.1222,-0.5425,-0.6749,-2.2622,-0.8906,1.009,0.2842
0.2609,-0.4729,0.3172,-0.468,0.5174,0.7466,0.6509,-1.0711,-0.1587,-0.1222,-0.5425,-0.6749,-2.2622,-0.8906,1.009,0.2842
0.2154,-0.4749,0.264,-0.4704,0.4849,0.7461,0.6046,-1.0704,-0.1997,-0.1246,-0.5718,-0.6728,-2.2604,-0.9152,0.972,0.291
0.2154,-0.4749,0.264,-0.4704,0.4849,0.7461,0.6046,-1.0704,-0.1997,-0.1246,-0.5718,-0.6728,-2.2604,-0.9152,0.972,0.291
0.2154,-0.4749,0.264,-0.4704,0.4849,0.7461,0.6046,-1.0704,-0.1997,-0.1246,-0.5718,-0.6728,-2.2604,-0.9152,0.972,0.291
0.1646,-0.4785,0.2149,-0.4785,0.4346,0.7398,0.556,-1.0792,-0.2593,-0.1204,-0.6064,-0.6731,-2.2992,-0.9256,0.9323,0.2865
0.1195,-0.4805,0.1668,-0.4827,0.4078,0.7312,0.5148,-1.0854,-0.2907,-0.1261,-0.6264,-0.6744,-2.2918,-0.9362,0.9012,0.2851
0.0832,-0.4856,0.1256,-0.4914,0.3611,0.7357,0.4736,-1.0916,-0.3314,-0.1285,-0.6556,-0.6724,-2.325,-0.9324,0.8645,0.2919
0.0832,-0.4856,0.1256,-0.4914,0.3611,0.7357,0.4736,-1.0916,-0.3314,-0.1285,-0.6556,-0.6724,-2.325,-0.9324,0.8645,0.2919
0.0416,-0.4924,0.0826,-0.4973,0.3201,0.7323,0.4159,-1.0868,-0.3572,-0.1319,-0.6793,-0.6681,-2.3323,-0.9219,0.8561,0.2887
0.0416,-0.4924,0.0826,-0.4973,0.3201,0.7323,0.4159,-1.0868,-0.3572,-0.1319,-0.6793,-0.6681,-2.3323,-0.9219,0.8561,0.2887
0.0416,-0.4924,0.0826,-0.4973,0.3201,0.7323,0.4159,-1.0868,-0.3572,-0.1319,-0.6793,-0.6681,-2.3323,-0.9219,0.8561,0.2887
-0.0174,-0.493,0.0293,-0.5038,0.2614,0.7231,0.3679,-1.0957,-0.3922,-0.1321,-0.7084,-0.6662,-2.3452,-0.9253,0.8449,0.2741
-0.0174,-0.493,0.0293,-0.5038,0.2614,0.7231,0.3679,-1.0957,-0.3922,-0.1321,-0.7084,-0.6662,-2.3452,-0.9253,0.8449,0.2741
-0.0675,-0.4968,-0.0182,-0.508,0.2261,0.7117,0.3153,-1.0977,-0.4179,-0.1356,-0.7335,-0.6697,-2.358,-0.9287,0.828,0.2678
-0.0675,-0.4968,-0.0182,-0.508,0.2261,0.7117,0.3153,-1.0977,-0.4179,-0.1356,-0.7335,-0.6697,-2.358,-0.9287,0.828,0.2678
-0.1207,-0.4958,-0.0655,-0.5123,0.1909,0.7003,0.27,-1.0972,-0.4528,-0.1358,-0.7496,-0.6765,-2.391,-0.9251,0.8055,0.2696
-0.1207,-0.4958,-0.0655,-0.5123,0.1909,0.7003,0.27,-1.0972,-0.4528,-0.1358,-0.7496,-0.6765,-2.391,-0.9251,0.8055,0.2696
-0.1207,-0.4958,-0.0655,-0.5123,0.1909,0.7003,0.27,-1.0972,-0.4528,-0.1358,-0.7496,-0.6765,-2.391,-0.9251,0.8055,0.2696
-0.1315,-0.4991,-0.0796,-0.5178,0.1788,0.6867,0.2272,-1.0872,-0.4729,-0.1371,-0.7564,-0.6865,-2.4166,-0.9319,0.7831,0.2713
-0.1315,-0.4991,-0.0796,-0.5178,0.1788,0.6867,0.2272,-1.0872,-0.4729,-0.1371,-0.7564,-0.6865,-2.4166,-0.9319,0.7831,0.2713
-0.1315,-0.4991,-0.0796,-0.5178,0.1788,0.6867,0.2272,-1.0872,-0.4729,-0.1371,-0.7564,-0.6865,-2.4166,-0.9319,0.7831,0.2713
0.0186,-0.4879,0.053,-0.4911,0.2956,0.705,0.3561,-1.0656,-0.3851,-0.1221,-0.7221,-0.6862,-2.4057,-0.9039,0.8392,0.2823
0.0186,-0.4879,0.053,-0.4911,0.2956,0.705,0.3561,-1.0656,-0.3851,-0.1221,-0.7221,-0.6862,-2.4057,-0.9039,0.8392,0.2823
0.0186,-0.4879,0.053,-0.4911,0.2956,0.705,0.3561,-1.0656,-0.3851,-0.1221,-0.7221,-0.6862,-2.4057,-0.9039,0.8392,0.2823
0.1713,-0.4593,0.2138,-0.4612,0.4401,0.7318,0.5127,-1.0431,-0.2726,-0.1115,-0.6679,-0.6846,-2.3341,-0.8972,0.9012,0.2851
0.1713,-0.4593,0.2138,-0.4612,0.4401,0.7318,0.5127,-1.0431,-0.2726,-0.1115,-0.6679,-0.6846,-2.3341,-0.8972,0.9012,0.2851
0.1713,-0.4593,0.2138,-0.4612,0.4401,0.7318,0.5127,-1.0431,-0.2726,-0.1115,-0.6679,-0.6846,-2.3341,-0.8972,0.9012,0.2851
0.5165,-0.4035,0.5871,-0.3985,0.7666,0.7859,0.893,-0.9939,-0.0153,-0.0713,-0.5193,-0.6581,-2.1173,-0.8774,1.0888,0.3244
0.5165,-0.4035,0.5871,-0.3985,0.7666,0.7859,0.893,-0.9939,-0.0153,-0.0713,-0.5193,-0.6581,-2.1173,-0.8774,1.0888,0.3244
0.5165,-0.4035,0.5871,-0.3985,0.7666,0.7859,0.893,-0.9939,-0.0153,-0.0713,-0.5193,-0.6581,-2.1173,-0.8774,1.0888,0.3244
0.6574,-0.3801,0.7489,-0.3778,0.8974,0.8068,1.063,-0.9691,0.1001,-0.061,-0.4479,-0.6498,-2.0444,-0.8708,1.1404,0.3436
0.6574,-0.3801,0.7489,-0.3778,0.8974,0.8068,1.063,-0.9691,0.1001,-0.061,-0.4479,-0.6498,-2.0444,-0.8708,1.1404,0.3436
0.7708,-0.3649,0.8843,-0.3604,0.9901,0.8354,1.1918,-0.9506,0.1874,-0.0406,-0.3708,-0.6394,-1.9653,-0.8501,1.2008,0.3661
0.8377,-0.3516,0.964,-0.3493,1.0311,0.8579,1.2684,-0.9242,0.2524,-0.0292,-0.323,-0.6268,-1.9049,-0.8471,1.2644,0.3688
0.8377,-0.3516,0.964,-0.3493,1.0311,0.8579,1.2684,-0.9242,0.2524,-0.0292,-0.323,-0.6268,-1.9049,-0.8471,1.2644,0.3688
0.8851,-0.3498,1.0178,-0.3442,1.0741,0.8612,1.3273,-0.9127,0.3119,-0.0201,-0.275,-0.6143,-1.8517,-0.8333,1.3224,0.3797
0.8851,-0.3498,1.0178,-0.3442,1.0741,0.8612,1.3273,-0.9127,0.3119,-0.0201,-0.275,-0.6143,-1.8517,-0.8333,1.3224,0.3797
0.8851,-0.3498,1.0178,-0.3442,1.0741,0.8612,1.3273,-0.9127,0.3119,-0.0201,-0.275,-0.6143,-1.8517,-0.8333,1.3224,0.3797
0.8967,-0.3465,1.0412,-0.3394,1.1042,0.8506,1.3477,-0.9145,0.3485,-0.0201,-0.2396,-0.6141,-1.8384,-0.8298,1.3602,0.3727
0.8967,-0.3465,1.0412,-0.3394,1.1042,0.8506,1.3477,-0.9145,0.3485,-0.0201,-0.2396,-0.6141,-1.8384,-0.8298,1.3602,0.3727
0.8967,-0.3465,1.0412,-0.3394,1.1042,0.8506,1.3477,-0.9145,0.3485,-0.0201,-0.2396,-0.6141,-1.8384,-0.8298,1.3602,0.3727
0.8967,-0.3465,1.0544,-0.3418,1.1344,0.8399,1.3378,-0.9002,0.364,-0.0213,-0.2191,-0.6129,-1.8309,-0.8406,1.369,0.3759
0.8967,-0.3465,1.0544,-0.3418,1.1344,0.8399,1.3378,-0.9002,0.364,-0.0213,-0.2191,-0.6129,-1.8309,-0.8406,1.369,0.3759
0.8967,-0.3465,1.0544,-0.3418,1.1344,0.8399,1.3378,-0.9002,0.364,-0.0213,-0.2191,-0.6129,-1.8309,-0.8406,1.369,0.3759
0.8885,-0.3547,1.0473,-0.3481,1.1344,0.8399,1.3223,-0.9056,0.364,-0.0213,-0.2191,-0.6129,-1.8309,-0.8406,1.3893,0.3624
0.8885,-0.3547,1.0473,-0.3481,1.1344,0.8399,1.3223,-0.9056,0.364,-0.0213,-0.2191,-0.6129,-1.8309,-0.8406,1.3893,0.3624
0.871,-0.3597,1.0208,-0.354,1.1099,0.8424,1.3119,-0.918,0.3467,-0.0281,-0.2302,-0.6174,-1.865,-0.8367,1.366,0.3643
0.8571,-0.3695,0.9893,-0.3582,1.0911,0.8367,1.2887,-0.926,0.3352,-0.0327,-0.2302,-0.6174,-1.865,-0.8367,1.3602,0.3727
0.8305,-0.3712,0.968,-0.366,1.0668,0.8391,1.2909,-0.9428,0.2986,-0.0326,-0.2468,-0.6242,-1.8841,-0.8544,1.3427,0.3663
0.8305,-0.3712,0.968,-0.366,1.0668,0.8391,1.2909,-0.9428,0.2986,-0.0326,-0.2468,-0.6242,-1.8841,-0.8544,1.3427,0.3663
0.8305,-0.3712,0.968,-0.366,1.0668,0.8391,1.2909,-0.9428,0.2986,-0.0326,-0.2468,-0.6242,-1.8841,-0.8544,1.3427,0.3663
0.8098,-0.3713,0.9467,-0.3738,1.0631,0.8281,1.2755,-0.9481,0.2717,-0.036,-0.2579,-0.6288,-1.8766,-0.8652,1.3195,0.3682
0.8098,-0.3713,0.9467,-0.3738,1.0631,0.8281,1.2755,-0.9481,0.2717,-0.036,-0.2579,-0.6288,-1.8766,-0.8652,1.3195,0.3682
0.8098,-0.3713,0.9467,-0.3738,1.0631,0.8281,1.2755,-0.9481,0.2717,-0.036,-0.2579,-0.6288,-1.8766,-0.8652,1.3195,0.3682
0.7925,-0.3762,0.9295,-0.3764,1.0444,0.8224,1.2602,-0.9534,0.2642,-0.0462,-0.2634,-0.631,-1.8899,-0.8686,1.2963,0.3701
0.7925,-0.3762,0.9295,-0.3764,1.0444,0.8224,1.2602,-0.9534,0.2642,-0.0462,-0.2634,-0.631,-1.8899,-0.8686,1.2963,0.3701
0.7752,-0.3812,0.9144,-0.382,1.0014,0.8191,1.2322,-0.9542,0.2528,-0.0508,-0.2689,-0.6333,-1.8899,-0.8686,1.3021,0.3617
0.7752,-0.3812,0.9144,-0.382,1.0014,0.8191,1.2322,-0.9542,0.2528,-0.0508,-0.2689,-0.6333,-1.8899,-0.8686,1.3021,0.3617
0.7752,-0.3812,0.9144,-0.382,1.0014,0.8191,1.2322,-0.9542,0.2528,-0.0508,-0.2689,-0.6333,-1.8899,-0.8686,1.3021,0.3617
0.743,-0.3846,0.8851,-0.389,0.9792,0.8024,1.2044,-0.9551,0.247,-0.0531,-0.2877,-0.6267,-1.8766,-0.8652,1.3166,0.3566
0.743,-0.3846,0.8851,-0.389,0.9792,0.8024,1.2044,-0.9551,0.247,-0.0531,-0.2877,-0.6267,-1.8766,-0.8652,1.3166,0.3566
0.743,-0.3846,0.8851,-0.389,0.9792,0.8024,1.2044,-0.9551,0.247,-0.0531,-0.2877,-0.6267,-1.8766,-0.8652,1.3166,0.3566
0.7133,-0.3814,0.863,-0.3899,0.955,0.8048,1.1765,-0.9559,0.2356,-0.0576,-0.2987,-0.6312,-1.8766,-0.8652,1.3223,0.3483
0.6937,-0.3929,0.8339,-0.397,0.9272,0.7963,1.1335,-0.9621,0.2145,-0.0587,-0.3098,-0.6357,-1.8899,-0.8686,1.2991,0.3502
0.6937,-0.3929,0.8339,-0.397,0.9272,0.7963,1.1335,-0.9621,0.2145,-0.0587,-0.3098,-0.6357,-1.8899,-0.8686,1.2991,0.3502
0.6675,-0.3946,0.8028,-0.4012,0.9179,0.7934,1.1058,-0.963,0.1878,-0.0621,-0.3208,-0.6402,-1.9314,-0.854,1.2759,0.3521
0.6332,-0.4045,0.7658,-0.4076,0.8845,0.793,1.0679,-0.9762,0.1611,-0.0655,-0.345,-0.6359,-1.986,-0.8428,1.2585,0.3457
0.6332,-0.4045,0.7658,-0.4076,0.8845,0.793,1.0679,-0.9762,0.1611,-0.0655,-0.345,-0.6359,-1.986,-0.8428,1.2585,0.3457
0.6332,-0.4045,0.7658,-0.4076,0.8845,0.793,1.0679,-0.9762,0.1611,-0.0655,-0.345,-0.6359,-1.986,-0.8428,1.2585,0.3457
0.6071,-0.4063,0.7269,-0.4112,0.8753,0.7901,1.0452,-0.9841,0.1249,-0.0655,-0.3614,-0.6427,-1.9992,-0.8463,1.2469,0.331
0.6071,-0.4063,0.7269,-0.4112,0.8753,0.7901,1.0452,-0.9841,0.1249,-0.0655,-0.3614,-0.6427,-1.9992,-0.8463,1.2469,0.331
0.6071,-0.4063,0.7269,-0.4112,0.8753,0.7901,1.0452,-0.9841,0.1249,-0.0655,-0.3614,-0.6427,-1.9992,-0.8463,1.2469,0.331
0.5662,-0.4065,0.6821,-0.417,0.842,0.7897,1.015,-0.9947,0.0927,-0.0712,-0.3817,-0.6439,-2.0181,-0.8639,1.2152,0.3297
