-34.855,-9.7551,-83.328,16.044,-24.108,-47.667,-113.95,-68.189,41.967,25.952,-56.398,66.584,-24.093,-23.043,-142.16,9.7195
-34.855,-9.7551,-83.328,16.044,-24.108,-47.667,-113.95,-68.189,41.967,25.952,-56.398,66.584,-24.093,-23.043,-142.16,9.7195
-34.758,-9.5497,-83.17,16.139,-24.025,-47.57,-113.93,-68.072,42.104,26.127,-56.298,66.677,-23.962,-22.971,-142.11,9.9103
-34.758,-9.5497,-83.17,16.139,-24.025,-47.57,-113.93,-68.072,42.104,26.127,-56.298,66.677,-23.962,-22.971,-142.11,9.9103
-34.661,-9.3439,-83.012,16.234,-23.942,-47.473,-113.91,-67.954,42.239,26.302,-56.198,66.769,-23.83,-22.899,-142.06,10.102
-34.661,-9.3439,-83.012,16.234,-23.942,-47.473,-113.91,-67.954,42.239,26.302,-56.198,66.769,-23.83,-22.899,-142.06,10.102
-34.661,-9.3439,-83.012,16.234,-23.942,-47.473,-113.91,-67.954,42.239,26.302,-56.198,66.769,-23.83,-22.899,-142.06,10.102
-34.565,-9.1378,-82.854,16.329,-23.858,-47.375,-113.89,-67.836,42.371,26.474,-56.099,66.86,-23.699,-22.828,-142,10.293
-34.565,-9.1378,-82.854,16.329,-23.858,-47.375,-113.89,-67.836,42.371,26.474,-56.099,66.86,-23.699,-22.828,-142,10.293
-34.565,-9.1378,-82.854,16.329,-23.858,-47.375,-113.89,-67.836,42.371,26.474,-56.099,66.86,-23.699,-22.828,-142,10.293
-34.374,-8.7247,-82.537,16.519,-23.691,-47.179,-113.85,-67.596,42.628,26.816,-55.902,67.038,-23.436,-22.688,-141.88,10.678
-34.374,-8.7247,-82.537,16.519,-23.691,-47.179,-113.85,-67.596,42.628,26.816,-55.902,67.038,-23.436,-22.688,-141.88,10.678
-34.374,-8.7247,-82.537,16.519,-23.691,-47.179,-113.85,-67.596,42.628,26.816,-55.902,67.038,-23.436,-22.688,-141.88,10.678
-34.374,-8.7247,-82.537,16.519,-23.691,-47.179,-113.85,-67.596,42.628,26.816,-55.902,67.038,-23.436,-22.688,-141.88,10.678
-34.185,-8.3104,-82.22,16.71,-23.524,-46.983,-113.8,-67.352,42.875,27.151,-55.708,67.21,-23.174,-22.549,-141.75,11.066
-34.185,-8.3104,-82.22,16.71,-23.524,-46.983,-113.8,-67.352,42.875,27.151,-55.708,67.21,-23.174,-22.549,-141.75,11.066
-34.185,-8.3104,-82.22,16.71,-23.524,-46.983,-113.8,-67.352,42.875,27.151,-55.708,67.21,-23.174,-22.549,-141.75,11.066
-34.091,-8.1028,-82.061,16.805,-23.441,-46.885,-113.77,-67.229,42.995,27.317,-55.612,67.295,-23.043,-22.48,-141.68,11.26
-34.091,-8.1028,-82.061,16.805,-23.441,-46.885,-113.77,-67.229,42.995,27.317,-55.612,67.295,-23.043,-22.48,-141.68,11.26
-33.906,-7.687,-81.743,16.996,-23.273,-46.687,-113.71,-66.98,43.227,27.643,-55.421,67.459,-22.782,-22.345,-141.53,11.65
-33.906,-7.687,-81.743,16.996,-23.273,-46.687,-113.71,-66.98,43.227,27.643,-55.421,67.459,-22.782,-22.345,-141.53,11.65
-33.906,-7.687,-81.743,16.996,-23.273,-46.687,-113.71,-66.98,43.227,27.643,-55.421,67.459,-22.782,-22.345,-141.53,11.65
-33.813,-7.4787,-81.584,17.092,-23.189,-46.588,-113.68,-66.854,43.34,27.804,-55.326,67.54,-22.651,-22.278,-141.46,11.845
-33.813,-7.4787,-81.584,17.092,-23.189,-46.588,-113.68,-66.854,43.34,27.804,-55.326,67.54,-22.651,-22.278,-141.46,11.845
-33.813,-7.4787,-81.584,17.092,-23.189,-46.588,-113.68,-66.854,43.34,27.804,-55.326,67.54,-22.651,-22.278,-141.46,11.845
-33.722,-7.2702,-81.425,17.187,-23.106,-46.489,-113.64,-66.727,43.449,27.964,-55.232,67.619,-22.521,-22.211,-141.38,12.042
-33.631,-7.0615,-81.266,17.283,-23.022,-46.39,-113.61,-66.599,43.557,28.122,-55.139,67.696,-22.39,-22.145,-141.3,12.238
-33.631,-7.0615,-81.266,17.283,-23.022,-46.39,-113.61,-66.599,43.557,28.122,-55.139,67.696,-22.39,-22.145,-141.3,12.238
-33.54,-6.8526,-81.107,17.379,-22.938,-46.29,-113.57,-66.471,43.661,28.279,-55.046,67.773,-22.26,-22.079,-141.21,12.435
-33.54,-6.8526,-81.107,17.379,-22.938,-46.29,-113.57,-66.471,43.661,28.279,-55.046,67.773,-22.26,-22.079,-141.21,12.435
-33.45,-6.6435,-80.948,17.474,-22.854,-46.191,-113.53,-66.341,43.763,28.434,-54.954,67.848,-22.129,-22.014,-141.12,12.633
-33.45,-6.6435,-80.948,17.474,-22.854,-46.191,-113.53,-66.341,43.763,28.434,-54.954,67.848,-22.129,-22.014,-141.12,12.633
-33.361,-6.4343,-80.789,17.57,-22.77,-46.091,-113.49,-66.21,43.863,28.588,-54.863,67.921,-21.999,-21.949,-141.03,12.831
-33.361,-6.4343,-80.789,17.57,-22.77,-46.091,-113.49,-66.21,43.863,28.588,-54.863,67.921,-21.999,-21.949,-141.03,12.831
-33.361,-6.4343,-80.789,17.57,-22.77,-46.091,-113.49,-66.21,43.863,28.588,-54.863,67.921,-21.999,-21.949,-141.03,12.831
-33.272,-6.2249,-80.63,17.666,-22.686,-45.991,-113.45,-66.078,43.96,28.74,-54.772,67.994,-21.868,-21.884,-140.94,13.029
-33.272,-6.2249,-80.63,17.666,-22.686,-45.991,-113.45,-66.078,43.96,28.74,-54.772,67.994,-21.868,-21.884,-140.94,13.029
-33.272,-6.2249,-80.63,17.666,-22.686,-45.991,-113.45,-66.078,43.96,28.74,-54.772,67.994,-21.868,-21.884,-140.94,13.029
-33.272,-6.2249,-80.63,17.666,-22.686,-45.991,-113.45,-66.078,43.96,28.74,-54.772,67.994,-21.868,-21.884,-140.94,13.029
-33.096,-5.8057,-80.311,17.858,-22.517,-45.79,-113.36,-65.812,44.146,29.04,-54.592,68.134,-21.608,-21.757,-140.75,13.428
-33.096,-5.8057,-80.311,17.858,-22.517,-45.79,-113.36,-65.812,44.146,29.04,-54.592,68.134,-21.608,-21.757,-140.75,13.428
-33.096,-5.8057,-80.311,17.858,-22.517,-45.79,-113.36,-65.812,44.146,29.04,-54.592,68.134,-21.608,-21.757,-140.75,13.428
-32.922,-5.3859,-79.994,18.05,-22.348,-45.588,-113.26,-65.541,44.322,29.334,-54.414,68.269,-21.347,-21.631,-140.55,13.828
-32.922,-5.3859,-79.994,18.05,-22.348,-45.588,-113.26,-65.541,44.322,29.334,-54.414,68.269,-21.347,-21.631,-140.55,13.828
-32.922,-5.3859,-79.994,18.05,-22.348,-45.588,-113.26,-65.541,44.322,29.334,-54.414,68.269,-21.347,-21.631,-140.55,13.828
-32.836,-5.1759,-79.835,18.146,-22.264,-45.487,-113.21,-65.404,44.407,29.479,-54.326,68.335,-21.217,-21.569,-140.44,14.028
-32.751,-4.9658,-79.676,18.242,-22.179,-45.386,-113.16,-65.267,44.488,29.622,-54.239,68.399,-21.087,-21.507,-140.33,14.23
-32.751,-4.9658,-79.676,18.242,-22.179,-45.386,-113.16,-65.267,44.488,29.622,-54.239,68.399,-21.087,-21.507,-140.33,14.23
-32.666,-4.7556,-79.517,18.338,-22.095,-45.285,-113.1,-65.128,44.567,29.763,-54.153,68.461,-20.957,-21.446,-140.22,14.431
-32.666,-4.7556,-79.517,18.338,-22.095,-45.285,-113.1,-65.128,44.567,29.763,-54.153,68.461,-20.957,-21.446,-140.22,14.431
-32.582,-4.5454,-79.359,18.434,-22.01,-45.183,-113.05,-64.988,44.643,29.903,-54.067,68.523,-20.827,-21.385,-140.11,14.633
-32.582,-4.5454,-79.359,18.434,-22.01,-45.183,-113.05,-64.988,44.643,29.903,-54.067,68.523,-20.827,-21.385,-140.11,14.633
-32.499,-4.3351,-79.2,18.531,-21.926,-45.082,-112.99,-64.847,44.717,30.042,-53.981,68.582,-20.696,-21.325,-139.99,14.836
-32.499,-4.3351,-79.2,18.531,-21.926,-45.082,-112.99,-64.847,44.717,30.042,-53.981,68.582,-20.696,-21.325,-139.99,14.836
-32.416,-4.1247,-79.041,18.627,-21.841,-44.98,-112.93,-64.705,44.788,30.179,-53.897,68.641,-20.566,-21.265,-139.87,15.038
-32.416,-4.1247,-79.041,18.627,-21.841,-44.98,-112.93,-64.705,44.788,30.179,-53.897,68.641,-20.566,-21.265,-139.87,15.038
-32.333,-3.9144,-78.883,18.723,-21.756,-44.878,-112.87,-64.562,44.857,30.314,-53.813,68.698,-20.436,-21.205,-139.75,15.242
-32.333,-3.9144,-78.883,18.723,-21.756,-44.878,-112.87,-64.562,44.857,30.314,-53.813,68.698,-20.436,-21.205,-139.75,15.242
-32.252,-3.704,-78.725,18.82,-21.671,-44.775,-112.8,-64.418,44.923,30.448,-53.729,68.753,-20.306,-21.146,-139.62,15.445
-32.252,-3.704,-78.725,18.82,-21.671,-44.775,-112.8,-64.418,44.923,30.448,-53.729,68.753,-20.306,-21.146,-139.62,15.445
-32.17,-3.4936,-78.567,18.916,-21.586,-44.673,-112.74,-64.273,44.986,30.58,-53.646,68.808,-20.175,-21.087,-139.49,15.649
-32.17,-3.4936,-78.567,18.916,-21.586,-44.673,-112.74,-64.273,44.986,30.58,-53.646,68.808,-20.175,-21.087,-139.49,15.649
-32.09,-3.2832,-78.409,19.012,-21.501,-44.57,-112.67,-64.127,45.046,30.711,-53.564,68.86,-20.045,-21.028,-139.36,15.854
-32.01,-3.0728,-78.251,19.109,-21.415,-44.467,-112.6,-63.98,45.104,30.84,-53.483,68.912,-19.915,-20.97,-139.23,16.059
-32.01,-3.0728,-78.251,19.109,-21.415,-44.467,-112.6,-63.98,45.104,30.84,-53.483,68.912,-19.915,-20.97,-139.23,16.059
-32.01,-3.0728,-78.251,19.109,-21.415,-44.467,-112.6,-63.98,45.104,30.84,-53.483,68.912,-19.915,-20.97,-139.23,16.059
-31.931,-2.8625,-78.093,19.205,-21.33,-44.364,-112.52,-63.831,45.16,30.968,-53.402,68.962,-19.785,-20.913,-139.09,16.264
-31.931,-2.8625,-78.093,19.205,-21.33,-44.364,-112.52,-63.831,45.16,30.968,-53.402,68.962,-19.785,-20.913,-139.09,16.264
-31.931,-2.8625,-78.093,19.205,-21.33,-44.364,-112.52,-63.831,45.16,30.968,-53.402,68.962,-19.785,-20.913,-139.09,16.264
-31.852,-2.6522,-77.936,19.302,-21.245,-44.261,-112.45,-63.682,45.212,31.094,-53.322,69.01,-19.654,-20.855,-138.95,16.47
-31.852,-2.6522,-77.936,19.302,-21.245,-44.261,-112.45,-63.682,45.212,31.094,-53.322,69.01,-19.654,-20.855,-138.95,16.47
-31.852,-2.6522,-77.936,19.302,-21.245,-44.261,-112.45,-63.682,45.212,31.094,-53.322,69.01,-19.654,-20.855,-138.95,16.47
-31.697,-2.2318,-77.621,19.495,-21.074,-44.054,-112.3,-63.38,45.31,31.341,-53.163,69.102,-19.393,-20.742,-138.66,16.882
-31.697,-2.2318,-77.621,19.495,-21.074,-44.054,-112.3,-63.38,45.31,31.341,-53.163,69.102,-19.393,-20.742,-138.66,16.882
-31.697,-2.2318,-77.621,19.495,-21.074,-44.054,-112.3,-63.38,45.31,31.341,-53.163,69.102,-19.393,-20.742,-138.66,16.882
-31.62,-2.0217,-77.464,19.592,-20.988,-43.95,-112.21,-63.227,45.354,31.462,-53.085,69.146,-19.263,-20.686,-138.51,17.089
-31.544,-1.8116,-77.307,19.688,-20.902,-43.846,-112.13,-63.074,45.396,31.582,-53.008,69.189,-19.132,-20.63,-138.36,17.296
-31.469,-1.6017,-77.151,19.785,-20.816,-43.742,-112.05,-62.919,45.436,31.7,-52.931,69.23,-19.002,-20.574,-138.2,17.504
-31.469,-1.6017,-77.151,19.785,-20.816,-43.742,-112.05,-62.919,45.436,31.7,-52.931,69.23,-19.002,-20.574,-138.2,17.504
-31.469,-1.6017,-77.151,19.785,-20.816,-43.742,-112.05,-62.919,45.436,31.7,-52.931,69.23,-19.002,-20.574,-138.2,17.504
-31.394,-1.3919,-76.994,19.881,-20.73,-43.637,-111.96,-62.763,45.472,31.816,-52.854,69.27,-18.871,-20.519,-138.05,17.712
-31.394,-1.3919,-76.994,19.881,-20.73,-43.637,-111.96,-62.763,45.472,31.816,-52.854,69.27,-18.871,-20.519,-138.05,17.712
-31.32,-1.1822,-76.838,19.978,-20.644,-43.533,-111.87,-62.606,45.507,31.931,-52.779,69.308,-18.74,-20.465,-137.88,17.92
-31.32,-1.1822,-76.838,19.978,-20.644,-43.533,-111.87,-62.606,45.507,31.931,-52.779,69.308,-18.74,-20.465,-137.88,17.92
-31.247,-0.9726,-76.682,20.075,-20.558,-43.428,-111.78,-62.448,45.538,32.044,-52.703,69.345,-18.609,-20.41,-137.72,18.128
-31.174,-0.76317,-76.526,20.172,-20.472,-43.323,-111.69,-62.289,45.567,32.156,-52.629,69.38,-18.478,-20.356,-137.55,18.337
-31.174,-0.76317,-76.526,20.172,-20.472,-43.323,-111.69,-62.289,45.567,32.156,-52.629,69.38,-18.478,-20.356,-137.55,18.337
-31.174,-0.76317,-76.526,20.172,-20.472,-43.323,-111.69,-62.289,45.567,32.156,-52.629,69.38,-18.478,-20.356,-137.55,18.337
-31.102,-0.55389,-76.371,20.268,-20.386,-43.218,-111.59,-62.128,45.593,32.266,-52.555,69.414,-18.347,-20.302,-137.38,18.547
-31.031,-0.34478,-76.215,20.365,-20.299,-43.112,-111.49,-61.967,45.616,32.374,-52.482,69.446,-18.216,-20.249,-137.21,18.756
-31.031,-0.34478,-76.215,20.365,-20.299,-43.112,-111.49,-61.967,45.616,32.374,-52.482,69.446,-18.216,-20.249,-137.21,18.756
-31.031,-0.34478,-76.215,20.365,-20.299,-43.112,-111.49,-61.967,45.616,32.374,-52.482,69.446,-18.216,-20.249,-137.21,18.756
-30.96,-0.13583,-76.06,20.462,-20.213,-43.007,-111.39,-61.804,45.637,32.481,-52.41,69.477,-18.085,-20.196,-137.03,18.966
-30.96,-0.13583,-76.06,20.462,-20.213,-43.007,-111.39,-61.804,45.637,32.481,-52.41,69.477,-18.085,-20.196,-137.03,18.966
-30.89,0.072923,-75.905,20.559,-20.126,-42.901,-111.29,-61.64,45.655,32.586,-52.338,69.506,-17.953,-20.143,-136.86,19.177
-30.89,0.072923,-75.905,20.559,-20.126,-42.901,-111.29,-61.64,45.655,32.586,-52.338,69.506,-17.953,-20.143,-136.86,19.177
-30.821,0.28149,-75.751,20.656,-20.039,-42.795,-111.19,-61.475,45.67,32.69,-52.266,69.533,-17.822,-20.091,-136.67,19.387
-30.821,0.28149,-75.751,20.656,-20.039,-42.795,-111.19,-61.475,45.67,32.69,-52.266,69.533,-17.822,-20.091,-136.67,19.387
-30.752,0.48984,-75.596,20.753,-19.952,-42.689,-111.08,-61.309,45.683,32.792,-52.196,69.56,-17.69,-20.039,-136.49,19.598
-30.752,0.48984,-75.596,20.753,-19.952,-42.689,-111.08,-61.309,45.683,32.792,-52.196,69.56,-17.69,-20.039,-136.49,19.598
-30.752,0.48984,-75.596,20.753,-19.952,-42.689,-111.08,-61.309,45.683,32.792,-52.196,69.56,-17.69,-20.039,-136.49,19.598
-30.752,0.48984,-75.596,20.753,-19.952,-42.689,-111.08,-61.309,45.683,32.792,-52.196,69.56,-17.69,-20.039,-136.49,19.598
-30.617,0.90589,-75.288,20.946,-19.778,-42.475,-110.86,-60.973,45.701,32.991,-52.056,69.608,-17.427,-19.935,-136.11,20.021
-30.617,0.90589,-75.288,20.946,-19.778,-42.475,-110.86,-60.973,45.701,32.991,-52.056,69.608,-17.427,-19.935,-136.11,20.021
-30.617,0.90589,-75.288,20.946,-19.778,-42.475,-110.86,-60.973,45.701,32.991,-52.056,69.608,-17.427,-19.935,-136.11,20.021
-30.484,1.321,-74.982,21.14,-19.603,-42.261,-110.63,-60.633,45.708,33.183,-51.92,69.649,-17.163,-19.833,-135.71,20.445
-30.484,1.321,-74.982,21.14,-19.603,-42.261,-110.63,-60.633,45.708,33.183,-51.92,69.649,-17.163,-19.833,-135.71,20.445
-30.484,1.321,-74.982,21.14,-19.603,-42.261,-110.63,-60.633,45.708,33.183,-51.92,69.649,-17.163,-19.833,-135.71,20.445
-30.484,1.321,-74.982,21.14,-19.603,-42.261,-110.63,-60.633,45.708,33.183,-51.92,69.649,-17.163,-19.833,-135.71,20.445
-30.419,1.5282,-74.829,21.237,-19.516,-42.154,-110.51,-60.461,45.707,33.277,-51.852,69.668,-17.03,-19.783,-135.51,20.657
-30.419,1.5282,-74.829,21.237,-19.516,-42.154,-110.51,-60.461,45.707,33.277,-51.852,69.668,-17.03,-19.783,-135.51,20.657
-30.419,1.5282,-74.829,21.237,-19.516,-42.154,-110.51,-60.461,45.707,33.277,-51.852,69.668,-17.03,-19.783,-135.51,20.657
-30.291,1.9417,-74.523,21.431,-19.34,-41.939,-110.27,-60.113,45.698,33.46,-51.719,69.701,-16.765,-19.682,-135.1,21.083
-30.291,1.9417,-74.523,21.431,-19.34,-41.939,-110.27,-60.113,45.698,33.46,-51.719,69.701,-16.765,-19.682,-135.1,21.083
-30.291,1.9417,-74.523,21.431,-19.34,-41.939,-110.27,-60.113,45.698,33.46,-51.719,69.701,-16.765,-19.682,-135.1,21.083
-30.228,2.148,-74.371,21.528,-19.252,-41.831,-110.14,-59.937,45.69,33.549,-51.653,69.715,-16.633,-19.632,-134.89,21.296
-30.228,2.148,-74.371,21.528,-19.252,-41.831,-110.14,-59.937,45.69,33.549,-51.653,69.715,-16.633,-19.632,-134.89,21.296
-30.165,2.354,-74.219,21.625,-19.164,-41.723,-110.01,-59.761,45.678,33.636,-51.588,69.727,-16.5,-19.583,-134.67,21.51
-30.103,2.5597,-74.068,21.722,-19.076,-41.615,-109.88,-59.583,45.665,33.722,-51.523,69.738,-16.367,-19.533,-134.46,21.724
-30.042,2.7651,-73.917,21.819,-18.988,-41.506,-109.75,-59.403,45.648,33.806,-51.459,69.748,-16.234,-19.484,-134.24,21.938
-30.042,2.7651,-73.917,21.819,-18.988,-41.506,-109.75,-59.403,45.648,33.806,-51.459,69.748,-16.234,-19.484,-134.24,21.938
-30.042,2.7651,-73.917,21.819,-18.988,-41.506,-109.75,-59.403,45.648,33.806,-51.459,69.748,-16.234,-19.484,-134.24,21.938
-29.982,2.9702,-73.766,21.916,-18.899,-41.397,-109.62,-59.223,45.629,33.889,-51.396,69.755,-16.1,-19.435,-134.01,22.152
-29.982,2.9702,-73.766,21.916,-18.899,-41.397,-109.62,-59.223,45.629,33.889,-51.396,69.755,-16.1,-19.435,-134.01,22.152
-29.982,2.9702,-73.766,21.916,-18.899,-41.397,-109.62,-59.223,45.629,33.889,-51.396,69.755,-16.1,-19.435,-134.01,22.152
-29.922,3.1749,-73.615,22.013,-18.811,-41.288,-109.48,-59.041,45.607,33.97,-51.333,69.762,-15.967,-19.387,-133.79,22.366
-29.864,3.3793,-73.465,22.111,-18.722,-41.179,-109.34,-58.858,45.583,34.049,-51.271,69.767,-15.833,-19.338,-133.55,22.581
-29.864,3.3793,-73.465,22.111,-18.722,-41.179,-109.34,-58.858,45.583,34.049,-51.271,69.767,-15.833,-19.338,-133.55,22.581
-29.805,3.5833,-73.315,22.208,-18.633,-41.07,-109.19,-58.674,45.556,34.126,-51.209,69.77,-15.699,-19.29,-133.32,22.796
-29.805,3.5833,-73.315,22.208,-18.633,-41.07,-109.19,-58.674,45.556,34.126,-51.209,69.77,-15.699,-19.29,-133.32,22.796
-29.805,3.5833,-73.315,22.208,-18.633,-41.07,-109.19,-58.674,45.556,34.126,-51.209,69.77,-15.699,-19.29,-133.32,22.796
-29.748,3.7869,-73.165,22.305,-18.544,-40.96,-109.05,-58.489,45.527,34.202,-51.148,69.771,-15.565,-19.242,-133.08,23.011
-29.748,3.7869,-73.165,22.305,-18.544,-40.96,-109.05,-58.489,45.527,34.202,-51.148,69.771,-15.565,-19.242,-133.08,23.011
-29.748,3.7869,-73.165,22.305,-18.544,-40.96,-109.05,-58.489,45.527,34.202,-51.148,69.771,-15.565,-19.242,-133.08,23.011
-29.691,3.9902,-73.016,22.402,-18.455,-40.85,-108.9,-58.302,45.494,34.277,-51.088,69.772,-15.431,-19.194,-132.84,23.227
-29.691,3.9902,-73.016,22.402,-18.455,-40.85,-108.9,-58.302,45.494,34.277,-51.088,69.772,-15.431,-19.194,-132.84,23.227
-29.635,4.1931,-72.867,22.499,-18.366,-40.74,-108.75,-58.115,45.459,34.349,-51.028,69.77,-15.296,-19.147,-132.6,23.443
-29.635,4.1931,-72.867,22.499,-18.366,-40.74,-108.75,-58.115,45.459,34.349,-51.028,69.77,-15.296,-19.147,-132.6,23.443
-29.525,4.5976,-72.57,22.693,-18.187,-40.52,-108.44,-57.735,45.382,34.49,-50.91,69.763,-15.026,-19.052,-132.1,23.874
-29.471,4.7993,-72.422,22.79,-18.097,-40.409,-108.28,-57.544,45.339,34.558,-50.851,69.756,-14.891,-19.006,-131.85,24.091
-29.471,4.7993,-72.422,22.79,-18.097,-40.409,-108.28,-57.544,45.339,34.558,-50.851,69.756,-14.891,-19.006,-131.85,24.091
-29.471,4.7993,-72.422,22.79,-18.097,-40.409,-108.28,-57.544,45.339,34.558,-50.851,69.756,-14.891,-19.006,-131.85,24.091
-29.471,4.7993,-72.422,22.79,-18.097,-40.409,-108.28,-57.544,45.339,34.558,-50.851,69.756,-14.891,-19.006,-131.85,24.091
-29.418,5.0005,-72.274,22.887,-18.007,-40.298,-108.12,-57.351,45.294,34.624,-50.793,69.749,-14.756,-18.959,-131.59,24.307
-29.418,5.0005,-72.274,22.887,-18.007,-40.298,-108.12,-57.351,45.294,34.624,-50.793,69.749,-14.756,-18.959,-131.59,24.307
-29.365,5.2013,-72.127,22.985,-17.917,-40.187,-107.96,-57.157,45.246,34.688,-50.736,69.74,-14.62,-18.912,-131.33,24.524
-29.313,5.4017,-71.98,23.082,-17.827,-40.075,-107.79,-56.962,45.196,34.751,-50.679,69.729,-14.484,-18.866,-131.07,24.741
-29.313,5.4017,-71.98,23.082,-17.827,-40.075,-107.79,-56.962,45.196,34.751,-50.679,69.729,-14.484,-18.866,-131.07,24.741
-29.262,5.6016,-71.834,23.179,-17.736,-39.964,-107.62,-56.765,45.143,34.813,-50.623,69.716,-14.348,-18.82,-130.8,24.957
-29.262,5.6016,-71.834,23.179,-17.736,-39.964,-107.62,-56.765,45.143,34.813,-50.623,69.716,-14.348,-18.82,-130.8,24.957
-29.212,5.801,-71.687,23.276,-17.646,-39.852,-107.45,-56.567,45.087,34.872,-50.567,69.702,-14.212,-18.773,-130.53,25.175
-29.212,5.801,-71.687,23.276,-17.646,-39.852,-107.45,-56.567,45.087,34.872,-50.567,69.702,-14.212,-18.773,-130.53,25.175
-29.162,6,-71.542,23.373,-17.555,-39.74,-107.28,-56.368,45.029,34.93,-50.512,69.687,-14.075,-18.727,-130.26,25.392
-29.162,6,-71.542,23.373,-17.555,-39.74,-107.28,-56.368,45.029,34.93,-50.512,69.687,-14.075,-18.727,-130.26,25.392
-29.162,6,-71.542,23.373,-17.555,-39.74,-107.28,-56.368,45.029,34.93,-50.512,69.687,-14.075,-18.727,-130.26,25.392
-29.113,6.1985,-71.396,23.47,-17.464,-39.628,-107.1,-56.168,44.969,34.987,-50.458,69.67,-13.939,-18.682,-129.98,25.609
-29.113,6.1985,-71.396,23.47,-17.464,-39.628,-107.1,-56.168,44.969,34.987,-50.458,69.67,-13.939,-18.682,-129.98,25.609
-29.065,6.3965,-71.251,23.567,-17.373,-39.515,-106.92,-55.966,44.905,35.042,-50.403,69.651,-13.801,-18.636,-129.7,25.827
-29.065,6.3965,-71.251,23.567,-17.373,-39.515,-106.92,-55.966,44.905,35.042,-50.403,69.651,-13.801,-18.636,-129.7,25.827
-28.97,6.791,-70.962,23.762,-17.191,-39.289,-106.55,-55.559,44.771,35.147,-50.296,69.609,-13.527,-18.545,-129.13,26.262
-28.97,6.791,-70.962,23.762,-17.191,-39.289,-106.55,-55.559,44.771,35.147,-50.296,69.609,-13.527,-18.545,-129.13,26.262
-28.97,6.791,-70.962,23.762,-17.191,-39.289,-106.55,-55.559,44.771,35.147,-50.296,69.609,-13.527,-18.545,-129.13,26.262
-28.924,6.9875,-70.818,23.859,-17.099,-39.176,-106.37,-55.353,44.701,35.197,-50.243,69.586,-13.389,-18.5,-128.84,26.48
-28.924,6.9875,-70.818,23.859,-17.099,-39.176,-106.37,-55.353,44.701,35.197,-50.243,69.586,-13.389,-18.5,-128.84,26.48
-28.879,7.1835,-70.674,23.956,-17.008,-39.063,-106.18,-55.146,44.627,35.245,-50.191,69.561,-13.251,-18.455,-128.55,26.698
-28.879,7.1835,-70.674,23.956,-17.008,-39.063,-106.18,-55.146,44.627,35.245,-50.191,69.561,-13.251,-18.455,-128.55,26.698
-28.834,7.379,-70.531,24.053,-16.916,-38.949,-105.98,-54.938,44.551,35.292,-50.139,69.534,-13.112,-18.409,-128.25,26.916
-28.79,7.5739,-70.388,24.15,-16.824,-38.835,-105.79,-54.729,44.473,35.337,-50.087,69.506,-12.974,-18.364,-127.95,27.135
-28.79,7.5739,-70.388,24.15,-16.824,-38.835,-105.79,-54.729,44.473,35.337,-50.087,69.506,-12.974,-18.364,-127.95,27.135
-28.79,7.5739,-70.388,24.15,-16.824,-38.835,-105.79,-54.729,44.473,35.337,-50.087,69.506,-12.974,-18.364,-127.95,27.135
-28.747,7.7683,-70.245,24.247,-16.732,-38.721,-105.59,-54.518,44.392,35.381,-50.036,69.477,-12.835,-18.32,-127.64,27.353
-28.747,7.7683,-70.245,24.247,-16.732,-38.721,-105.59,-54.518,44.392,35.381,-50.036,69.477,-12.835,-18.32,-127.64,27.353
-28.747,7.7683,-70.245,24.247,-16.732,-38.721,-105.59,-54.518,44.392,35.381,-50.036,69.477,-12.835,-18.32,-127.64,27.353
-28.704,7.9621,-70.103,24.345,-16.64,-38.607,-105.39,-54.306,44.309,35.423,-49.986,69.445,-12.695,-18.275,-127.34,27.571
-28.704,7.9621,-70.103,24.345,-16.64,-38.607,-105.39,-54.306,44.309,35.423,-49.986,69.445,-12.695,-18.275,-127.34,27.571
-28.662,8.1553,-69.961,24.442,-16.547,-38.492,-105.18,-54.093,44.223,35.463,-49.935,69.413,-12.556,-18.23,-127.02,27.79
-28.621,8.348,-69.819,24.539,-16.454,-38.377,-104.98,-53.878,44.135,35.502,-49.885,69.378,-12.416,-18.185,-126.71,28.009
-28.621,8.348,-69.819,24.539,-16.454,-38.377,-104.98,-53.878,44.135,35.502,-49.885,69.378,-12.416,-18.185,-126.71,28.009
-28.58,8.5402,-69.678,24.636,-16.362,-38.262,-104.77,-53.662,44.044,35.54,-49.836,69.342,-12.276,-18.141,-126.39,28.227
-28.58,8.5402,-69.678,24.636,-16.362,-38.262,-104.77,-53.662,44.044,35.54,-49.836,69.342,-12.276,-18.141,-126.39,28.227
-28.58,8.5402,-69.678,24.636,-16.362,-38.262,-104.77,-53.662,44.044,35.54,-49.836,69.342,-12.276,-18.141,-126.39,28.227
-28.541,8.7317,-69.538,24.733,-16.268,-38.147,-104.55,-53.445,43.951,35.575,-49.787,69.305,-12.136,-18.096,-126.07,28.446
-28.502,8.9227,-69.397,24.83,-16.175,-38.032,-104.34,-53.226,43.856,35.61,-49.738,69.266,-11.995,-18.052,-125.75,28.665
-28.502,8.9227,-69.397,24.83,-16.175,-38.032,-104.34,-53.226,43.856,35.61,-49.738,69.266,-11.995,-18.052,-125.75,28.665
-28.463,9.113,-69.257,24.927,-16.082,-37.916,-104.12,-53.006,43.758,35.642,-49.69,69.225,-11.854,-18.007,-125.42,28.883
-28.463,9.113,-69.257,24.927,-16.082,-37.916,-104.12,-53.006,43.758,35.642,-49.69,69.225,-11.854,-18.007,-125.42,28.883
-28.463,9.113,-69.257,24.927,-16.082,-37.916,-104.12,-53.006,43.758,35.642,-49.69,69.225,-11.854,-18.007,-125.42,28.883
-28.426,9.3028,-69.117,25.024,-15.988,-37.8,-103.9,-52.785,43.658,35.673,-49.642,69.183,-11.712,-17.963,-125.09,29.102
-28.426,9.3028,-69.117,25.024,-15.988,-37.8,-103.9,-52.785,43.658,35.673,-49.642,69.183,-11.712,-17.963,-125.09,29.102
-28.389,9.492,-68.978,25.121,-15.895,-37.684,-103.67,-52.562,43.555,35.703,-49.594,69.139,-11.571,-17.918,-124.75,29.321
-28.389,9.492,-68.978,25.121,-15.895,-37.684,-103.67,-52.562,43.555,35.703,-49.594,69.139,-11.571,-17.918,-124.75,29.321
-28.389,9.492,-68.978,25.121,-15.895,-37.684,-103.67,-52.562,43.555,35.703,-49.594,69.139,-11.571,-17.918,-124.75,29.321
-28.317,9.8684,-68.701,25.316,-15.707,-37.45,-103.22,-52.113,43.342,35.757,-49.499,69.047,-11.287,-17.83,-124.07,29.759
-28.317,9.8684,-68.701,25.316,-15.707,-37.45,-103.22,-52.113,43.342,35.757,-49.499,69.047,-11.287,-17.83,-124.07,29.759
-28.282,10.056,-68.562,25.413,-15.612,-37.334,-102.98,-51.887,43.233,35.782,-49.453,68.998,-11.144,-17.785,-123.73,29.978
-28.282,10.056,-68.562,25.413,-15.612,-37.334,-102.98,-51.887,43.233,35.782,-49.453,68.998,-11.144,-17.785,-123.73,29.978
-28.248,10.242,-68.425,25.51,-15.518,-37.216,-102.75,-51.659,43.12,35.805,-49.406,68.948,-11.001,-17.741,-123.38,30.197
-28.248,10.242,-68.425,25.51,-15.518,-37.216,-102.75,-51.659,43.12,35.805,-49.406,68.948,-11.001,-17.741,-123.38,30.197
-28.248,10.242,-68.425,25.51,-15.518,-37.216,-102.75,-51.659,43.12,35.805,-49.406,68.948,-11.001,-17.741,-123.38,30.197
-28.214,10.428,-68.287,25.607,-15.423,-37.099,-102.51,-51.43,43.006,35.827,-49.36,68.897,-10.858,-17.697,-123.03,30.415
-28.214,10.428,-68.287,25.607,-15.423,-37.099,-102.51,-51.43,43.006,35.827,-49.36,68.897,-10.858,-17.697,-123.03,30.415
-28.214,10.428,-68.287,25.607,-15.423,-37.099,-102.51,-51.43,43.006,35.827,-49.36,68.897,-10.858,-17.697,-123.03,30.415
-28.214,10.428,-68.287,25.607,-15.423,-37.099,-102.51,-51.43,43.006,35.827,-49.36,68.897,-10.858,-17.697,-123.03,30.415
-28.149,10.798,-68.013,25.801,-15.233,-36.863,-102.02,-50.967,42.77,35.866,-49.269,68.789,-10.57,-17.608,-122.31,30.853
-28.149,10.798,-68.013,25.801,-15.233,-36.863,-102.02,-50.967,42.77,35.866,-49.269,68.789,-10.57,-17.608,-122.31,30.853
-28.149,10.798,-68.013,25.801,-15.233,-36.863,-102.02,-50.967,42.77,35.866,-49.269,68.789,-10.57,-17.608,-122.31,30.853
-28.087,11.166,-67.741,25.995,-15.043,-36.627,-101.53,-50.5,42.525,35.899,-49.178,68.675,-10.281,-17.519,-121.59,31.291
-28.087,11.166,-67.741,25.995,-15.043,-36.627,-101.53,-50.5,42.525,35.899,-49.178,68.675,-10.281,-17.519,-121.59,31.291
-28.087,11.166,-67.741,25.995,-15.043,-36.627,-101.53,-50.5,42.525,35.899,-49.178,68.675,-10.281,-17.519,-121.59,31.291
-28.057,11.349,-67.605,26.092,-14.947,-36.508,-101.27,-50.264,42.399,35.914,-49.133,68.616,-10.136,-17.475,-121.22,31.509
-28.057,11.349,-67.605,26.092,-14.947,-36.508,-101.27,-50.264,42.399,35.914,-49.133,68.616,-10.136,-17.475,-121.22,31.509
-28.057,11.349,-67.605,26.092,-14.947,-36.508,-101.27,-50.264,42.399,35.914,-49.133,68.616,-10.136,-17.475,-121.22,31.509
-27.998,11.712,-67.335,26.286,-14.756,-36.27,-100.76,-49.788,42.141,35.938,-49.044,68.492,-9.8455,-17.386,-120.47,31.947
-27.998,11.712,-67.335,26.286,-14.756,-36.27,-100.76,-49.788,42.141,35.938,-49.044,68.492,-9.8455,-17.386,-120.47,31.947
-27.97,11.893,-67.2,26.383,-14.659,-36.151,-100.5,-49.548,42.008,35.947,-49,68.428,-9.6995,-17.341,-120.09,32.165
-27.97,11.893,-67.2,26.383,-14.659,-36.151,-100.5,-49.548,42.008,35.947,-49,68.428,-9.6995,-17.341,-120.09,32.165
-27.943,12.073,-67.066,26.48,-14.563,-36.032,-100.23,-49.307,41.873,35.956,-48.956,68.363,-9.5532,-17.297,-119.71,32.384
-27.943,12.073,-67.066,26.48,-14.563,-36.032,-100.23,-49.307,41.873,35.956,-48.956,68.363,-9.5532,-17.297,-119.71,32.384
-27.943,12.073,-67.066,26.48,-14.563,-36.032,-100.23,-49.307,41.873,35.956,-48.956,68.363,-9.5532,-17.297,-119.71,32.384
-27.916,12.252,-66.932,26.577,-14.467,-35.912,-99.965,-49.064,41.736,35.962,-48.912,68.296,-9.4064,-17.252,-119.32,32.602
-27.916,12.252,-66.932,26.577,-14.467,-35.912,-99.965,-49.064,41.736,35.962,-48.912,68.296,-9.4064,-17.252,-119.32,32.602
-27.89,12.431,-66.799,26.673,-14.37,-35.792,-99.694,-48.82,41.597,35.968,-48.868,68.227,-9.2594,-17.207,-118.93,32.82
-27.89,12.431,-66.799,26.673,-14.37,-35.792,-99.694,-48.82,41.597,35.968,-48.868,68.227,-9.2594,-17.207,-118.93,32.82
-27.865,12.608,-66.665,26.77,-14.273,-35.671,-99.421,-48.575,41.456,35.972,-48.825,68.157,-9.1119,-17.162,-118.54,33.038
-27.865,12.608,-66.665,26.77,-14.273,-35.671,-99.421,-48.575,41.456,35.972,-48.825,68.157,-9.1119,-17.162,-118.54,33.038
-27.865,12.608,-66.665,26.77,-14.273,-35.671,-99.421,-48.575,41.456,35.972,-48.825,68.157,-9.1119,-17.162,-118.54,33.038
-27.816,12.962,-66.4,26.964,-14.078,-35.43,-98.865,-48.081,41.167,35.975,-48.738,68.013,-8.816,-17.072,-117.74,33.474
-27.816,12.962,-66.4,26.964,-14.078,-35.43,-98.865,-48.081,41.167,35.975,-48.738,68.013,-8.816,-17.072,-117.74,33.474
-27.792,13.138,-66.268,27.061,-13.981,-35.309,-98.582,-47.831,41.019,35.975,-48.695,67.938,-8.6674,-17.027,-117.34,33.692
-27.792,13.138,-66.268,27.061,-13.981,-35.309,-98.582,-47.831,41.019,35.975,-48.695,67.938,-8.6674,-17.027,-117.34,33.692
-27.792,13.138,-66.268,27.061,-13.981,-35.309,-98.582,-47.831,41.019,35.975,-48.695,67.938,-8.6674,-17.027,-117.34,33.692
-27.792,13.138,-66.268,27.061,-13.981,-35.309,-98.582,-47.831,41.019,35.975,-48.695,67.938,-8.6674,-17.027,-117.34,33.692
-27.747,13.487,-66.004,27.254,-13.785,-35.066,-98.009,-47.329,40.717,35.97,-48.609,67.785,-8.3693,-16.936,-116.52,34.127
-27.747,13.487,-66.004,27.254,-13.785,-35.066,-98.009,-47.329,40.717,35.97,-48.609,67.785,-8.3693,-16.936,-116.52,34.127
-27.726,13.66,-65.873,27.351,-13.687,-34.945,-97.718,-47.075,40.564,35.965,-48.566,67.705,-8.2196,-16.891,-116.11,34.344
-27.726,13.66,-65.873,27.351,-13.687,-34.945,-97.718,-47.075,40.564,35.965,-48.566,67.705,-8.2196,-16.891,-116.11,34.344
-27.726,13.66,-65.873,27.351,-13.687,-34.945,-97.718,-47.075,40.564,35.965,-48.566,67.705,-8.2196,-16.891,-116.11,34.344
-27.705,13.833,-65.742,27.448,-13.589,-34.823,-97.423,-46.821,40.408,35.959,-48.523,67.625,-8.0696,-16.845,-115.7,34.562
-27.705,13.833,-65.742,27.448,-13.589,-34.823,-97.423,-46.821,40.408,35.959,-48.523,67.625,-8.0696,-16.845,-115.7,34.562
-27.705,13.833,-65.742,27.448,-13.589,-34.823,-97.423,-46.821,40.408,35.959,-48.523,67.625,-8.0696,-16.845,-115.7,34.562
-27.665,14.177,-65.481,27.641,-13.392,-34.578,-96.826,-46.308,40.09,35.942,-48.437,67.459,-7.7684,-16.753,-114.85,34.995
-27.665,14.177,-65.481,27.641,-13.392,-34.578,-96.826,-46.308,40.09,35.942,-48.437,67.459,-7.7684,-16.753,-114.85,34.995
-27.665,14.177,-65.481,27.641,-13.392,-34.578,-96.826,-46.308,40.09,35.942,-48.437,67.459,-7.7684,-16.753,-114.85,34.995
-27.665,14.177,-65.481,27.641,-13.392,-34.578,-96.826,-46.308,40.09,35.942,-48.437,67.459,-7.7684,-16.753,-114.85,34.995
-27.646,14.347,-65.351,27.738,-13.293,-34.455,-96.523,-46.049,39.928,35.932,-48.394,67.374,-7.6173,-16.707,-114.43,35.212
-27.646,14.347,-65.351,27.738,-13.293,-34.455,-96.523,-46.049,39.928,35.932,-48.394,67.374,-7.6173,-16.707,-114.43,35.212
-27.609,14.686,-65.092,27.931,-13.095,-34.209,-95.908,-45.528,39.598,35.908,-48.308,67.2,-7.3138,-16.614,-113.57,35.645
-27.609,14.686,-65.092,27.931,-13.095,-34.209,-95.908,-45.528,39.598,35.908,-48.308,67.2,-7.3138,-16.614,-113.57,35.645
-27.609,14.686,-65.092,27.931,-13.095,-34.209,-95.908,-45.528,39.598,35.908,-48.308,67.2,-7.3138,-16.614,-113.57,35.645
-27.609,14.686,-65.092,27.931,-13.095,-34.209,-95.908,-45.528,39.598,35.908,-48.308,67.2,-7.3138,-16.614,-113.57,35.645
-27.576,15.022,-64.834,28.124,-12.896,-33.962,-95.281,-45.001,39.261,35.878,-48.223,67.019,-7.0088,-16.521,-112.69,36.076
-27.576,15.022,-64.834,28.124,-12.896,-33.962,-95.281,-45.001,39.261,35.878,-48.223,67.019,-7.0088,-16.521,-112.69,36.076
-27.576,15.022,-64.834,28.124,-12.896,-33.962,-95.281,-45.001,39.261,35.878,-48.223,67.019,-7.0088,-16.521,-112.69,36.076
-27.576,15.022,-64.834,28.124,-12.896,-33.962,-95.281,-45.001,39.261,35.878,-48.223,67.019,-7.0088,-16.521,-112.69,36.076
-27.544,15.355,-64.577,28.317,-12.696,-33.714,-94.642,-44.47,38.915,35.842,-48.137,66.833,-6.7023,-16.427,-111.8,36.507
-27.544,15.355,-64.577,28.317,-12.696,-33.714,-94.642,-44.47,38.915,35.842,-48.137,66.833,-6.7023,-16.427,-111.8,36.507
-27.544,15.355,-64.577,28.317,-12.696,-33.714,-94.642,-44.47,38.915,35.842,-48.137,66.833,-6.7023,-16.427,-111.8,36.507
-27.53,15.52,-64.449,28.413,-12.596,-33.589,-94.318,-44.202,38.74,35.823,-48.093,66.738,-6.5484,-16.38,-111.35,36.722
-27.53,15.52,-64.449,28.413,-12.596,-33.589,-94.318,-44.202,38.74,35.823,-48.093,66.738,-6.5484,-16.38,-111.35,36.722
-27.515,15.684,-64.321,28.51,-12.496,-33.465,-93.992,-43.933,38.563,35.802,-48.05,66.641,-6.3942,-16.332,-110.9,36.937
-27.515,15.684,-64.321,28.51,-12.496,-33.465,-93.992,-43.933,38.563,35.802,-48.05,66.641,-6.3942,-16.332,-110.9,36.937
-27.515,15.684,-64.321,28.51,-12.496,-33.465,-93.992,-43.933,38.563,35.802,-48.05,66.641,-6.3942,-16.332,-110.9,36.937
-27.489,16.011,-64.067,28.702,-12.294,-33.215,-93.329,-43.39,38.203,35.756,-47.963,66.444,-6.0845,-16.236,-109.99,37.366
-27.489,16.011,-64.067,28.702,-12.294,-33.215,-93.329,-43.39,38.203,35.756,-47.963,66.444,-6.0845,-16.236,-109.99,37.366
-27.489,16.011,-64.067,28.702,-12.294,-33.215,-93.329,-43.39,38.203,35.756,-47.963,66.444,-6.0845,-16.236,-109.99,37.366
-27.476,16.173,-63.94,28.799,-12.193,-33.089,-92.994,-43.117,38.021,35.731,-47.92,66.343,-5.9291,-16.188,-109.53,37.58
-27.476,16.173,-63.94,28.799,-12.193,-33.089,-92.994,-43.117,38.021,35.731,-47.92,66.343,-5.9291,-16.188,-109.53,37.58
-27.464,16.334,-63.813,28.895,-12.092,-32.964,-92.655,-42.843,37.837,35.705,-47.876,66.241,-5.7734,-16.14,-109.06,37.794
-27.453,16.495,-63.687,28.991,-11.991,-32.838,-92.314,-42.567,37.651,35.678,-47.832,66.137,-5.6172,-16.091,-108.59,38.007
-27.442,16.654,-63.56,29.087,-11.889,-32.712,-91.97,-42.29,37.463,35.65,-47.788,66.032,-5.4606,-16.042,-108.12,38.22
-27.442,16.654,-63.56,29.087,-11.889,-32.712,-91.97,-42.29,37.463,35.65,-47.788,66.032,-5.4606,-16.042,-108.12,38.22
-27.432,16.813,-63.434,29.183,-11.788,-32.586,-91.622,-42.012,37.274,35.62,-47.744,65.925,-5.3036,-15.993,-107.65,38.433
-27.432,16.813,-63.434,29.183,-11.788,-32.586,-91.622,-42.012,37.274,35.62,-47.744,65.925,-5.3036,-15.993,-107.65,38.433
-27.432,16.813,-63.434,29.183,-11.788,-32.586,-91.622,-42.012,37.274,35.62,-47.744,65.925,-5.3036,-15.993,-107.65,38.433
-27.432,16.813,-63.434,29.183,-11.788,-32.586,-91.622,-42.012,37.274,35.62,-47.744,65.925,-5.3036,-15.993,-107.65,38.433
-27.423,16.972,-63.309,29.279,-11.686,-32.459,-91.272,-41.732,37.083,35.589,-47.699,65.818,-5.1463,-15.944,-107.17,38.646
-27.423,16.972,-63.309,29.279,-11.686,-32.459,-91.272,-41.732,37.083,35.589,-47.699,65.818,-5.1463,-15.944,-107.17,38.646
-27.414,17.129,-63.183,29.375,-11.584,-32.332,-90.919,-41.452,36.89,35.557,-47.654,65.708,-4.9885,-15.894,-106.69,38.858
-27.405,17.285,-63.058,29.471,-11.481,-32.205,-90.563,-41.169,36.696,35.523,-47.609,65.598,-4.8304,-15.844,-106.21,39.07
-27.405,17.285,-63.058,29.471,-11.481,-32.205,-90.563,-41.169,36.696,35.523,-47.609,65.598,-4.8304,-15.844,-106.21,39.07
-27.397,17.441,-62.933,29.567,-11.379,-32.078,-90.204,-40.886,36.5,35.489,-47.564,65.486,-4.6719,-15.794,-105.72,39.281
-27.397,17.441,-62.933,29.567,-11.379,-32.078,-90.204,-40.886,36.5,35.489,-47.564,65.486,-4.6719,-15.794,-105.72,39.281
-27.39,17.596,-62.808,29.663,-11.276,-31.951,-89.842,-40.601,36.302,35.453,-47.518,65.373,-4.513,-15.744,-105.23,39.492
-27.39,17.596,-62.808,29.663,-11.276,-31.951,-89.842,-40.601,36.302,35.453,-47.518,65.373,-4.513,-15.744,-105.23,39.492
-27.383,17.75,-62.683,29.759,-11.173,-31.823,-89.478,-40.315,36.103,35.416,-47.472,65.258,-4.3537,-15.693,-104.74,39.703
-27.383,17.75,-62.683,29.759,-11.173,-31.823,-89.478,-40.315,36.103,35.416,-47.472,65.258,-4.3537,-15.693,-104.74,39.703
-27.383,17.75,-62.683,29.759,-11.173,-31.823,-89.478,-40.315,36.103,35.416,-47.472,65.258,-4.3537,-15.693,-104.74,39.703
-27.376,17.904,-62.559,29.855,-11.07,-31.695,-89.11,-40.028,35.903,35.378,-47.426,65.142,-4.194,-15.642,-104.24,39.913
-27.376,17.904,-62.559,29.855,-11.07,-31.695,-89.11,-40.028,35.903,35.378,-47.426,65.142,-4.194,-15.642,-104.24,39.913
-27.376,17.904,-62.559,29.855,-11.07,-31.695,-89.11,-40.028,35.903,35.378,-47.426,65.142,-4.194,-15.642,-104.24,39.913
-27.365,18.208,-62.31,30.046,-10.864,-31.438,-88.367,-39.45,35.497,35.298,-47.333,64.906,-3.8735,-15.539,-103.24,40.333
-27.365,18.208,-62.31,30.046,-10.864,-31.438,-88.367,-39.45,35.497,35.298,-47.333,64.906,-3.8735,-15.539,-103.24,40.333
-27.36,18.359,-62.187,30.142,-10.76,-31.31,-87.991,-39.159,35.292,35.257,-47.286,64.786,-3.7127,-15.487,-102.74,40.542
-27.36,18.359,-62.187,30.142,-10.76,-31.31,-87.991,-39.159,35.292,35.257,-47.286,64.786,-3.7127,-15.487,-102.74,40.542
-27.356,18.509,-62.063,30.238,-10.656,-31.181,-87.612,-38.867,35.086,35.214,-47.238,64.665,-3.5514,-15.435,-102.23,40.75
-27.356,18.509,-62.063,30.238,-10.656,-31.181,-87.612,-38.867,35.086,35.214,-47.238,64.665,-3.5514,-15.435,-102.23,40.75
-27.352,18.659,-61.939,30.333,-10.553,-31.052,-87.23,-38.573,34.878,35.171,-47.19,64.543,-3.3898,-15.382,-101.72,40.959
-27.352,18.659,-61.939,30.333,-10.553,-31.052,-87.23,-38.573,34.878,35.171,-47.19,64.543,-3.3898,-15.382,-101.72,40.959
-27.352,18.659,-61.939,30.333,-10.553,-31.052,-87.23,-38.573,34.878,35.171,-47.19,64.543,-3.3898,-15.382,-101.72,40.959
-27.349,18.807,-61.816,30.429,-10.448,-30.922,-86.845,-38.279,34.669,35.126,-47.141,64.419,-3.2279,-15.329,-101.21,41.167
-27.349,18.807,-61.816,30.429,-10.448,-30.922,-86.845,-38.279,34.669,35.126,-47.141,64.419,-3.2279,-15.329,-101.21,41.167
-27.343,19.102,-61.569,30.619,-10.24,-30.663,-86.067,-37.686,34.246,35.034,-47.043,64.167,-2.9028,-15.222,-100.17,41.581
-27.343,19.102,-61.569,30.619,-10.24,-30.663,-86.067,-37.686,34.246,35.034,-47.043,64.167,-2.9028,-15.222,-100.17,41.581
-27.341,19.248,-61.446,30.715,-10.135,-30.533,-85.674,-37.388,34.033,34.986,-46.994,64.04,-2.7397,-15.168,-99.653,41.788
-27.341,19.248,-61.446,30.715,-10.135,-30.533,-85.674,-37.388,34.033,34.986,-46.994,64.04,-2.7397,-15.168,-99.653,41.788
-27.341,19.248,-61.446,30.715,-10.135,-30.533,-85.674,-37.388,34.033,34.986,-46.994,64.04,-2.7397,-15.168,-99.653,41.788
-27.34,19.394,-61.324,30.81,-10.03,-30.403,-85.279,-37.088,33.818,34.937,-46.943,63.911,-2.5762,-15.114,-99.128,41.994
-27.34,19.394,-61.324,30.81,-10.03,-30.403,-85.279,-37.088,33.818,34.937,-46.943,63.911,-2.5762,-15.114,-99.128,41.994
-27.34,19.394,-61.324,30.81,-10.03,-30.403,-85.279,-37.088,33.818,34.937,-46.943,63.911,-2.5762,-15.114,-99.128,41.994
-27.339,19.538,-61.201,30.905,-9.9255,-30.272,-84.88,-36.787,33.602,34.887,-46.893,63.781,-2.4123,-15.06,-98.601,42.199
-27.339,19.538,-61.201,30.905,-9.9255,-30.272,-84.88,-36.787,33.602,34.887,-46.893,63.781,-2.4123,-15.06,-98.601,42.199
-27.339,19.538,-61.201,30.905,-9.9255,-30.272,-84.88,-36.787,33.602,34.887,-46.893,63.781,-2.4123,-15.06,-98.601,42.199
-27.339,19.538,-61.201,30.905,-9.9255,-30.272,-84.88,-36.787,33.602,34.887,-46.893,63.781,-2.4123,-15.06,-98.601,42.199
-27.338,19.825,-60.956,31.095,-9.7151,-30.011,-84.075,-36.182,33.167,34.784,-46.79,63.518,-2.0835,-14.949,-97.538,42.609
-27.338,19.825,-60.956,31.095,-9.7151,-30.011,-84.075,-36.182,33.167,34.784,-46.79,63.518,-2.0835,-14.949,-97.538,42.609
-27.338,19.967,-60.833,31.19,-9.6097,-29.879,-83.668,-35.878,32.948,34.731,-46.738,63.384,-1.9185,-14.893,-97.002,42.813
-27.339,20.109,-60.711,31.285,-9.5041,-29.748,-83.258,-35.573,32.727,34.678,-46.685,63.249,-1.7532,-14.837,-96.464,43.017
-27.339,20.109,-60.711,31.285,-9.5041,-29.748,-83.258,-35.573,32.727,34.678,-46.685,63.249,-1.7532,-14.837,-96.464,43.017
-27.339,20.109,-60.711,31.285,-9.5041,-29.748,-83.258,-35.573,32.727,34.678,-46.685,63.249,-1.7532,-14.837,-96.464,43.017
-27.34,20.249,-60.589,31.38,-9.3983,-29.617,-82.846,-35.266,32.505,34.623,-46.631,63.113,-1.5875,-14.781,-95.923,43.22
-27.34,20.249,-60.589,31.38,-9.3983,-29.617,-82.846,-35.266,32.505,34.623,-46.631,63.113,-1.5875,-14.781,-95.923,43.22
-27.342,20.389,-60.467,31.475,-9.2924,-29.485,-82.431,-34.958,32.282,34.567,-46.577,62.976,-1.4215,-14.724,-95.379,43.422
-27.344,20.528,-60.345,31.569,-9.1863,-29.353,-82.013,-34.649,32.058,34.51,-46.523,62.838,-1.2551,-14.667,-94.833,43.624
-27.344,20.528,-60.345,31.569,-9.1863,-29.353,-82.013,-34.649,32.058,34.51,-46.523,62.838,-1.2551,-14.667,-94.833,43.624
-27.346,20.666,-60.223,31.664,-9.0801,-29.22,-81.593,-34.339,31.833,34.453,-46.468,62.698,-1.0884,-14.609,-94.284,43.826
-27.346,20.666,-60.223,31.664,-9.0801,-29.22,-81.593,-34.339,31.833,34.453,-46.468,62.698,-1.0884,-14.609,-94.284,43.826
-27.349,20.804,-60.101,31.759,-8.9737,-29.088,-81.17,-34.028,31.607,34.395,-46.412,62.558,-0.9213,-14.551,-93.733,44.027
-27.349,20.804,-60.101,31.759,-8.9737,-29.088,-81.17,-34.028,31.607,34.395,-46.412,62.558,-0.9213,-14.551,-93.733,44.027
-27.353,20.94,-59.979,31.853,-8.8672,-28.955,-80.745,-33.716,31.38,34.335,-46.355,62.416,-0.75386,-14.493,-93.179,44.227
-27.356,21.076,-59.857,31.947,-8.7605,-28.822,-80.316,-33.402,31.152,34.275,-46.298,62.273,-0.58609,-14.434,-92.622,44.427
-27.356,21.076,-59.857,31.947,-8.7605,-28.822,-80.316,-33.402,31.152,34.275,-46.298,62.273,-0.58609,-14.434,-92.622,44.427
-27.356,21.076,-59.857,31.947,-8.7605,-28.822,-80.316,-33.402,31.152,34.275,-46.298,62.273,-0.58609,-14.434,-92.622,44.427
-27.36,21.211,-59.735,32.042,-8.6537,-28.689,-79.886,-33.088,30.923,34.214,-46.24,62.129,-0.41797,-14.374,-92.063,44.626
-27.36,21.211,-59.735,32.042,-8.6537,-28.689,-79.886,-33.088,30.923,34.214,-46.24,62.129,-0.41797,-14.374,-92.063,44.626
-27.365,21.346,-59.613,32.136,-8.5468,-28.556,-79.452,-32.772,30.693,34.153,-46.182,61.984,-0.24952,-14.315,-91.501,44.825
-27.365,21.346,-59.613,32.136,-8.5468,-28.556,-79.452,-32.772,30.693,34.153,-46.182,61.984,-0.24952,-14.315,-91.501,44.825
-27.369,21.479,-59.492,32.23,-8.4396,-28.423,-79.016,-32.455,30.462,34.09,-46.122,61.838,-0.080743,-14.255,-90.937,45.023
-27.369,21.479,-59.492,32.23,-8.4396,-28.423,-79.016,-32.455,30.462,34.09,-46.122,61.838,-0.080743,-14.255,-90.937,45.023
-27.375,21.612,-59.37,32.324,-8.3324,-28.289,-78.578,-32.138,30.23,34.027,-46.062,61.691,0.088365,-14.194,-90.371,45.22
-27.375,21.612,-59.37,32.324,-8.3324,-28.289,-78.578,-32.138,30.23,34.027,-46.062,61.691,0.088365,-14.194,-90.371,45.22
-27.38,21.744,-59.248,32.418,-8.225,-28.155,-78.136,-31.819,29.997,33.962,-46.002,61.543,0.2578,-14.133,-89.802,45.417
-27.38,21.744,-59.248,32.418,-8.225,-28.155,-78.136,-31.819,29.997,33.962,-46.002,61.543,0.2578,-14.133,-89.802,45.417
-27.386,21.875,-59.126,32.512,-8.1175,-28.021,-77.693,-31.499,29.764,33.897,-45.94,61.394,0.42755,-14.071,-89.231,45.613
-27.386,21.875,-59.126,32.512,-8.1175,-28.021,-77.693,-31.499,29.764,33.897,-45.94,61.394,0.42755,-14.071,-89.231,45.613
-27.392,22.006,-59.005,32.605,-8.0099,-27.887,-77.247,-31.178,29.529,33.832,-45.878,61.243,0.59762,-14.01,-88.657,45.808
-27.392,22.006,-59.005,32.605,-8.0099,-27.887,-77.247,-31.178,29.529,33.832,-45.878,61.243,0.59762,-14.01,-88.657,45.808
-27.399,22.135,-58.883,32.699,-7.9021,-27.752,-76.798,-30.856,29.294,33.765,-45.815,61.092,0.768,-13.947,-88.082,46.003
-27.399,22.135,-58.883,32.699,-7.9021,-27.752,-76.798,-30.856,29.294,33.765,-45.815,61.092,0.768,-13.947,-88.082,46.003
-27.405,22.264,-58.761,32.793,-7.7942,-27.617,-76.347,-30.533,29.058,33.698,-45.751,60.94,0.93868,-13.884,-87.503,46.197
-27.413,22.393,-58.639,32.886,-7.6861,-27.482,-75.893,-30.209,28.822,33.63,-45.686,60.787,1.1097,-13.821,-86.923,46.391
-27.413,22.393,-58.639,32.886,-7.6861,-27.482,-75.893,-30.209,28.822,33.63,-45.686,60.787,1.1097,-13.821,-86.923,46.391
-27.413,22.393,-58.639,32.886,-7.6861,-27.482,-75.893,-30.209,28.822,33.63,-45.686,60.787,1.1097,-13.821,-86.923,46.391
-27.42,22.52,-58.517,32.979,-7.578,-27.347,-75.437,-29.884,28.585,33.562,-45.62,60.632,1.281,-13.757,-86.34,46.584
-27.42,22.52,-58.517,32.979,-7.578,-27.347,-75.437,-29.884,28.585,33.562,-45.62,60.632,1.281,-13.757,-86.34,46.584
-27.428,22.647,-58.395,33.073,-7.4697,-27.212,-74.979,-29.558,28.347,33.492,-45.554,60.477,1.4525,-13.693,-85.756,46.776
-27.428,22.647,-58.395,33.073,-7.4697,-27.212,-74.979,-29.558,28.347,33.492,-45.554,60.477,1.4525,-13.693,-85.756,46.776
-27.436,22.772,-58.273,33.166,-7.3613,-27.076,-74.518,-29.231,28.108,33.423,-45.487,60.321,1.6244,-13.628,-85.169,46.967
-27.444,22.898,-58.151,33.259,-7.2528,-26.941,-74.055,-28.903,27.869,33.352,-45.418,60.164,1.7966,-13.563,-84.579,47.158
-27.444,22.898,-58.151,33.259,-7.2528,-26.941,-74.055,-28.903,27.869,33.352,-45.418,60.164,1.7966,-13.563,-84.579,47.158
-27.453,23.022,-58.029,33.352,-7.1442,-26.805,-73.589,-28.574,27.629,33.281,-45.349,60.006,1.969,-13.498,-83.988,47.348
-27.453,23.022,-58.029,33.352,-7.1442,-26.805,-73.589,-28.574,27.629,33.281,-45.349,60.006,1.969,-13.498,-83.988,47.348
-27.453,23.022,-58.029,33.352,-7.1442,-26.805,-73.589,-28.574,27.629,33.281,-45.349,60.006,1.969,-13.498,-83.988,47.348
-27.462,23.146,-57.907,33.444,-7.0355,-26.669,-73.121,-28.244,27.389,33.209,-45.279,59.847,2.1417,-13.432,-83.395,47.537
-27.462,23.146,-57.907,33.444,-7.0355,-26.669,-73.121,-28.244,27.389,33.209,-45.279,59.847,2.1417,-13.432,-83.395,47.537
-27.462,23.146,-57.907,33.444,-7.0355,-26.669,-73.121,-28.244,27.389,33.209,-45.279,59.847,2.1417,-13.432,-83.395,47.537
-27.471,23.269,-57.784,33.537,-6.9267,-26.533,-72.651,-27.913,27.148,33.137,-45.208,59.687,2.3147,-13.365,-82.799,47.726
-27.471,23.269,-57.784,33.537,-6.9267,-26.533,-72.651,-27.913,27.148,33.137,-45.208,59.687,2.3147,-13.365,-82.799,47.726
-27.471,23.269,-57.784,33.537,-6.9267,-26.533,-72.651,-27.913,27.148,33.137,-45.208,59.687,2.3147,-13.365,-82.799,47.726
-27.481,23.391,-57.662,33.63,-6.8178,-26.396,-72.178,-27.581,26.907,33.064,-45.136,59.526,2.4879,-13.298,-82.202,47.913
-27.501,23.633,-57.416,33.815,-6.5996,-26.123,-71.226,-26.915,26.423,32.916,-44.989,59.202,2.8352,-13.162,-81.001,48.287
-27.501,23.633,-57.416,33.815,-6.5996,-26.123,-71.226,-26.915,26.423,32.916,-44.989,59.202,2.8352,-13.162,-81.001,48.287
-27.511,23.753,-57.294,33.907,-6.4904,-25.986,-70.747,-26.58,26.18,32.842,-44.914,59.039,3.0092,-13.093,-80.398,48.472
-27.511,23.753,-57.294,33.907,-6.4904,-25.986,-70.747,-26.58,26.18,32.842,-44.914,59.039,3.0092,-13.093,-80.398,48.472
-27.511,23.753,-57.294,33.907,-6.4904,-25.986,-70.747,-26.58,26.18,32.842,-44.914,59.039,3.0092,-13.093,-80.398,48.472
-27.521,23.873,-57.171,33.999,-6.3811,-25.848,-70.265,-26.245,25.937,32.767,-44.838,58.875,3.1834,-13.024,-79.793,48.657
-27.521,23.873,-57.171,33.999,-6.3811,-25.848,-70.265,-26.245,25.937,32.767,-44.838,58.875,3.1834,-13.024,-79.793,48.657
-27.521,23.873,-57.171,33.999,-6.3811,-25.848,-70.265,-26.245,25.937,32.767,-44.838,58.875,3.1834,-13.024,-79.793,48.657
-27.532,23.991,-57.047,34.091,-6.2717,-25.711,-69.782,-25.909,25.694,32.691,-44.761,58.71,3.3579,-12.955,-79.186,48.841
-27.532,23.991,-57.047,34.091,-6.2717,-25.711,-69.782,-25.909,25.694,32.691,-44.761,58.71,3.3579,-12.955,-79.186,48.841
-27.532,23.991,-57.047,34.091,-6.2717,-25.711,-69.782,-25.909,25.694,32.691,-44.761,58.71,3.3579,-12.955,-79.186,48.841
-27.543,24.109,-56.924,34.183,-6.1622,-25.574,-69.296,-25.572,25.45,32.615,-44.683,58.544,3.5326,-12.884,-78.577,49.024
-27.543,24.109,-56.924,34.183,-6.1622,-25.574,-69.296,-25.572,25.45,32.615,-44.683,58.544,3.5326,-12.884,-78.577,49.024
-27.566,24.343,-56.677,34.366,-5.9431,-25.298,-68.317,-24.895,24.961,32.462,-44.523,58.21,3.8826,-12.743,-77.354,49.388
-27.566,24.343,-56.677,34.366,-5.9431,-25.298,-68.317,-24.895,24.961,32.462,-44.523,58.21,3.8826,-12.743,-77.354,49.388
-27.566,24.343,-56.677,34.366,-5.9431,-25.298,-68.317,-24.895,24.961,32.462,-44.523,58.21,3.8826,-12.743,-77.354,49.388
-27.577,24.459,-56.553,34.457,-5.8334,-25.16,-67.825,-24.555,24.717,32.384,-44.442,58.042,4.0579,-12.671,-76.74,49.569
-27.577,24.459,-56.553,34.457,-5.8334,-25.16,-67.825,-24.555,24.717,32.384,-44.442,58.042,4.0579,-12.671,-76.74,49.569
-27.577,24.459,-56.553,34.457,-5.8334,-25.16,-67.825,-24.555,24.717,32.384,-44.442,58.042,4.0579,-12.671,-76.74,49.569
-27.601,24.689,-56.305,34.64,-5.6138,-24.884,-66.834,-23.874,24.227,32.229,-44.275,57.704,4.4092,-12.526,-75.506,49.928
-27.601,24.689,-56.305,34.64,-5.6138,-24.884,-66.834,-23.874,24.227,32.229,-44.275,57.704,4.4092,-12.526,-75.506,49.928
-27.613,24.803,-56.181,34.731,-5.5039,-24.745,-66.336,-23.532,23.982,32.15,-44.191,57.533,4.5852,-12.452,-74.887,50.106
-27.613,24.803,-56.181,34.731,-5.5039,-24.745,-66.336,-23.532,23.982,32.15,-44.191,57.533,4.5852,-12.452,-74.887,50.106
-27.625,24.916,-56.056,34.822,-5.3939,-24.606,-65.835,-23.189,23.737,32.071,-44.105,57.362,4.7613,-12.379,-74.267,50.283
-27.625,24.916,-56.056,34.822,-5.3939,-24.606,-65.835,-23.189,23.737,32.071,-44.105,57.362,4.7613,-12.379,-74.267,50.283
-27.625,24.916,-56.056,34.822,-5.3939,-24.606,-65.835,-23.189,23.737,32.071,-44.105,57.362,4.7613,-12.379,-74.267,50.283
-27.638,25.028,-55.931,34.912,-5.2839,-24.467,-65.333,-22.846,23.491,31.992,-44.018,57.191,4.9376,-12.304,-73.644,50.46
-27.638,25.028,-55.931,34.912,-5.2839,-24.467,-65.333,-22.846,23.491,31.992,-44.018,57.191,4.9376,-12.304,-73.644,50.46
-27.65,25.14,-55.806,35.003,-5.1739,-24.329,-64.828,-22.501,23.246,31.912,-43.929,57.019,5.114,-12.229,-73.021,50.635
-27.663,25.251,-55.681,35.093,-5.0638,-24.189,-64.322,-22.157,23,31.833,-43.84,56.846,5.2906,-12.154,-72.395,50.81
-27.663,25.251,-55.681,35.093,-5.0638,-24.189,-64.322,-22.157,23,31.833,-43.84,56.846,5.2906,-12.154,-72.395,50.81
-27.676,25.362,-55.555,35.183,-4.9536,-24.05,-63.814,-21.811,22.755,31.753,-43.749,56.672,5.4674,-12.078,-71.769,50.984
-27.676,25.362,-55.555,35.183,-4.9536,-24.05,-63.814,-21.811,22.755,31.753,-43.749,56.672,5.4674,-12.078,-71.769,50.984
-27.689,25.472,-55.429,35.273,-4.8434,-23.911,-63.304,-21.465,22.509,31.672,-43.657,56.498,5.6443,-12.001,-71.141,51.157
-27.689,25.472,-55.429,35.273,-4.8434,-23.911,-63.304,-21.465,22.509,31.672,-43.657,56.498,5.6443,-12.001,-71.141,51.157
-27.702,25.581,-55.303,35.363,-4.7332,-23.771,-62.792,-21.118,22.264,31.592,-43.563,56.323,5.8213,-11.924,-70.511,51.328
-27.702,25.581,-55.303,35.363,-4.7332,-23.771,-62.792,-21.118,22.264,31.592,-43.563,56.323,5.8213,-11.924,-70.511,51.328
-27.702,25.581,-55.303,35.363,-4.7332,-23.771,-62.792,-21.118,22.264,31.592,-43.563,56.323,5.8213,-11.924,-70.511,51.328
-27.715,25.69,-55.177,35.453,-4.6229,-23.631,-62.278,-20.77,22.018,31.511,-43.469,56.147,5.9985,-11.846,-69.881,51.5
-27.715,25.69,-55.177,35.453,-4.6229,-23.631,-62.278,-20.77,22.018,31.511,-43.469,56.147,5.9985,-11.846,-69.881,51.5
-27.742,25.905,-54.923,35.632,-4.4024,-23.351,-61.245,-20.073,21.528,31.348,-43.276,55.795,6.3532,-11.689,-68.615,51.839
-27.742,25.905,-54.923,35.632,-4.4024,-23.351,-61.245,-20.073,21.528,31.348,-43.276,55.795,6.3532,-11.689,-68.615,51.839
-27.742,25.905,-54.923,35.632,-4.4024,-23.351,-61.245,-20.073,21.528,31.348,-43.276,55.795,6.3532,-11.689,-68.615,51.839
-27.756,26.012,-54.796,35.721,-4.292,-23.211,-60.726,-19.724,21.282,31.267,-43.177,55.618,6.5308,-11.609,-67.981,52.007
-27.756,26.012,-54.796,35.721,-4.292,-23.211,-60.726,-19.724,21.282,31.267,-43.177,55.618,6.5308,-11.609,-67.981,52.007
-27.77,26.118,-54.668,35.81,-4.1817,-23.071,-60.205,-19.373,21.038,31.185,-43.077,55.44,6.7084,-11.529,-67.345,52.174
-27.77,26.118,-54.668,35.81,-4.1817,-23.071,-60.205,-19.373,21.038,31.185,-43.077,55.44,6.7084,-11.529,-67.345,52.174
-27.77,26.118,-54.668,35.81,-4.1817,-23.071,-60.205,-19.373,21.038,31.185,-43.077,55.44,6.7084,-11.529,-67.345,52.174
-27.783,26.224,-54.54,35.899,-4.0713,-22.931,-59.683,-19.023,20.793,31.104,-42.976,55.262,6.8861,-11.449,-66.708,52.341
-27.783,26.224,-54.54,35.899,-4.0713,-22.931,-59.683,-19.023,20.793,31.104,-42.976,55.262,6.8861,-11.449,-66.708,52.341
-27.797,26.329,-54.412,35.988,-3.961,-22.79,-59.158,-18.672,20.548,31.022,-42.874,55.083,7.0639,-11.367,-66.07,52.506
-27.797,26.329,-54.412,35.988,-3.961,-22.79,-59.158,-18.672,20.548,31.022,-42.874,55.083,7.0639,-11.367,-66.07,52.506
-27.825,26.538,-54.154,36.165,-3.7402,-22.509,-58.105,-17.968,20.06,30.858,-42.665,54.725,7.4197,-11.203,-64.791,52.834
-27.825,26.538,-54.154,36.165,-3.7402,-22.509,-58.105,-17.968,20.06,30.858,-42.665,54.725,7.4197,-11.203,-64.791,52.834
-27.825,26.538,-54.154,36.165,-3.7402,-22.509,-58.105,-17.968,20.06,30.858,-42.665,54.725,7.4197,-11.203,-64.791,52.834
-27.839,26.641,-54.025,36.253,-3.6299,-22.368,-57.576,-17.615,19.817,30.776,-42.558,54.544,7.5977,-11.121,-64.15,52.996
-27.839,26.641,-54.025,36.253,-3.6299,-22.368,-57.576,-17.615,19.817,30.776,-42.558,54.544,7.5977,-11.121,-64.15,52.996
-27.839,26.641,-54.025,36.253,-3.6299,-22.368,-57.576,-17.615,19.817,30.776,-42.558,54.544,7.5977,-11.121,-64.15,52.996
-27.853,26.744,-53.895,36.341,-3.5195,-22.227,-57.045,-17.262,19.573,30.694,-42.45,54.364,7.7757,-11.037,-63.508,53.157
-27.853,26.744,-53.895,36.341,-3.5195,-22.227,-57.045,-17.262,19.573,30.694,-42.45,54.364,7.7757,-11.037,-63.508,53.157
-27.853,26.744,-53.895,36.341,-3.5195,-22.227,-57.045,-17.262,19.573,30.694,-42.45,54.364,7.7757,-11.037,-63.508,53.157
-27.867,26.846,-53.765,36.428,-3.4092,-22.086,-56.513,-16.908,19.33,30.611,-42.341,54.183,7.9538,-10.953,-62.866,53.317
-27.867,26.846,-53.765,36.428,-3.4092,-22.086,-56.513,-16.908,19.33,30.611,-42.341,54.183,7.9538,-10.953,-62.866,53.317
-27.867,26.846,-53.765,36.428,-3.4092,-22.086,-56.513,-16.908,19.33,30.611,-42.341,54.183,7.9538,-10.953,-62.866,53.317
-27.895,27.049,-53.504,36.603,-3.1886,-21.803,-55.445,-16.199,18.846,30.447,-42.117,53.82,8.31,-10.783,-61.577,53.635
-27.895,27.049,-53.504,36.603,-3.1886,-21.803,-55.445,-16.199,18.846,30.447,-42.117,53.82,8.31,-10.783,-61.577,53.635
-27.895,27.049,-53.504,36.603,-3.1886,-21.803,-55.445,-16.199,18.846,30.447,-42.117,53.82,8.31,-10.783,-61.577,53.635
-27.895,27.049,-53.504,36.603,-3.1886,-21.803,-55.445,-16.199,18.846,30.447,-42.117,53.82,8.31,-10.783,-61.577,53.635
-27.923,27.249,-53.241,36.777,-2.9681,-21.52,-54.37,-15.488,18.363,30.283,-41.888,53.456,8.6663,-10.611,-60.286,53.948
-27.923,27.249,-53.241,36.777,-2.9681,-21.52,-54.37,-15.488,18.363,30.283,-41.888,53.456,8.6663,-10.611,-60.286,53.948
-27.923,27.249,-53.241,36.777,-2.9681,-21.52,-54.37,-15.488,18.363,30.283,-41.888,53.456,8.6663,-10.611,-60.286,53.948
-27.938,27.349,-53.109,36.864,-2.8579,-21.378,-53.831,-15.132,18.122,30.201,-41.771,53.273,8.8444,-10.524,-59.639,54.103
-27.938,27.349,-53.109,36.864,-2.8579,-21.378,-53.831,-15.132,18.122,30.201,-41.771,53.273,8.8444,-10.524,-59.639,54.103
-27.938,27.349,-53.109,36.864,-2.8579,-21.378,-53.831,-15.132,18.122,30.201,-41.771,53.273,8.8444,-10.524,-59.639,54.103
-27.966,27.547,-52.844,37.037,-2.6377,-21.094,-52.749,-14.42,17.643,30.037,-41.533,52.906,9.2006,-10.348,-58.344,54.41
-27.966,27.547,-52.844,37.037,-2.6377,-21.094,-52.749,-14.42,17.643,30.037,-41.533,52.906,9.2006,-10.348,-58.344,54.41
-27.98,27.645,-52.711,37.123,-2.5276,-20.953,-52.205,-14.063,17.404,29.955,-41.412,52.723,9.3786,-10.259,-57.695,54.562
-27.994,27.742,-52.577,37.209,-2.4176,-20.81,-51.661,-13.705,17.165,29.874,-41.289,52.539,9.5566,-10.17,-57.046,54.713
-27.994,27.742,-52.577,37.209,-2.4176,-20.81,-51.661,-13.705,17.165,29.874,-41.289,52.539,9.5566,-10.17,-57.046,54.713
-27.994,27.742,-52.577,37.209,-2.4176,-20.81,-51.661,-13.705,17.165,29.874,-41.289,52.539,9.5566,-10.17,-57.046,54.713
-28.008,27.839,-52.443,37.294,-2.3077,-20.668,-51.115,-13.348,16.927,29.792,-41.165,52.354,9.7346,-10.08,-56.396,54.862
-28.008,27.839,-52.443,37.294,-2.3077,-20.668,-51.115,-13.348,16.927,29.792,-41.165,52.354,9.7346,-10.08,-56.396,54.862
-28.008,27.839,-52.443,37.294,-2.3077,-20.668,-51.115,-13.348,16.927,29.792,-41.165,52.354,9.7346,-10.08,-56.396,54.862
-28.022,27.936,-52.308,37.38,-2.1978,-20.526,-50.568,-12.99,16.69,29.711,-41.039,52.17,9.9124,-9.989,-55.746,55.011
-28.022,27.936,-52.308,37.38,-2.1978,-20.526,-50.568,-12.99,16.69,29.711,-41.039,52.17,9.9124,-9.989,-55.746,55.011
-28.049,28.128,-52.037,37.55,-1.9783,-20.241,-49.471,-12.274,16.218,29.549,-40.782,51.8,10.268,-9.8059,-54.445,55.305
-28.049,28.128,-52.037,37.55,-1.9783,-20.241,-49.471,-12.274,16.218,29.549,-40.782,51.8,10.268,-9.8059,-54.445,55.305
-28.063,28.223,-51.901,37.634,-1.8687,-20.099,-48.921,-11.915,15.984,29.468,-40.652,51.615,10.446,-9.7135,-53.793,55.45
-28.077,28.318,-51.764,37.719,-1.7591,-19.956,-48.37,-11.556,15.749,29.388,-40.52,51.43,10.623,-9.6205,-53.142,55.594
-28.077,28.318,-51.764,37.719,-1.7591,-19.956,-48.37,-11.556,15.749,29.388,-40.52,51.43,10.623,-9.6205,-53.142,55.594
-28.077,28.318,-51.764,37.719,-1.7591,-19.956,-48.37,-11.556,15.749,29.388,-40.52,51.43,10.623,-9.6205,-53.142,55.594
-28.09,28.412,-51.627,37.803,-1.6496,-19.814,-47.817,-11.197,15.516,29.307,-40.386,51.245,10.8,-9.5268,-52.49,55.737
-28.09,28.412,-51.627,37.803,-1.6496,-19.814,-47.817,-11.197,15.516,29.307,-40.386,51.245,10.8,-9.5268,-52.49,55.737
-28.104,28.506,-51.49,37.887,-1.5402,-19.671,-47.264,-10.838,15.284,29.227,-40.25,51.059,10.978,-9.4326,-51.838,55.878
-28.104,28.506,-51.49,37.887,-1.5402,-19.671,-47.264,-10.838,15.284,29.227,-40.25,51.059,10.978,-9.4326,-51.838,55.878
-28.104,28.506,-51.49,37.887,-1.5402,-19.671,-47.264,-10.838,15.284,29.227,-40.25,51.059,10.978,-9.4326,-51.838,55.878
-28.117,28.599,-51.352,37.97,-1.431,-19.528,-46.71,-10.479,15.052,29.148,-40.113,50.874,11.155,-9.3377,-51.186,56.019
-28.117,28.599,-51.352,37.97,-1.431,-19.528,-46.71,-10.479,15.052,29.148,-40.113,50.874,11.155,-9.3377,-51.186,56.019
-28.117,28.599,-51.352,37.97,-1.431,-19.528,-46.71,-10.479,15.052,29.148,-40.113,50.874,11.155,-9.3377,-51.186,56.019
-28.144,28.785,-51.074,38.137,-1.2127,-19.242,-45.598,-9.7601,14.591,28.99,-39.834,50.502,11.509,-9.1462,-49.881,56.296
-28.144,28.785,-51.074,38.137,-1.2127,-19.242,-45.598,-9.7601,14.591,28.99,-39.834,50.502,11.509,-9.1462,-49.881,56.296
-28.144,28.785,-51.074,38.137,-1.2127,-19.242,-45.598,-9.7601,14.591,28.99,-39.834,50.502,11.509,-9.1462,-49.881,56.296
-28.157,28.878,-50.934,38.22,-1.1038,-19.099,-45.041,-9.4005,14.362,28.911,-39.692,50.316,11.685,-9.0496,-49.229,56.433
-28.157,28.878,-50.934,38.22,-1.1038,-19.099,-45.041,-9.4005,14.362,28.911,-39.692,50.316,11.685,-9.0496,-49.229,56.433
-28.157,28.878,-50.934,38.22,-1.1038,-19.099,-45.041,-9.4005,14.362,28.911,-39.692,50.316,11.685,-9.0496,-49.229,56.433
-28.183,29.061,-50.653,38.384,-0.88625,-18.813,-43.925,-8.6811,13.907,28.755,-39.403,49.944,12.038,-8.8544,-47.924,56.704
-28.183,29.061,-50.653,38.384,-0.88625,-18.813,-43.925,-8.6811,13.907,28.755,-39.403,49.944,12.038,-8.8544,-47.924,56.704
-28.195,29.152,-50.512,38.466,-0.77767,-18.67,-43.365,-8.3213,13.681,28.677,-39.256,49.758,12.214,-8.7559,-47.271,56.837
-28.195,29.152,-50.512,38.466,-0.77767,-18.67,-43.365,-8.3213,13.681,28.677,-39.256,49.758,12.214,-8.7559,-47.271,56.837
-28.208,29.243,-50.37,38.548,-0.66923,-18.527,-42.805,-7.9615,13.456,28.6,-39.107,49.572,12.39,-8.6568,-46.619,56.969
-28.208,29.243,-50.37,38.548,-0.66923,-18.527,-42.805,-7.9615,13.456,28.6,-39.107,49.572,12.39,-8.6568,-46.619,56.969
-28.208,29.243,-50.37,38.548,-0.66923,-18.527,-42.805,-7.9615,13.456,28.6,-39.107,49.572,12.39,-8.6568,-46.619,56.969
-28.22,29.333,-50.227,38.63,-0.56093,-18.384,-42.244,-7.6018,13.233,28.524,-38.957,49.386,12.566,-8.5571,-45.967,57.1
-28.22,29.333,-50.227,38.63,-0.56093,-18.384,-42.244,-7.6018,13.233,28.524,-38.957,49.386,12.566,-8.5571,-45.967,57.1
-28.22,29.333,-50.227,38.63,-0.56093,-18.384,-42.244,-7.6018,13.233,28.524,-38.957,49.386,12.566,-8.5571,-45.967,57.1
-28.245,29.513,-49.94,38.792,-0.34477,-18.097,-41.12,-6.8823,12.788,28.372,-38.651,49.014,12.916,-8.3559,-44.664,57.358
-28.245,29.513,-49.94,38.792,-0.34477,-18.097,-41.12,-6.8823,12.788,28.372,-38.651,49.014,12.916,-8.3559,-44.664,57.358
-28.245,29.513,-49.94,38.792,-0.34477,-18.097,-41.12,-6.8823,12.788,28.372,-38.651,49.014,12.916,-8.3559,-44.664,57.358
-28.256,29.603,-49.796,38.872,-0.23693,-17.954,-40.557,-6.5227,12.567,28.297,-38.495,48.828,13.091,-8.2544,-44.012,57.486
-28.268,29.692,-49.651,38.952,-0.12924,-17.811,-39.994,-6.1632,12.348,28.222,-38.338,48.642,13.266,-8.1522,-43.361,57.612
-28.268,29.692,-49.651,38.952,-0.12924,-17.811,-39.994,-6.1632,12.348,28.222,-38.338,48.642,13.266,-8.1522,-43.361,57.612
-28.28,29.78,-49.506,39.032,-0.021719,-17.667,-39.43,-5.8037,12.129,28.148,-38.179,48.457,13.44,-8.0495,-42.711,57.736
-28.28,29.78,-49.506,39.032,-0.021719,-17.667,-39.43,-5.8037,12.129,28.148,-38.179,48.457,13.44,-8.0495,-42.711,57.736
-28.28,29.78,-49.506,39.032,-0.021719,-17.667,-39.43,-5.8037,12.129,28.148,-38.179,48.457,13.44,-8.0495,-42.711,57.736
-28.291,29.869,-49.36,39.112,0.085631,-17.524,-38.865,-5.4444,11.912,28.074,-38.018,48.271,13.615,-7.9462,-42.061,57.86
-28.291,29.869,-49.36,39.112,0.085631,-17.524,-38.865,-5.4444,11.912,28.074,-38.018,48.271,13.615,-7.9462,-42.061,57.86
-28.291,29.869,-49.36,39.112,0.085631,-17.524,-38.865,-5.4444,11.912,28.074,-38.018,48.271,13.615,-7.9462,-42.061,57.86
-28.313,30.045,-49.066,39.27,0.29979,-17.237,-37.735,-4.7262,11.482,27.929,-37.691,47.9,13.962,-7.7377,-40.762,58.103
-28.313,30.045,-49.066,39.27,0.29979,-17.237,-37.735,-4.7262,11.482,27.929,-37.691,47.9,13.962,-7.7377,-40.762,58.103
-28.324,30.133,-48.918,39.349,0.4066,-17.094,-37.169,-4.3674,11.268,27.857,-37.525,47.715,14.135,-7.6325,-40.113,58.223
-28.324,30.133,-48.918,39.349,0.4066,-17.094,-37.169,-4.3674,11.268,27.857,-37.525,47.715,14.135,-7.6325,-40.113,58.223
-28.334,30.22,-48.769,39.427,0.51321,-16.95,-36.603,-4.0088,11.056,27.786,-37.358,47.53,14.308,-7.5268,-39.465,58.341
-28.334,30.22,-48.769,39.427,0.51321,-16.95,-36.603,-4.0088,11.056,27.786,-37.358,47.53,14.308,-7.5268,-39.465,58.341
-28.345,30.307,-48.62,39.505,0.61962,-16.807,-36.036,-3.6504,10.845,27.715,-37.188,47.345,14.48,-7.4204,-38.818,58.458
-28.355,30.394,-48.47,39.583,0.72583,-16.663,-35.469,-3.2922,10.636,27.645,-37.017,47.16,14.653,-7.3135,-38.171,58.574
-28.355,30.394,-48.47,39.583,0.72583,-16.663,-35.469,-3.2922,10.636,27.645,-37.017,47.16,14.653,-7.3135,-38.171,58.574
-28.355,30.394,-48.47,39.583,0.72583,-16.663,-35.469,-3.2922,10.636,27.645,-37.017,47.16,14.653,-7.3135,-38.171,58.574
-28.365,30.48,-48.319,39.66,0.83183,-16.52,-34.902,-2.9343,10.428,27.576,-36.844,46.976,14.824,-7.206,-37.525,58.688
-28.365,30.48,-48.319,39.66,0.83183,-16.52,-34.902,-2.9343,10.428,27.576,-36.844,46.976,14.824,-7.206,-37.525,58.688
-28.365,30.48,-48.319,39.66,0.83183,-16.52,-34.902,-2.9343,10.428,27.576,-36.844,46.976,14.824,-7.206,-37.525,58.688
-28.374,30.566,-48.168,39.737,0.93762,-16.376,-34.335,-2.5767,10.221,27.507,-36.669,46.792,14.996,-7.0978,-36.88,58.801
-28.374,30.566,-48.168,39.737,0.93762,-16.376,-34.335,-2.5767,10.221,27.507,-36.669,46.792,14.996,-7.0978,-36.88,58.801
-28.393,30.738,-47.864,39.89,1.1485,-16.089,-33.199,-1.8625,9.8114,27.372,-36.313,46.424,15.337,-6.8797,-35.592,59.024
-28.393,30.738,-47.864,39.89,1.1485,-16.089,-33.199,-1.8625,9.8114,27.372,-36.313,46.424,15.337,-6.8797,-35.592,59.024
-28.393,30.738,-47.864,39.89,1.1485,-16.089,-33.199,-1.8625,9.8114,27.372,-36.313,46.424,15.337,-6.8797,-35.592,59.024
-28.401,30.824,-47.71,39.966,1.2536,-15.946,-32.632,-1.5058,9.6089,27.305,-36.133,46.241,15.508,-6.7698,-34.949,59.133
-28.401,30.824,-47.71,39.966,1.2536,-15.946,-32.632,-1.5058,9.6089,27.305,-36.133,46.241,15.508,-6.7698,-34.949,59.133
-28.401,30.824,-47.71,39.966,1.2536,-15.946,-32.632,-1.5058,9.6089,27.305,-36.133,46.241,15.508,-6.7698,-34.949,59.133
-28.41,30.909,-47.557,40.042,1.3585,-15.802,-32.064,-1.1496,9.4078,27.239,-35.951,46.058,15.677,-6.6593,-34.307,59.24
-28.41,30.909,-47.557,40.042,1.3585,-15.802,-32.064,-1.1496,9.4078,27.239,-35.951,46.058,15.677,-6.6593,-34.307,59.24
-28.418,30.995,-47.402,40.117,1.4631,-15.659,-31.495,-0.79369,9.2081,27.174,-35.767,45.875,15.847,-6.5482,-33.666,59.347
-28.418,30.995,-47.402,40.117,1.4631,-15.659,-31.495,-0.79369,9.2081,27.174,-35.767,45.875,15.847,-6.5482,-33.666,59.347
-28.418,30.995,-47.402,40.117,1.4631,-15.659,-31.495,-0.79369,9.2081,27.174,-35.767,45.875,15.847,-6.5482,-33.666,59.347
-28.434,31.164,-47.091,40.267,1.6717,-15.372,-30.359,-0.083149,8.8133,27.046,-35.394,45.511,16.184,-6.3242,-32.387,59.556
-28.442,31.249,-46.934,40.341,1.7756,-15.229,-29.791,0.27147,8.6182,26.984,-35.204,45.329,16.352,-6.2113,-31.75,59.658
-28.442,31.249,-46.934,40.341,1.7756,-15.229,-29.791,0.27147,8.6182,26.984,-35.204,45.329,16.352,-6.2113,-31.75,59.658
-28.449,31.333,-46.777,40.414,1.8792,-15.086,-29.223,0.62562,8.4247,26.922,-35.013,45.148,16.519,-6.0979,-31.113,59.759
-28.449,31.333,-46.777,40.414,1.8792,-15.086,-29.223,0.62562,8.4247,26.922,-35.013,45.148,16.519,-6.0979,-31.113,59.759
-28.456,31.418,-46.619,40.488,1.9825,-14.942,-28.655,0.97928,8.2327,26.861,-34.82,44.967,16.686,-5.9839,-30.477,59.859
-28.463,31.502,-46.46,40.561,2.0856,-14.799,-28.087,1.3325,8.0422,26.801,-34.626,44.786,16.853,-5.8693,-29.843,59.957
-28.463,31.502,-46.46,40.561,2.0856,-14.799,-28.087,1.3325,8.0422,26.801,-34.626,44.786,16.853,-5.8693,-29.843,59.957
-28.469,31.586,-46.3,40.633,2.1884,-14.656,-27.519,1.6851,7.8534,26.741,-34.429,44.606,17.019,-5.7541,-29.21,60.054
-28.469,31.586,-46.3,40.633,2.1884,-14.656,-27.519,1.6851,7.8534,26.741,-34.429,44.606,17.019,-5.7541,-29.21,60.054
-28.469,31.586,-46.3,40.633,2.1884,-14.656,-27.519,1.6851,7.8534,26.741,-34.429,44.606,17.019,-5.7541,-29.21,60.054
-28.475,31.67,-46.14,40.706,2.2909,-14.513,-26.952,2.0372,7.6663,26.683,-34.23,44.427,17.184,-5.6383,-28.578,60.15
-28.475,31.67,-46.14,40.706,2.2909,-14.513,-26.952,2.0372,7.6663,26.683,-34.23,44.427,17.184,-5.6383,-28.578,60.15
-28.475,31.67,-46.14,40.706,2.2909,-14.513,-26.952,2.0372,7.6663,26.683,-34.23,44.427,17.184,-5.6383,-28.578,60.15
-28.475,31.67,-46.14,40.706,2.2909,-14.513,-26.952,2.0372,7.6663,26.683,-34.23,44.427,17.184,-5.6383,-28.578,60.15
-28.486,31.837,-45.818,40.849,2.4951,-14.227,-25.817,2.7397,7.2968,26.568,-33.828,44.069,17.514,-5.4051,-27.319,60.337
-28.486,31.837,-45.818,40.849,2.4951,-14.227,-25.817,2.7397,7.2968,26.568,-33.828,44.069,17.514,-5.4051,-27.319,60.337
-28.486,31.837,-45.818,40.849,2.4951,-14.227,-25.817,2.7397,7.2968,26.568,-33.828,44.069,17.514,-5.4051,-27.319,60.337
-28.496,32.004,-45.492,40.99,2.6981,-13.941,-24.684,3.4398,6.9341,26.458,-33.418,43.713,17.841,-5.1696,-26.065,60.518
-28.496,32.004,-45.492,40.99,2.6981,-13.941,-24.684,3.4398,6.9341,26.458,-33.418,43.713,17.841,-5.1696,-26.065,60.518
-28.501,32.087,-45.328,41.06,2.7991,-13.798,-24.118,3.7889,6.7553,26.404,-33.211,43.536,18.003,-5.051,-25.441,60.607
-28.501,32.087,-45.328,41.06,2.7991,-13.798,-24.118,3.7889,6.7553,26.404,-33.211,43.536,18.003,-5.051,-25.441,60.607
-28.505,32.17,-45.163,41.13,2.8998,-13.655,-23.553,4.1374,6.5782,26.351,-33.001,43.359,18.165,-4.9318,-24.817,60.694
-28.505,32.17,-45.163,41.13,2.8998,-13.655,-23.553,4.1374,6.5782,26.351,-33.001,43.359,18.165,-4.9318,-24.817,60.694
-28.509,32.253,-44.998,41.199,3.0002,-13.513,-22.987,4.4851,6.4028,26.299,-32.79,43.183,18.327,-4.8121,-24.196,60.78
-28.509,32.253,-44.998,41.199,3.0002,-13.513,-22.987,4.4851,6.4028,26.299,-32.79,43.183,18.327,-4.8121,-24.196,60.78
-28.509,32.253,-44.998,41.199,3.0002,-13.513,-22.987,4.4851,6.4028,26.299,-32.79,43.183,18.327,-4.8121,-24.196,60.78
-28.512,32.336,-44.832,41.268,3.1002,-13.37,-22.423,4.8322,6.2292,26.248,-32.577,43.008,18.488,-4.6918,-23.576,60.864
-28.512,32.336,-44.832,41.268,3.1002,-13.37,-22.423,4.8322,6.2292,26.248,-32.577,43.008,18.488,-4.6918,-23.576,60.864
-28.512,32.336,-44.832,41.268,3.1002,-13.37,-22.423,4.8322,6.2292,26.248,-32.577,43.008,18.488,-4.6918,-23.576,60.864
-28.518,32.502,-44.497,41.404,3.2993,-13.085,-21.294,5.5242,5.8874,26.149,-32.145,42.658,18.807,-4.4496,-22.341,61.029
-28.518,32.502,-44.497,41.404,3.2993,-13.085,-21.294,5.5242,5.8874,26.149,-32.145,42.658,18.807,-4.4496,-22.341,61.029
-28.521,32.585,-44.329,41.472,3.3984,-12.942,-20.731,5.8691,5.7191,26.101,-31.927,42.484,18.966,-4.3277,-21.726,61.109
-28.521,32.585,-44.329,41.472,3.3984,-12.942,-20.731,5.8691,5.7191,26.101,-31.927,42.484,18.966,-4.3277,-21.726,61.109
-28.521,32.585,-44.329,41.472,3.3984,-12.942,-20.731,5.8691,5.7191,26.101,-31.927,42.484,18.966,-4.3277,-21.726,61.109
-28.523,32.667,-44.16,41.539,3.4971,-12.8,-20.169,6.2132,5.5527,26.054,-31.706,42.311,19.125,-4.2053,-21.113,61.188
-28.523,32.667,-44.16,41.539,3.4971,-12.8,-20.169,6.2132,5.5527,26.054,-31.706,42.311,19.125,-4.2053,-21.113,61.188
-28.525,32.75,-43.99,41.606,3.5954,-12.658,-19.607,6.5565,5.3881,26.008,-31.484,42.139,19.282,-4.0823,-20.501,61.265
-28.525,32.75,-43.99,41.606,3.5954,-12.658,-19.607,6.5565,5.3881,26.008,-31.484,42.139,19.282,-4.0823,-20.501,61.265
-28.526,32.833,-43.819,41.672,3.6934,-12.516,-19.045,6.899,5.2253,25.964,-31.26,41.967,19.439,-3.9587,-19.891,61.341
-28.526,32.833,-43.819,41.672,3.6934,-12.516,-19.045,6.899,5.2253,25.964,-31.26,41.967,19.439,-3.9587,-19.891,61.341
-28.528,32.998,-43.475,41.803,3.8883,-12.232,-17.925,7.5816,4.9054,25.877,-30.806,41.625,19.751,-3.7101,-18.678,61.488
-28.528,32.998,-43.475,41.803,3.8883,-12.232,-17.925,7.5816,4.9054,25.877,-30.806,41.625,19.751,-3.7101,-18.678,61.488
-28.528,33.081,-43.302,41.867,3.9852,-12.09,-17.365,7.9216,4.7482,25.836,-30.577,41.455,19.906,-3.5849,-18.074,61.56
-28.528,33.081,-43.302,41.867,3.9852,-12.09,-17.365,7.9216,4.7482,25.836,-30.577,41.455,19.906,-3.5849,-18.074,61.56
-28.528,33.081,-43.302,41.867,3.9852,-12.09,-17.365,7.9216,4.7482,25.836,-30.577,41.455,19.906,-3.5849,-18.074,61.56
-28.528,33.163,-43.128,41.931,4.0817,-11.948,-16.807,8.2607,4.593,25.795,-30.345,41.286,20.06,-3.4593,-17.472,61.63
-28.528,33.163,-43.128,41.931,4.0817,-11.948,-16.807,8.2607,4.593,25.795,-30.345,41.286,20.06,-3.4593,-17.472,61.63
-28.528,33.163,-43.128,41.931,4.0817,-11.948,-16.807,8.2607,4.593,25.795,-30.345,41.286,20.06,-3.4593,-17.472,61.63
-28.528,33.246,-42.954,41.995,4.1778,-11.807,-16.249,8.5989,4.4396,25.756,-30.112,41.118,20.213,-3.3331,-16.872,61.698
-28.528,33.246,-42.954,41.995,4.1778,-11.807,-16.249,8.5989,4.4396,25.756,-30.112,41.118,20.213,-3.3331,-16.872,61.698
-28.528,33.246,-42.954,41.995,4.1778,-11.807,-16.249,8.5989,4.4396,25.756,-30.112,41.118,20.213,-3.3331,-16.872,61.698
-28.526,33.411,-42.602,42.121,4.3689,-11.524,-15.137,9.2725,4.1387,25.681,-29.641,40.783,20.517,-3.0792,-15.678,61.831
-28.526,33.411,-42.602,42.121,4.3689,-11.524,-15.137,9.2725,4.1387,25.681,-29.641,40.783,20.517,-3.0792,-15.678,61.831
-28.526,33.411,-42.602,42.121,4.3689,-11.524,-15.137,9.2725,4.1387,25.681,-29.641,40.783,20.517,-3.0792,-15.678,61.831
-28.524,33.493,-42.425,42.183,4.4639,-11.383,-14.582,9.6079,3.9911,25.645,-29.402,40.617,20.668,-2.9515,-15.085,61.896
-28.523,33.576,-42.248,42.245,4.5584,-11.242,-14.028,9.9423,3.8455,25.61,-29.162,40.451,20.818,-2.8233,-14.493,61.959
-28.523,33.576,-42.248,42.245,4.5584,-11.242,-14.028,9.9423,3.8455,25.61,-29.162,40.451,20.818,-2.8233,-14.493,61.959
-28.52,33.658,-42.069,42.306,4.6526,-11.101,-13.475,10.276,3.7018,25.577,-28.92,40.287,20.968,-2.6946,-13.904,62.02
-28.52,33.658,-42.069,42.306,4.6526,-11.101,-13.475,10.276,3.7018,25.577,-28.92,40.287,20.968,-2.6946,-13.904,62.02
-28.52,33.658,-42.069,42.306,4.6526,-11.101,-13.475,10.276,3.7018,25.577,-28.92,40.287,20.968,-2.6946,-13.904,62.02
-28.518,33.741,-41.89,42.367,4.7463,-10.96,-12.923,10.608,3.5601,25.545,-28.676,40.123,21.116,-2.5654,-13.317,62.08
-28.518,33.741,-41.89,42.367,4.7463,-10.96,-12.923,10.608,3.5601,25.545,-28.676,40.123,21.116,-2.5654,-13.317,62.08
-28.518,33.741,-41.89,42.367,4.7463,-10.96,-12.923,10.608,3.5601,25.545,-28.676,40.123,21.116,-2.5654,-13.317,62.08
-28.511,33.906,-41.529,42.487,4.9325,-10.679,-11.822,11.27,3.2827,25.484,-28.183,39.797,21.411,-2.3055,-12.149,62.195
-28.511,33.906,-41.529,42.487,4.9325,-10.679,-11.822,11.27,3.2827,25.484,-28.183,39.797,21.411,-2.3055,-12.149,62.195
-28.508,33.989,-41.347,42.546,5.0249,-10.539,-11.273,11.599,3.147,25.455,-27.934,39.636,21.557,-2.1749,-11.569,62.251
-28.508,33.989,-41.347,42.546,5.0249,-10.539,-11.273,11.599,3.147,25.455,-27.934,39.636,21.557,-2.1749,-11.569,62.251
-28.503,34.072,-41.165,42.605,5.1169,-10.398,-10.725,11.928,3.0133,25.427,-27.683,39.475,21.702,-2.0437,-10.991,62.305
-28.503,34.072,-41.165,42.605,5.1169,-10.398,-10.725,11.928,3.0133,25.427,-27.683,39.475,21.702,-2.0437,-10.991,62.305
-28.499,34.155,-40.982,42.663,5.2085,-10.258,-10.178,12.255,2.8816,25.401,-27.43,39.316,21.847,-1.9121,-10.415,62.357
-28.499,34.155,-40.982,42.663,5.2085,-10.258,-10.178,12.255,2.8816,25.401,-27.43,39.316,21.847,-1.9121,-10.415,62.357
-28.494,34.238,-40.798,42.721,5.2997,-10.118,-9.6328,12.581,2.7519,25.376,-27.176,39.157,21.99,-1.78,-9.8423,62.409
-28.494,34.238,-40.798,42.721,5.2997,-10.118,-9.6328,12.581,2.7519,25.376,-27.176,39.157,21.99,-1.78,-9.8423,62.409
-28.489,34.321,-40.613,42.778,5.3903,-9.9787,-9.0886,12.906,2.6243,25.352,-26.92,38.999,22.133,-1.6474,-9.2716,62.458
-28.489,34.321,-40.613,42.778,5.3903,-9.9787,-9.0886,12.906,2.6243,25.352,-26.92,38.999,22.133,-1.6474,-9.2716,62.458
-28.483,34.404,-40.427,42.834,5.4806,-9.8391,-8.5456,13.23,2.4987,25.33,-26.662,38.842,22.275,-1.5144,-8.7034,62.506
-28.483,34.404,-40.427,42.834,5.4806,-9.8391,-8.5456,13.23,2.4987,25.33,-26.662,38.842,22.275,-1.5144,-8.7034,62.506
-28.477,34.487,-40.241,42.89,5.5704,-9.6998,-8.0039,13.552,2.3752,25.309,-26.402,38.686,22.416,-1.3809,-8.1377,62.553
-28.477,34.487,-40.241,42.89,5.5704,-9.6998,-8.0039,13.552,2.3752,25.309,-26.402,38.686,22.416,-1.3809,-8.1377,62.553
-28.47,34.57,-40.053,42.945,5.6597,-9.5605,-7.4635,13.874,2.2537,25.289,-26.141,38.53,22.556,-1.247,-7.5746,62.598
-28.47,34.57,-40.053,42.945,5.6597,-9.5605,-7.4635,13.874,2.2537,25.289,-26.141,38.53,22.556,-1.247,-7.5746,62.598
-28.47,34.57,-40.053,42.945,5.6597,-9.5605,-7.4635,13.874,2.2537,25.289,-26.141,38.53,22.556,-1.247,-7.5746,62.598
-28.463,34.654,-39.865,43,5.7485,-9.4215,-6.9244,14.194,2.1343,25.27,-25.878,38.376,22.695,-1.1126,-7.014,62.642
-28.463,34.654,-39.865,43,5.7485,-9.4215,-6.9244,14.194,2.1343,25.27,-25.878,38.376,22.695,-1.1126,-7.014,62.642
-28.456,34.737,-39.677,43.054,5.8369,-9.2827,-6.3866,14.513,2.0169,25.253,-25.613,38.222,22.833,-0.97778,-6.4561,62.684
-28.456,34.737,-39.677,43.054,5.8369,-9.2827,-6.3866,14.513,2.0169,25.253,-25.613,38.222,22.833,-0.97778,-6.4561,62.684
-28.448,34.821,-39.487,43.108,5.9248,-9.144,-5.8503,14.831,1.9016,25.237,-25.347,38.07,22.97,-0.84252,-5.9008,62.725
-28.44,34.904,-39.296,43.161,6.0122,-9.0055,-5.3154,15.148,1.7885,25.222,-25.078,37.918,23.106,-0.70683,-5.3481,62.765
-28.44,34.904,-39.296,43.161,6.0122,-9.0055,-5.3154,15.148,1.7885,25.222,-25.078,37.918,23.106,-0.70683,-5.3481,62.765
-28.432,34.988,-39.105,43.213,6.0992,-8.8673,-4.7819,15.463,1.6773,25.208,-24.809,37.768,23.241,-0.57071,-4.7982,62.803
-28.423,35.072,-38.913,43.265,6.1856,-8.7292,-4.2498,15.777,1.5683,25.196,-24.537,37.618,23.375,-0.43416,-4.2509,62.839
-28.423,35.072,-38.913,43.265,6.1856,-8.7292,-4.2498,15.777,1.5683,25.196,-24.537,37.618,23.375,-0.43416,-4.2509,62.839
-28.423,35.072,-38.913,43.265,6.1856,-8.7292,-4.2498,15.777,1.5683,25.196,-24.537,37.618,23.375,-0.43416,-4.2509,62.839
-28.414,35.156,-38.72,43.317,6.2716,-8.5913,-3.7193,16.09,1.4614,25.185,-24.264,37.47,23.508,-0.2972,-3.7065,62.874
-28.414,35.156,-38.72,43.317,6.2716,-8.5913,-3.7193,16.09,1.4614,25.185,-24.264,37.47,23.508,-0.2972,-3.7065,62.874
-28.414,35.156,-38.72,43.317,6.2716,-8.5913,-3.7193,16.09,1.4614,25.185,-24.264,37.47,23.508,-0.2972,-3.7065,62.874
-28.404,35.24,-38.527,43.367,6.3571,-8.4537,-3.1903,16.402,1.3566,25.176,-23.99,37.322,23.641,-0.15983,-3.1648,62.907
-28.394,35.324,-38.333,43.417,6.442,-8.3162,-2.6629,16.712,1.2539,25.168,-23.713,37.175,23.772,-0.022049,-2.6259,62.939
-28.384,35.409,-38.137,43.467,6.5265,-8.179,-2.137,17.021,1.1533,25.161,-23.435,37.03,23.902,0.11613,-2.0899,62.97
-28.384,35.409,-38.137,43.467,6.5265,-8.179,-2.137,17.021,1.1533,25.161,-23.435,37.03,23.902,0.11613,-2.0899,62.97
-28.384,35.409,-38.137,43.467,6.5265,-8.179,-2.137,17.021,1.1533,25.161,-23.435,37.03,23.902,0.11613,-2.0899,62.97
-28.373,35.493,-37.941,43.516,6.6104,-8.042,-1.6127,17.329,1.0547,25.156,-23.156,36.885,24.031,0.25471,-1.5567,62.999
-28.373,35.493,-37.941,43.516,6.6104,-8.042,-1.6127,17.329,1.0547,25.156,-23.156,36.885,24.031,0.25471,-1.5567,62.999
-28.362,35.578,-37.745,43.564,6.6938,-7.9052,-1.0901,17.635,0.95836,25.152,-22.874,36.742,24.159,0.39367,-1.0264,63.026
-28.362,35.578,-37.745,43.564,6.6938,-7.9052,-1.0901,17.635,0.95836,25.152,-22.874,36.742,24.159,0.39367,-1.0264,63.026
-28.35,35.663,-37.547,43.612,6.7767,-7.7687,-0.5691,17.94,0.86409,25.149,-22.592,36.599,24.286,0.53302,-0.4991,63.052
-28.35,35.663,-37.547,43.612,6.7767,-7.7687,-0.5691,17.94,0.86409,25.149,-22.592,36.599,24.286,0.53302,-0.4991,63.052
-28.35,35.663,-37.547,43.612,6.7767,-7.7687,-0.5691,17.94,0.86409,25.149,-22.592,36.599,24.286,0.53302,-0.4991,63.052
-28.338,35.748,-37.349,43.659,6.8591,-7.6324,-0.049813,18.244,0.77193,25.148,-22.307,36.458,24.412,0.67275,0.025297,63.077
-28.338,35.748,-37.349,43.659,6.8591,-7.6324,-0.049813,18.244,0.77193,25.148,-22.307,36.458,24.412,0.67275,0.025297,63.077
-28.325,35.833,-37.15,43.705,6.9409,-7.4963,0.46777,18.546,0.6819,25.148,-22.021,36.318,24.537,0.81286,0.54672,63.1
-28.325,35.833,-37.15,43.705,6.9409,-7.4963,0.46777,18.546,0.6819,25.148,-22.021,36.318,24.537,0.81286,0.54672,63.1
-28.313,35.918,-36.95,43.751,7.0222,-7.3604,0.98361,18.847,0.59399,25.149,-21.734,36.178,24.661,0.95333,1.0651,63.122
-28.299,36.004,-36.749,43.796,7.103,-7.2248,1.4977,19.146,0.5082,25.152,-21.445,36.04,24.784,1.0942,1.5805,63.142
-28.299,36.004,-36.749,43.796,7.103,-7.2248,1.4977,19.146,0.5082,25.152,-21.445,36.04,24.784,1.0942,1.5805,63.142
-28.286,36.089,-36.548,43.84,7.1832,-7.0895,2.01,19.444,0.42454,25.156,-21.154,35.903,24.906,1.2353,2.0929,63.16
-28.286,36.089,-36.548,43.84,7.1832,-7.0895,2.01,19.444,0.42454,25.156,-21.154,35.903,24.906,1.2353,2.0929,63.16
-28.272,36.175,-36.346,43.884,7.2629,-6.9544,2.5205,19.74,0.343,25.162,-20.862,35.767,25.026,1.3769,2.6021,63.178
-28.272,36.175,-36.346,43.884,7.2629,-6.9544,2.5205,19.74,0.343,25.162,-20.862,35.767,25.026,1.3769,2.6021,63.178
-28.257,36.261,-36.143,43.927,7.3421,-6.8195,3.0291,20.035,0.26359,25.169,-20.569,35.632,25.146,1.5188,3.1083,63.193
-28.257,36.261,-36.143,43.927,7.3421,-6.8195,3.0291,20.035,0.26359,25.169,-20.569,35.632,25.146,1.5188,3.1083,63.193
-28.243,36.347,-35.939,43.97,7.4206,-6.685,3.5359,20.329,0.18631,25.177,-20.274,35.498,25.264,1.661,3.6114,63.208
-28.243,36.347,-35.939,43.97,7.4206,-6.685,3.5359,20.329,0.18631,25.177,-20.274,35.498,25.264,1.661,3.6114,63.208
-28.228,36.434,-35.734,44.012,7.4987,-6.5507,4.0408,20.621,0.11115,25.187,-19.977,35.366,25.381,1.8035,4.1112,63.22
-28.228,36.434,-35.734,44.012,7.4987,-6.5507,4.0408,20.621,0.11115,25.187,-19.977,35.366,25.381,1.8035,4.1112,63.22
-28.228,36.434,-35.734,44.012,7.4987,-6.5507,4.0408,20.621,0.11115,25.187,-19.977,35.366,25.381,1.8035,4.1112,63.22
-28.228,36.434,-35.734,44.012,7.4987,-6.5507,4.0408,20.621,0.11115,25.187,-19.977,35.366,25.381,1.8035,4.1112,63.22
-28.196,36.607,-35.323,44.094,7.653,-6.2828,5.0449,21.201,-0.032802,25.211,-19.38,35.104,25.612,2.0896,5.1015,63.242
-28.196,36.607,-35.323,44.094,7.653,-6.2828,5.0449,21.201,-0.032802,25.211,-19.38,35.104,25.612,2.0896,5.1015,63.242
-28.196,36.607,-35.323,44.094,7.653,-6.2828,5.0449,21.201,-0.032802,25.211,-19.38,35.104,25.612,2.0896,5.1015,63.242
-28.18,36.694,-35.116,44.134,7.7294,-6.1493,5.544,21.488,-0.10159,25.225,-19.079,34.975,25.726,2.2331,5.5918,63.25
-28.18,36.694,-35.116,44.134,7.7294,-6.1493,5.544,21.488,-0.10159,25.225,-19.079,34.975,25.726,2.2331,5.5918,63.25
-28.163,36.781,-34.908,44.173,7.8051,-6.0161,6.0411,21.774,-0.16826,25.241,-18.777,34.847,25.839,2.3769,6.0789,63.257
-28.163,36.781,-34.908,44.173,7.8051,-6.0161,6.0411,21.774,-0.16826,25.241,-18.777,34.847,25.839,2.3769,6.0789,63.257
-28.146,36.868,-34.7,44.211,7.8803,-5.8832,6.5362,22.059,-0.23281,25.258,-18.473,34.72,25.95,2.521,6.5627,63.263
-28.146,36.868,-34.7,44.211,7.8803,-5.8832,6.5362,22.059,-0.23281,25.258,-18.473,34.72,25.95,2.521,6.5627,63.263
-28.129,36.955,-34.491,44.249,7.9549,-5.7506,7.0293,22.342,-0.29524,25.276,-18.168,34.594,26.06,2.6654,7.0432,63.267
-28.129,36.955,-34.491,44.249,7.9549,-5.7506,7.0293,22.342,-0.29524,25.276,-18.168,34.594,26.06,2.6654,7.0432,63.267
-28.111,37.043,-34.281,44.286,8.0289,-5.6182,7.5203,22.623,-0.35556,25.296,-17.861,34.47,26.169,2.8101,7.5204,63.269
-28.111,37.043,-34.281,44.286,8.0289,-5.6182,7.5203,22.623,-0.35556,25.296,-17.861,34.47,26.169,2.8101,7.5204,63.269
-28.093,37.131,-34.071,44.323,8.1023,-5.4862,8.0093,22.903,-0.41376,25.317,-17.554,34.346,26.277,2.955,7.9943,63.27
-28.093,37.131,-34.071,44.323,8.1023,-5.4862,8.0093,22.903,-0.41376,25.317,-17.554,34.346,26.277,2.955,7.9943,63.27
-28.093,37.131,-34.071,44.323,8.1023,-5.4862,8.0093,22.903,-0.41376,25.317,-17.554,34.346,26.277,2.955,7.9943,63.27
-28.055,37.307,-33.647,44.394,8.2474,-5.223,8.981,23.458,-0.52385,25.364,-16.934,34.103,26.489,3.2458,8.932,63.268
-28.055,37.307,-33.647,44.394,8.2474,-5.223,8.981,23.458,-0.52385,25.364,-16.934,34.103,26.489,3.2458,8.932,63.268
-28.055,37.307,-33.647,44.394,8.2474,-5.223,8.981,23.458,-0.52385,25.364,-16.934,34.103,26.489,3.2458,8.932,63.268
-28.036,37.396,-33.434,44.428,8.3191,-5.0919,9.4636,23.733,-0.57575,25.389,-16.622,33.984,26.593,3.3915,9.3958,63.265
-28.036,37.396,-33.434,44.428,8.3191,-5.0919,9.4636,23.733,-0.57575,25.389,-16.622,33.984,26.593,3.3915,9.3958,63.265
-27.996,37.573,-33.007,44.495,8.4605,-4.8307,10.422,24.278,-0.67324,25.444,-15.994,33.748,26.798,3.6838,10.313,63.254
-27.996,37.573,-33.007,44.495,8.4605,-4.8307,10.422,24.278,-0.67324,25.444,-15.994,33.748,26.798,3.6838,10.313,63.254
-27.996,37.573,-33.007,44.495,8.4605,-4.8307,10.422,24.278,-0.67324,25.444,-15.994,33.748,26.798,3.6838,10.313,63.254
-27.975,37.663,-32.792,44.527,8.5304,-4.7005,10.899,24.548,-0.71886,25.474,-15.679,33.632,26.898,3.8303,10.767,63.247
-27.975,37.663,-32.792,44.527,8.5304,-4.7005,10.899,24.548,-0.71886,25.474,-15.679,33.632,26.898,3.8303,10.767,63.247
-27.955,37.752,-32.576,44.559,8.5996,-4.5707,11.372,24.817,-0.76239,25.506,-15.362,33.517,26.997,3.977,11.217,63.238
-27.955,37.752,-32.576,44.559,8.5996,-4.5707,11.372,24.817,-0.76239,25.506,-15.362,33.517,26.997,3.977,11.217,63.238
-27.955,37.752,-32.576,44.559,8.5996,-4.5707,11.372,24.817,-0.76239,25.506,-15.362,33.517,26.997,3.977,11.217,63.238
-27.934,37.841,-32.36,44.589,8.6682,-4.4412,11.844,25.083,-0.80384,25.538,-15.043,33.403,27.095,4.1239,11.663,63.227
-27.934,37.841,-32.36,44.589,8.6682,-4.4412,11.844,25.083,-0.80384,25.538,-15.043,33.403,27.095,4.1239,11.663,63.227
-27.934,37.841,-32.36,44.589,8.6682,-4.4412,11.844,25.083,-0.80384,25.538,-15.043,33.403,27.095,4.1239,11.663,63.227
-27.89,38.021,-31.925,44.649,8.8035,-4.1832,12.781,25.612,-0.88054,25.608,-14.403,33.18,27.287,4.4184,12.546,63.202
-27.89,38.021,-31.925,44.649,8.8035,-4.1832,12.781,25.612,-0.88054,25.608,-14.403,33.18,27.287,4.4184,12.546,63.202
-27.868,38.111,-31.706,44.678,8.8703,-4.0547,13.246,25.874,-0.9158,25.645,-14.082,33.07,27.381,4.566,12.982,63.187
-27.868,38.111,-31.706,44.678,8.8703,-4.0547,13.246,25.874,-0.9158,25.645,-14.082,33.07,27.381,4.566,12.982,63.187
-27.868,38.111,-31.706,44.678,8.8703,-4.0547,13.246,25.874,-0.9158,25.645,-14.082,33.07,27.381,4.566,12.982,63.187
-27.868,38.111,-31.706,44.678,8.8703,-4.0547,13.246,25.874,-0.9158,25.645,-14.082,33.07,27.381,4.566,12.982,63.187
-27.823,38.293,-31.267,44.733,9.0019,-3.7989,14.168,26.392,-0.98016,25.723,-13.435,32.855,27.565,4.8617,13.843,63.154
-27.823,38.293,-31.267,44.733,9.0019,-3.7989,14.168,26.392,-0.98016,25.723,-13.435,32.855,27.565,4.8617,13.843,63.154
-27.799,38.383,-31.046,44.759,9.0667,-3.6715,14.626,26.649,-1.0093,25.764,-13.109,32.749,27.655,5.0098,14.269,63.135
-27.799,38.383,-31.046,44.759,9.0667,-3.6715,14.626,26.649,-1.0093,25.764,-13.109,32.749,27.655,5.0098,14.269,63.135
-27.776,38.475,-30.825,44.785,9.1309,-3.5444,15.082,26.904,-1.0364,25.807,-12.783,32.644,27.744,5.1581,14.691,63.114
-27.776,38.475,-30.825,44.785,9.1309,-3.5444,15.082,26.904,-1.0364,25.807,-12.783,32.644,27.744,5.1581,14.691,63.114
-27.752,38.566,-30.603,44.81,9.1945,-3.4178,15.535,27.157,-1.0614,25.851,-12.455,32.54,27.831,5.3065,15.109,63.092
-27.752,38.566,-30.603,44.81,9.1945,-3.4178,15.535,27.157,-1.0614,25.851,-12.455,32.54,27.831,5.3065,15.109,63.092
-27.727,38.657,-30.38,44.834,9.2574,-3.2915,15.985,27.409,-1.0845,25.897,-12.127,32.438,27.917,5.4551,15.523,63.069
-27.727,38.657,-30.38,44.834,9.2574,-3.2915,15.985,27.409,-1.0845,25.897,-12.127,32.438,27.917,5.4551,15.523,63.069
-27.727,38.657,-30.38,44.834,9.2574,-3.2915,15.985,27.409,-1.0845,25.897,-12.127,32.438,27.917,5.4551,15.523,63.069
-27.703,38.749,-30.157,44.858,9.3197,-3.1655,16.434,27.658,-1.1055,25.944,-11.797,32.337,28.002,5.6038,15.934,63.045
-27.703,38.749,-30.157,44.858,9.3197,-3.1655,16.434,27.658,-1.1055,25.944,-11.797,32.337,28.002,5.6038,15.934,63.045
-27.703,38.749,-30.157,44.858,9.3197,-3.1655,16.434,27.658,-1.1055,25.944,-11.797,32.337,28.002,5.6038,15.934,63.045
-27.653,38.934,-29.708,44.902,9.4423,-2.9148,17.323,28.152,-1.1416,26.042,-11.135,32.14,28.167,5.9017,16.745,62.991
-27.653,38.934,-29.708,44.902,9.4423,-2.9148,17.323,28.152,-1.1416,26.042,-11.135,32.14,28.167,5.9017,16.745,62.991
-27.627,39.026,-29.483,44.924,9.5027,-2.7901,17.764,28.397,-1.1567,26.093,-10.802,32.043,28.248,6.0509,17.145,62.962
-27.627,39.026,-29.483,44.924,9.5027,-2.7901,17.764,28.397,-1.1567,26.093,-10.802,32.043,28.248,6.0509,17.145,62.962
-27.627,39.026,-29.483,44.924,9.5027,-2.7901,17.764,28.397,-1.1567,26.093,-10.802,32.043,28.248,6.0509,17.145,62.962
-27.601,39.119,-29.257,44.944,9.5623,-2.6657,18.202,28.64,-1.1698,26.146,-10.469,31.947,28.327,6.2001,17.541,62.932
-27.575,39.212,-29.03,44.964,9.6214,-2.5417,18.638,28.88,-1.1809,26.2,-10.134,31.853,28.405,6.3495,17.934,62.901
-27.548,39.305,-28.803,44.983,9.6797,-2.4182,19.072,29.119,-1.1901,26.255,-9.7984,31.76,28.481,6.4989,18.322,62.868
-27.548,39.305,-28.803,44.983,9.6797,-2.4182,19.072,29.119,-1.1901,26.255,-9.7984,31.76,28.481,6.4989,18.322,62.868
-27.548,39.305,-28.803,44.983,9.6797,-2.4182,19.072,29.119,-1.1901,26.255,-9.7984,31.76,28.481,6.4989,18.322,62.868
-27.522,39.398,-28.575,45.001,9.7374,-2.295,19.503,29.357,-1.1973,26.312,-9.4619,31.668,28.556,6.6485,18.708,62.833
-27.522,39.398,-28.575,45.001,9.7374,-2.295,19.503,29.357,-1.1973,26.312,-9.4619,31.668,28.556,6.6485,18.708,62.833
-27.494,39.492,-28.346,45.018,9.7944,-2.1722,19.931,29.592,-1.2026,26.371,-9.1245,31.578,28.63,6.7981,19.089,62.798
-27.494,39.492,-28.346,45.018,9.7944,-2.1722,19.931,29.592,-1.2026,26.371,-9.1245,31.578,28.63,6.7981,19.089,62.798
-27.494,39.492,-28.346,45.018,9.7944,-2.1722,19.931,29.592,-1.2026,26.371,-9.1245,31.578,28.63,6.7981,19.089,62.798
-27.467,39.586,-28.117,45.035,9.8508,-2.0499,20.357,29.826,-1.206,26.43,-8.7863,31.489,28.702,6.9478,19.467,62.761
-27.467,39.586,-28.117,45.035,9.8508,-2.0499,20.357,29.826,-1.206,26.43,-8.7863,31.489,28.702,6.9478,19.467,62.761
-27.439,39.68,-27.887,45.051,9.9065,-1.928,20.78,30.058,-1.2075,26.491,-8.4471,31.401,28.773,7.0975,19.84,62.722
-27.411,39.774,-27.657,45.066,9.9615,-1.8065,21.201,30.288,-1.2071,26.554,-8.1071,31.315,28.842,7.2473,20.211,62.682
-27.383,39.869,-27.426,45.08,10.016,-1.6854,21.619,30.516,-1.2048,26.617,-7.7663,31.23,28.91,7.3972,20.577,62.641
-27.383,39.869,-27.426,45.08,10.016,-1.6854,21.619,30.516,-1.2048,26.617,-7.7663,31.23,28.91,7.3972,20.577,62.641
-27.383,39.869,-27.426,45.08,10.016,-1.6854,21.619,30.516,-1.2048,26.617,-7.7663,31.23,28.91,7.3972,20.577,62.641
-27.354,39.964,-27.194,45.093,10.07,-1.5648,22.034,30.742,-1.2006,26.683,-7.4247,31.146,28.977,7.5471,20.94,62.599
-27.354,39.964,-27.194,45.093,10.07,-1.5648,22.034,30.742,-1.2006,26.683,-7.4247,31.146,28.977,7.5471,20.94,62.599
-27.354,39.964,-27.194,45.093,10.07,-1.5648,22.034,30.742,-1.2006,26.683,-7.4247,31.146,28.977,7.5471,20.94,62.599
-27.325,40.059,-26.962,45.106,10.123,-1.4446,22.447,30.967,-1.1946,26.749,-7.0823,31.064,29.042,7.697,21.298,62.555
-27.296,40.154,-26.729,45.118,10.175,-1.3249,22.857,31.189,-1.1867,26.817,-6.7391,30.983,29.106,7.847,21.653,62.51
-27.296,40.154,-26.729,45.118,10.175,-1.3249,22.857,31.189,-1.1867,26.817,-6.7391,30.983,29.106,7.847,21.653,62.51
-27.267,40.249,-26.496,45.129,10.227,-1.2056,23.265,31.41,-1.177,26.887,-6.3952,30.903,29.168,7.9969,22.004,62.463
-27.267,40.249,-26.496,45.129,10.227,-1.2056,23.265,31.41,-1.177,26.887,-6.3952,30.903,29.168,7.9969,22.004,62.463
-27.267,40.249,-26.496,45.129,10.227,-1.2056,23.265,31.41,-1.177,26.887,-6.3952,30.903,29.168,7.9969,22.004,62.463
-27.237,40.345,-26.262,45.139,10.277,-1.0867,23.67,31.629,-1.1654,26.957,-6.0506,30.825,29.228,8.1469,22.352,62.415
-27.237,40.345,-26.262,45.139,10.277,-1.0867,23.67,31.629,-1.1654,26.957,-6.0506,30.825,29.228,8.1469,22.352,62.415
-27.237,40.345,-26.262,45.139,10.277,-1.0867,23.67,31.629,-1.1654,26.957,-6.0506,30.825,29.228,8.1469,22.352,62.415
-27.176,40.537,-25.793,45.158,10.377,-0.8504,24.471,32.061,-1.1369,27.103,-5.3593,30.672,29.346,8.4468,23.035,62.316
-27.176,40.537,-25.793,45.158,10.377,-0.8504,24.471,32.061,-1.1369,27.103,-5.3593,30.672,29.346,8.4468,23.035,62.316
-27.176,40.537,-25.793,45.158,10.377,-0.8504,24.471,32.061,-1.1369,27.103,-5.3593,30.672,29.346,8.4468,23.035,62.316
-27.146,40.634,-25.557,45.165,10.426,-0.73293,24.868,32.274,-1.1199,27.177,-5.0126,30.598,29.402,8.5967,23.371,62.264
-27.146,40.634,-25.557,45.165,10.426,-0.73293,24.868,32.274,-1.1199,27.177,-5.0126,30.598,29.402,8.5967,23.371,62.264
-27.115,40.73,-25.321,45.173,10.474,-0.61593,25.262,32.486,-1.1012,27.253,-4.6654,30.525,29.457,8.7466,23.703,62.211
-27.084,40.827,-25.084,45.179,10.522,-0.4994,25.654,32.695,-1.0808,27.331,-4.3175,30.454,29.51,8.8965,24.031,62.157
-27.053,40.924,-24.847,45.184,10.569,-0.38335,26.043,32.903,-1.0585,27.409,-3.969,30.383,29.562,9.0463,24.356,62.101
-27.053,40.924,-24.847,45.184,10.569,-0.38335,26.043,32.903,-1.0585,27.409,-3.969,30.383,29.562,9.0463,24.356,62.101
-27.053,40.924,-24.847,45.184,10.569,-0.38335,26.043,32.903,-1.0585,27.409,-3.969,30.383,29.562,9.0463,24.356,62.101
-27.021,41.021,-24.609,45.189,10.615,-0.26778,26.429,33.109,-1.0346,27.489,-3.6199,30.314,29.612,9.196,24.676,62.044
-27.021,41.021,-24.609,45.189,10.615,-0.26778,26.429,33.109,-1.0346,27.489,-3.6199,30.314,29.612,9.196,24.676,62.044
-27.021,41.021,-24.609,45.189,10.615,-0.26778,26.429,33.109,-1.0346,27.489,-3.6199,30.314,29.612,9.196,24.676,62.044
-26.989,41.119,-24.371,45.193,10.66,-0.15269,26.812,33.312,-1.0089,27.57,-3.2703,30.247,29.661,9.3457,24.993,61.986
-26.957,41.217,-24.132,45.196,10.705,-0.038095,27.192,33.514,-0.98157,27.653,-2.9202,30.181,29.708,9.4953,25.306,61.926
-26.957,41.217,-24.132,45.196,10.705,-0.038095,27.192,33.514,-0.98157,27.653,-2.9202,30.181,29.708,9.4953,25.306,61.926
-26.925,41.314,-23.893,45.198,10.749,0.076005,27.57,33.714,-0.95253,27.737,-2.5696,30.116,29.754,9.6448,25.615,61.865
-26.892,41.413,-23.653,45.2,10.793,0.18961,27.945,33.912,-0.92182,27.822,-2.2185,30.053,29.799,9.7942,25.92,61.803
-26.892,41.413,-23.653,45.2,10.793,0.18961,27.945,33.912,-0.92182,27.822,-2.2185,30.053,29.799,9.7942,25.92,61.803
-26.892,41.413,-23.653,45.2,10.793,0.18961,27.945,33.912,-0.92182,27.822,-2.2185,30.053,29.799,9.7942,25.92,61.803
-26.859,41.511,-23.413,45.2,10.835,0.30271,28.317,34.108,-0.88946,27.908,-1.8669,29.991,29.842,9.9436,26.221,61.74
-26.859,41.511,-23.413,45.2,10.835,0.30271,28.317,34.108,-0.88946,27.908,-1.8669,29.991,29.842,9.9436,26.221,61.74
-26.859,41.511,-23.413,45.2,10.835,0.30271,28.317,34.108,-0.88946,27.908,-1.8669,29.991,29.842,9.9436,26.221,61.74
-26.826,41.609,-23.172,45.2,10.877,0.4153,28.687,34.303,-0.85546,27.996,-1.5149,29.93,29.883,10.093,26.519,61.675
-26.826,41.609,-23.172,45.2,10.877,0.4153,28.687,34.303,-0.85546,27.996,-1.5149,29.93,29.883,10.093,26.519,61.675
-26.826,41.609,-23.172,45.2,10.877,0.4153,28.687,34.303,-0.85546,27.996,-1.5149,29.93,29.883,10.093,26.519,61.675
-26.76,41.807,-22.689,45.197,10.959,0.63894,29.417,34.685,-0.78261,28.175,-0.80969,29.812,29.961,10.391,27.102,61.542
-26.76,41.807,-22.689,45.197,10.959,0.63894,29.417,34.685,-0.78261,28.175,-0.80969,29.812,29.961,10.391,27.102,61.542
-26.726,41.906,-22.447,45.195,10.999,0.74998,29.778,34.874,-0.74379,28.266,-0.45653,29.756,29.998,10.54,27.388,61.474
-26.726,41.906,-22.447,45.195,10.999,0.74998,29.778,34.874,-0.74379,28.266,-0.45653,29.756,29.998,10.54,27.388,61.474
-26.692,42.006,-22.205,45.191,11.038,0.8605,30.137,35.06,-0.70341,28.359,-0.10302,29.7,30.033,10.688,27.67,61.404
-26.692,42.006,-22.205,45.191,11.038,0.8605,30.137,35.06,-0.70341,28.359,-0.10302,29.7,30.033,10.688,27.67,61.404
-26.692,42.006,-22.205,45.191,11.038,0.8605,30.137,35.06,-0.70341,28.359,-0.10302,29.7,30.033,10.688,27.67,61.404
-26.658,42.105,-21.962,45.187,11.076,0.97049,30.492,35.245,-0.66146,28.453,0.2508,29.646,30.066,10.837,27.948,61.334
-26.624,42.205,-21.718,45.182,11.114,1.0799,30.845,35.428,-0.61798,28.548,0.60492,29.594,30.098,10.985,28.222,61.262
-26.624,42.205,-21.718,45.182,11.114,1.0799,30.845,35.428,-0.61798,28.548,0.60492,29.594,30.098,10.985,28.222,61.262
-26.589,42.305,-21.474,45.176,11.151,1.1889,31.195,35.609,-0.57298,28.644,0.95931,29.543,30.129,11.133,28.492,61.188
-26.589,42.305,-21.474,45.176,11.151,1.1889,31.195,35.609,-0.57298,28.644,0.95931,29.543,30.129,11.133,28.492,61.188
-26.554,42.405,-21.23,45.169,11.187,1.2972,31.542,35.787,-0.52648,28.741,1.314,29.493,30.158,11.281,28.759,61.114
-26.554,42.405,-21.23,45.169,11.187,1.2972,31.542,35.787,-0.52648,28.741,1.314,29.493,30.158,11.281,28.759,61.114
-26.52,42.505,-20.985,45.162,11.223,1.4051,31.886,35.964,-0.47848,28.84,1.6688,29.444,30.185,11.429,29.021,61.038
-26.52,42.505,-20.985,45.162,11.223,1.4051,31.886,35.964,-0.47848,28.84,1.6688,29.444,30.185,11.429,29.021,61.038
-26.52,42.505,-20.985,45.162,11.223,1.4051,31.886,35.964,-0.47848,28.84,1.6688,29.444,30.185,11.429,29.021,61.038
-26.484,42.606,-20.74,45.153,11.258,1.5123,32.227,36.139,-0.42902,28.94,2.0239,29.397,30.211,11.576,29.28,60.961
-26.484,42.606,-20.74,45.153,11.258,1.5123,32.227,36.139,-0.42902,28.94,2.0239,29.397,30.211,11.576,29.28,60.961
-26.484,42.606,-20.74,45.153,11.258,1.5123,32.227,36.139,-0.42902,28.94,2.0239,29.397,30.211,11.576,29.28,60.961
-26.449,42.706,-20.495,45.144,11.292,1.6191,32.565,36.312,-0.37811,29.041,2.3792,29.351,30.236,11.724,29.535,60.883
-26.449,42.706,-20.495,45.144,11.292,1.6191,32.565,36.312,-0.37811,29.041,2.3792,29.351,30.236,11.724,29.535,60.883
-26.378,42.908,-20.002,45.123,11.358,1.8308,33.234,36.652,-0.27201,29.246,3.0901,29.263,30.28,12.018,30.033,60.724
-26.378,42.908,-20.002,45.123,11.358,1.8308,33.234,36.652,-0.27201,29.246,3.0901,29.263,30.28,12.018,30.033,60.724
-26.342,43.009,-19.756,45.112,11.39,1.9359,33.564,36.819,-0.21685,29.35,3.4458,29.221,30.299,12.164,30.277,60.642
-26.342,43.009,-19.756,45.112,11.39,1.9359,33.564,36.819,-0.21685,29.35,3.4458,29.221,30.299,12.164,30.277,60.642
-26.342,43.009,-19.756,45.112,11.39,1.9359,33.564,36.819,-0.21685,29.35,3.4458,29.221,30.299,12.164,30.277,60.642
-26.306,43.111,-19.509,45.099,11.422,2.0403,33.891,36.985,-0.16032,29.455,3.8015,29.181,30.317,12.311,30.516,60.559
-26.306,43.111,-19.509,45.099,11.422,2.0403,33.891,36.985,-0.16032,29.455,3.8015,29.181,30.317,12.311,30.516,60.559
-26.27,43.212,-19.261,45.086,11.452,2.1442,34.215,37.148,-0.10243,29.562,4.1573,29.141,30.334,12.457,30.752,60.475
-26.27,43.212,-19.261,45.086,11.452,2.1442,34.215,37.148,-0.10243,29.562,4.1573,29.141,30.334,12.457,30.752,60.475
-26.234,43.314,-19.014,45.072,11.482,2.2475,34.536,37.309,-0.043196,29.669,4.5131,29.103,30.349,12.602,30.984,60.39
-26.234,43.314,-19.014,45.072,11.482,2.2475,34.536,37.309,-0.043196,29.669,4.5131,29.103,30.349,12.602,30.984,60.39
-26.234,43.314,-19.014,45.072,11.482,2.2475,34.536,37.309,-0.043196,29.669,4.5131,29.103,30.349,12.602,30.984,60.39
-26.161,43.518,-18.517,45.041,11.54,2.4524,35.171,37.626,0.079214,29.888,5.2248,29.032,30.374,12.893,31.436,60.217
-26.161,43.518,-18.517,45.041,11.54,2.4524,35.171,37.626,0.079214,29.888,5.2248,29.032,30.374,12.893,31.436,60.217
-26.124,43.62,-18.269,45.024,11.568,2.5539,35.483,37.781,0.14235,29.999,5.5806,28.998,30.384,13.038,31.656,60.128
-26.124,43.62,-18.269,45.024,11.568,2.5539,35.483,37.781,0.14235,29.999,5.5806,28.998,30.384,13.038,31.656,60.128
