1.4389,0.5844,0.9967,0.3374,1.9887,-1.2312,1.6772,0.186,1.1301,0.2542,1.6696,-0.0222,1.6251,0.0308,1.0522,0.0455
1.4645,0.6298,0.9887,0.3489,1.9947,-1.2074,1.688,0.1999,1.1111,0.2521,1.6958,-0.0375,1.5189,0.0501,0.9894,0.0806
1.4645,0.6298,0.9887,0.3489,1.9947,-1.2074,1.688,0.1999,1.1111,0.2521,1.6958,-0.0375,1.5189,0.0501,0.9894,0.0806
1.6164,0.5761,0.9967,0.3374,1.9649,-1.1969,1.688,0.1999,1.0921,0.25,1.6807,-0.0382,1.4133,0.0692,0.8997,0.0994
1.6164,0.5761,0.9967,0.3374,1.9649,-1.1969,1.688,0.1999,1.0921,0.25,1.6807,-0.0382,1.4133,0.0692,0.8997,0.0994
1.7442,0.5583,1.0046,0.326,1.9272,-1.1749,1.7611,0.1829,1.1002,0.2383,1.66,-0.0309,1.3523,0.0907,0.9622,0.0645
1.7442,0.5583,1.0046,0.326,1.9272,-1.1749,1.7611,0.1829,1.1002,0.2383,1.66,-0.0309,1.3523,0.0907,0.9622,0.0645
1.7442,0.5583,1.0046,0.326,1.9272,-1.1749,1.7611,0.1829,1.1002,0.2383,1.66,-0.0309,1.3523,0.0907,0.9622,0.0645
1.7971,0.6496,1.0277,0.3178,1.8974,-1.1644,1.8427,0.1541,1.1002,0.2383,1.6394,-0.0236,1.4743,0.0476,1.0131,0.0465
1.7717,0.6861,1.0277,0.3178,1.8836,-1.1768,1.7992,0.1871,1.1002,0.2383,1.6244,-0.0244,1.597,0.0043,0.9894,0.0806
1.7717,0.6861,1.0277,0.3178,1.8836,-1.1768,1.7992,0.1871,1.1002,0.2383,1.6244,-0.0244,1.597,0.0043,0.9894,0.0806
1.6432,0.7039,1.0435,0.295,1.8698,-1.1892,1.7449,0.2063,1.1083,0.2267,1.6299,-0.0324,1.7035,-0.0151,0.9894,0.0806
1.6432,0.7039,1.0435,0.295,1.8698,-1.1892,1.7449,0.2063,1.1083,0.2267,1.6299,-0.0324,1.7035,-0.0151,0.9894,0.0806
1.6686,0.6674,1.0515,0.2835,1.848,-1.1901,1.6988,0.2137,1.1435,0.2054,1.626,-0.0491,1.6251,0.0308,0.8997,0.0994
1.6686,0.6674,1.0515,0.2835,1.848,-1.1901,1.6988,0.2137,1.1435,0.2054,1.626,-0.0491,1.6251,0.0308,0.8997,0.0994
1.6938,0.6309,1.0435,0.295,1.848,-1.1901,1.6529,0.2211,1.1787,0.1842,1.6165,-0.0578,1.5635,0.0525,0.974,0.0475
1.6938,0.6309,1.0435,0.295,1.848,-1.1901,1.6529,0.2211,1.1787,0.1842,1.6165,-0.0578,1.5635,0.0525,0.974,0.0475
1.6938,0.6309,1.0435,0.295,1.848,-1.1901,1.6529,0.2211,1.1787,0.1842,1.6165,-0.0578,1.5635,0.0525,0.974,0.0475
1.6938,0.6309,1.0435,0.295,1.8994,-1.1996,1.661,0.2094,1.1435,0.2054,1.5865,-0.0592,1.4576,0.0717,0.9976,0.0135
1.6686,0.6674,1.0356,0.3064,1.9808,-1.2198,1.6691,0.1977,1.0973,0.2129,1.5471,-0.0693,1.369,0.0667,0.908,0.0323
1.6686,0.6674,1.0356,0.3064,1.9808,-1.2198,1.6691,0.1977,1.0973,0.2129,1.5471,-0.0693,1.369,0.0667,0.908,0.0323
1.6173,0.658,1.0284,0.2917,2.0027,-1.2189,1.6395,0.1817,1.0215,0.2046,1.5392,-0.1025,1.2536,0.0351,0.7921,0.035
1.6173,0.658,1.0284,0.2917,2.0027,-1.2189,1.6395,0.1817,1.0215,0.2046,1.5392,-0.1025,1.2536,0.0351,0.7921,0.035
1.7706,0.6038,1.0053,0.2998,1.9868,-1.196,1.6206,0.1796,0.9649,0.1983,1.5149,-0.1119,1.1662,0.0299,0.6769,0.0375
1.7706,0.6038,1.0053,0.2998,1.9868,-1.196,1.6206,0.1796,0.9649,0.1983,1.5149,-0.1119,1.1662,0.0299,0.6769,0.0375
1.8224,0.613,0.9592,0.3161,1.9709,-1.173,1.6556,0.1584,0.9354,0.1826,1.4796,-0.1054,1.1827,0.0061,0.6504,0.0215
1.8224,0.613,0.9592,0.3161,1.9709,-1.173,1.6556,0.1584,0.9354,0.1826,1.4796,-0.1054,1.1827,0.0061,0.6504,0.0215
1.6692,0.75,0.9061,0.3177,1.9788,-1.1845,1.6449,0.1446,0.8871,0.1648,1.3999,-0.1011,1.3362,-0.084,0.6355,-0.0113
1.6692,0.75,0.9061,0.3177,1.9788,-1.1845,1.6449,0.1446,0.8871,0.1648,1.3999,-0.1011,1.3362,-0.084,0.6355,-0.0113
1.5159,0.8042,0.8839,0.2997,1.9728,-1.2083,1.5884,0.1382,0.8124,0.1564,1.3059,-0.0977,1.4295,-0.1527,0.5594,-0.0097
1.5159,0.8042,0.8839,0.2997,1.9728,-1.2083,1.5884,0.1382,0.8124,0.1564,1.3059,-0.0977,1.4295,-0.1527,0.5594,-0.0097
1.3384,0.8116,0.8547,0.2671,1.8777,-1.2006,1.4788,0.1507,0.8017,0.1428,1.2727,-0.1157,1.4573,-0.1268,0.5215,-0.0089
1.3384,0.8116,0.8547,0.2671,1.8777,-1.2006,1.4788,0.1507,0.8017,0.1428,1.2727,-0.1157,1.4573,-0.1268,0.5215,-0.0089
1.2632,0.7557,0.8248,0.2606,1.8126,-1.2034,1.4309,0.1326,0.7911,0.1292,1.2141,-0.1187,1.3802,-0.0816,0.5331,-0.0256
1.2632,0.7557,0.8248,0.2606,1.8126,-1.2034,1.4309,0.1326,0.7911,0.1292,1.2141,-0.1187,1.3802,-0.0816,0.5331,-0.0256
1.3637,0.6927,0.7941,0.28,1.791,-1.2044,1.447,0.1095,0.8177,0.1199,1.2049,-0.1273,1.3637,-0.0578,0.6819,-0.0782
1.3637,0.6927,0.7941,0.28,1.791,-1.2044,1.447,0.1095,0.8177,0.1199,1.2049,-0.1273,1.3637,-0.0578,0.6819,-0.0782
1.3637,0.6927,0.7941,0.28,1.791,-1.2044,1.447,0.1095,0.8177,0.1199,1.2049,-0.1273,1.3637,-0.0578,0.6819,-0.0782
1.3134,0.6832,0.7337,0.2928,1.8067,-1.2271,1.3913,0.1031,0.7381,0.148,1.1666,-0.1374,1.2594,-0.0389,0.7317,-0.0958
1.3134,0.6832,0.7337,0.2928,1.8067,-1.2271,1.3913,0.1031,0.7381,0.148,1.1666,-0.1374,1.2594,-0.0389,0.7317,-0.0958
1.4389,0.5844,0.6813,0.2942,1.7772,-1.2167,1.3094,0.1059,0.6114,0.1582,1.1246,-0.1639,1.0852,-0.0489,0.5215,-0.0089
1.4389,0.5844,0.6813,0.2942,1.7772,-1.2167,1.3094,0.1059,0.6114,0.1582,1.1246,-0.1639,1.0852,-0.0489,0.5215,-0.0089
1.4389,0.5844,0.6813,0.2942,1.7772,-1.2167,1.3094,0.1059,0.6114,0.1582,1.1246,-0.1639,1.0852,-0.0489,0.5215,-0.0089
1.6153,0.4949,0.6743,0.2796,1.7556,-1.2177,1.2805,0.0901,0.5826,0.1425,1.0902,-0.1576,1.1016,-0.0726,0.446,-0.0074
1.6153,0.4949,0.6743,0.2796,1.7556,-1.2177,1.2805,0.0901,0.5826,0.1425,1.0902,-0.1576,1.1016,-0.0726,0.446,-0.0074
1.6153,0.4949,0.6743,0.2796,1.7556,-1.2177,1.2805,0.0901,0.5826,0.1425,1.0902,-0.1576,1.1016,-0.0726,0.446,-0.0074
1.7428,0.477,0.6595,0.2763,1.7262,-1.2073,1.3228,0.0579,0.5642,0.1403,1.0558,-0.1514,1.1016,-0.0726,0.4576,-0.0241
1.7428,0.477,0.6595,0.2763,1.7262,-1.2073,1.3228,0.0579,0.5642,0.1403,1.0558,-0.1514,1.1016,-0.0726,0.4576,-0.0241
1.4139,0.6204,0.6083,0.2519,1.5976,-1.2132,1.2126,0.045,0.465,0.141,0.9746,-0.1638,1.2213,-0.1148,0.4545,-0.0732
1.4139,0.6204,0.6083,0.2519,1.5976,-1.2132,1.2126,0.045,0.465,0.141,0.9746,-0.1638,1.2213,-0.1148,0.4545,-0.0732
1.2383,0.6281,0.6014,0.2373,1.5627,-1.2265,1.0977,0.0684,0.4365,0.1254,0.9369,-0.1739,1.2049,-0.0912,0.4284,-0.089
1.2383,0.6281,0.6014,0.2373,1.5627,-1.2265,1.0977,0.0684,0.4365,0.1254,0.9369,-0.1739,1.2049,-0.0912,0.4284,-0.089
1.2632,0.5922,0.5936,0.2486,1.5123,-1.2172,1.0614,0.064,0.4002,0.1211,0.8885,-0.1685,1.0852,-0.0489,0.4889,-0.1229
1.2632,0.5922,0.5936,0.2486,1.5123,-1.2172,1.0614,0.064,0.4002,0.1211,0.8885,-0.1685,1.0852,-0.0489,0.4889,-0.1229
1.2632,0.5922,0.5936,0.2486,1.5123,-1.2172,1.0614,0.064,0.4002,0.1211,0.8885,-0.1685,1.0852,-0.0489,0.4889,-0.1229
1.2133,0.5828,0.578,0.2711,1.5997,-1.2481,1.0535,0.0754,0.4183,0.1232,0.8974,-0.16,1.1286,-0.0464,0.5267,-0.1237
1.2133,0.5828,0.578,0.2711,1.5997,-1.2481,1.0535,0.0754,0.4183,0.1232,0.8974,-0.16,1.1286,-0.0464,0.5267,-0.1237
1.3382,0.5657,0.6222,0.281,1.6853,-1.2442,1.1262,0.0842,0.4207,0.1481,0.9638,-0.1483,1.145,-0.0701,0.443,-0.0566
1.4133,0.5392,0.6813,0.2942,1.7262,-1.2073,1.2096,0.1065,0.5222,0.1724,1.0975,-0.1248,1.1556,-0.0202,0.4953,-0.0248
1.4133,0.5392,0.6813,0.2942,1.7262,-1.2073,1.2096,0.1065,0.5222,0.1724,1.0975,-0.1248,1.1556,-0.0202,0.4953,-0.0248
1.6153,0.4949,0.7407,0.3074,1.7968,-1.1806,1.3463,0.1103,0.6772,0.1781,1.2417,-0.0928,1.2429,-0.0151,0.609,-0.0272
1.6153,0.4949,0.7407,0.3074,1.7968,-1.1806,1.3463,0.1103,0.6772,0.1781,1.2417,-0.0928,1.2429,-0.0151,0.609,-0.0272
1.6927,0.5492,0.7775,0.3287,1.8539,-1.1663,1.4842,0.1138,0.8071,0.193,1.3577,-0.0623,1.2702,0.0112,0.7619,-0.0306
1.6927,0.5492,0.7775,0.3287,1.8539,-1.1663,1.4842,0.1138,0.8071,0.193,1.3577,-0.0623,1.2702,0.0112,0.7619,-0.0306
1.6927,0.5492,0.7775,0.3287,1.8539,-1.1663,1.4842,0.1138,0.8071,0.193,1.3577,-0.0623,1.2702,0.0112,0.7619,-0.0306
1.7454,0.6403,0.8373,0.342,1.9113,-1.152,1.6153,0.1287,0.9032,0.2289,1.4505,-0.0412,1.4189,-0.0053,0.8658,-0.0165
1.7454,0.6403,0.8373,0.342,1.9113,-1.152,1.6153,0.1287,0.9032,0.2289,1.4505,-0.0412,1.4189,-0.0053,0.8658,-0.0165
1.7454,0.6403,0.8373,0.342,1.9113,-1.152,1.6153,0.1287,0.9032,0.2289,1.4505,-0.0412,1.4189,-0.0053,0.8658,-0.0165
1.6432,0.7039,0.8753,0.3372,1.9033,-1.1405,1.6287,0.1679,0.9785,0.2373,1.499,-0.0223,1.4632,-0.0028,0.8927,-0.0006
1.7454,0.6403,0.9132,0.3324,1.9113,-1.152,1.6583,0.1839,1.0541,0.2458,1.5904,-0.0425,1.5356,0.026,0.8693,0.0332
1.849,0.6588,0.9355,0.3504,1.9331,-1.151,1.688,0.1999,1.1463,0.2308,1.6054,-0.0418,1.5189,0.0501,0.9198,0.0154
1.849,0.6588,0.9355,0.3504,1.9331,-1.151,1.688,0.1999,1.1463,0.2308,1.6054,-0.0418,1.5189,0.0501,0.9198,0.0154
1.849,0.6588,0.9355,0.3504,1.9331,-1.151,1.688,0.1999,1.1463,0.2308,1.6054,-0.0418,1.5189,0.0501,0.9198,0.0154
1.9011,0.6681,0.9426,0.3652,1.9549,-1.1501,1.6988,0.2137,1.1573,0.2446,1.626,-0.0491,1.4576,0.0717,0.9704,-0.0025
1.9011,0.6681,0.9426,0.3652,1.9549,-1.1501,1.6988,0.2137,1.1573,0.2446,1.626,-0.0491,1.4576,0.0717,0.9704,-0.0025
1.85,0.7417,0.9577,0.3685,2.0446,-1.1817,1.7259,0.2042,1.1248,0.2914,1.6315,-0.057,1.5189,0.0501,1.0093,-0.0035
1.85,0.7417,0.9577,0.3685,2.0446,-1.1817,1.7259,0.2042,1.1248,0.2914,1.6315,-0.057,1.5189,0.0501,1.0093,-0.0035
1.9022,0.7512,0.9808,0.3603,2.1046,-1.2029,1.753,0.1946,1.0678,0.285,1.592,-0.0672,1.4466,0.0211,0.9315,-0.0015
1.798,0.7323,0.9736,0.3456,2.0746,-1.1923,1.7151,0.1903,1.0109,0.2787,1.5991,-0.0997,1.3913,-0.0316,0.7921,0.035
1.798,0.7323,0.9736,0.3456,2.0746,-1.1923,1.7151,0.1903,1.0109,0.2787,1.5991,-0.0997,1.3913,-0.0316,0.7921,0.035
1.8756,0.7049,0.9967,0.3374,2.0727,-1.1569,1.688,0.1999,0.9543,0.2723,1.6101,-0.1156,1.2867,-0.0126,0.6652,0.0543
1.8756,0.7049,0.9967,0.3374,2.0727,-1.1569,1.688,0.1999,0.9543,0.2723,1.6101,-0.1156,1.2867,-0.0126,0.6652,0.0543
1.8756,0.7049,0.9967,0.3374,2.0727,-1.1569,1.688,0.1999,0.9543,0.2723,1.6101,-0.1156,1.2867,-0.0126,0.6652,0.0543
1.9265,0.6314,0.9426,0.3652,2.0347,-1.1348,1.7042,0.1765,0.9624,0.2606,1.5991,-0.0997,1.3307,-0.0102,0.6652,0.0543
1.9265,0.6314,0.9426,0.3652,2.0347,-1.1348,1.7042,0.1765,0.9624,0.2606,1.5991,-0.0997,1.3307,-0.0102,0.6652,0.0543
1.9011,0.6681,0.9275,0.3619,2.0047,-1.1242,1.7475,0.1436,0.9516,0.2469,1.5526,-0.0773,1.2702,0.0112,0.6769,0.0375
1.9011,0.6681,0.9275,0.3619,2.0047,-1.1242,1.7475,0.1436,0.9516,0.2469,1.5526,-0.0773,1.2702,0.0112,0.6769,0.0375
1.9011,0.6681,0.9275,0.3619,2.0047,-1.1242,1.7475,0.1436,0.9516,0.2469,1.5526,-0.0773,1.2702,0.0112,0.6769,0.0375
1.9278,0.7142,0.9275,0.3619,2.0347,-1.1348,1.8017,0.1244,0.9785,0.2373,1.5117,-0.0628,1.4355,-0.0292,0.7269,0.0198
1.7208,0.7596,0.8744,0.3633,1.9908,-1.1367,1.7285,0.1414,0.914,0.2426,1.467,-0.065,1.5295,-0.0984,0.6504,0.0215
1.7208,0.7596,0.8744,0.3633,1.9908,-1.1367,1.7285,0.1414,0.914,0.2426,1.467,-0.065,1.5295,-0.0984,0.6504,0.0215
1.7208,0.7596,0.8744,0.3633,1.9908,-1.1367,1.7285,0.1414,0.914,0.2426,1.467,-0.065,1.5295,-0.0984,0.6504,0.0215
1.6179,0.7405,0.8903,0.3405,1.947,-1.1386,1.6556,0.1584,0.914,0.2426,1.4631,-0.0816,1.5575,-0.0723,0.7002,0.0038
1.6179,0.7405,0.8903,0.3405,1.947,-1.1386,1.6556,0.1584,0.914,0.2426,1.4631,-0.0816,1.5575,-0.0723,0.7002,0.0038
1.6179,0.7405,0.8903,0.3405,1.947,-1.1386,1.6556,0.1584,0.914,0.2426,1.4631,-0.0816,1.5575,-0.0723,0.7002,0.0038
1.592,0.6944,0.8294,0.3534,1.9033,-1.1405,1.5991,0.152,0.973,0.1868,1.3851,-0.1019,1.4799,-0.0268,0.7351,-0.0465
1.592,0.6944,0.8294,0.3534,1.9033,-1.1405,1.5991,0.152,0.973,0.1868,1.3851,-0.1019,1.4799,-0.0268,0.7351,-0.0465
1.592,0.6944,0.8294,0.3534,1.9033,-1.1405,1.5991,0.152,0.973,0.1868,1.3851,-0.1019,1.4799,-0.0268,0.7351,-0.0465
1.541,0.685,0.7916,0.3581,1.8895,-1.1529,1.5965,0.1266,0.9381,0.2078,1.3206,-0.0969,1.4189,-0.0053,0.897,-0.1163
1.5157,0.7214,0.7767,0.3548,1.9272,-1.1749,1.5777,0.1245,0.8577,0.2362,1.2673,-0.1078,1.3913,-0.0316,0.897,-0.1163
1.4649,0.7119,0.7162,0.3676,1.943,-1.1978,1.5135,0.1296,0.7484,0.2486,1.2396,-0.1336,1.3197,-0.0602,0.7851,-0.0642
1.4649,0.7119,0.7162,0.3676,1.943,-1.1978,1.5135,0.1296,0.7484,0.2486,1.2396,-0.1336,1.3197,-0.0602,0.7851,-0.0642
1.4142,0.7023,0.6944,0.3495,1.9133,-1.1873,1.4495,0.1348,0.6743,0.2399,1.2521,-0.1736,1.2321,-0.0651,0.6969,-0.0456
1.4142,0.7023,0.6944,0.3495,1.9133,-1.1873,1.4495,0.1348,0.6743,0.2399,1.2521,-0.1736,1.2321,-0.0651,0.6969,-0.0456
1.4142,0.7023,0.6944,0.3495,1.9133,-1.1873,1.4495,0.1348,0.6743,0.2399,1.2521,-0.1736,1.2321,-0.0651,0.6969,-0.0456
1.6425,0.6216,0.7101,0.3268,1.8836,-1.1768,1.4204,0.1189,0.6269,0.2219,1.2429,-0.1821,1.2321,-0.0651,0.6355,-0.0113
1.6425,0.6216,0.7101,0.3268,1.8836,-1.1768,1.4204,0.1189,0.6269,0.2219,1.2429,-0.1821,1.2321,-0.0651,0.6355,-0.0113
1.6425,0.6216,0.7101,0.3268,1.8836,-1.1768,1.4204,0.1189,0.6269,0.2219,1.2429,-0.1821,1.2321,-0.0651,0.6355,-0.0113
1.821,0.5312,0.6953,0.3235,1.8026,-1.1568,1.3913,0.1031,0.6244,0.1968,1.1683,-0.1616,1.1286,-0.0464,0.5594,-0.0097
1.6938,0.6309,0.6578,0.3282,1.7298,-1.1483,1.3807,0.0894,0.606,0.1946,1.1138,-0.1483,1.1885,-0.0676,0.571,-0.0264
1.6947,0.7134,0.643,0.3248,1.7083,-1.1493,1.3702,0.0758,0.5692,0.1903,1.0703,-0.1506,1.4459,-0.1764,0.5826,-0.0431
1.6947,0.7134,0.643,0.3248,1.7083,-1.1493,1.3702,0.0758,0.5692,0.1903,1.0703,-0.1506,1.4459,-0.1764,0.5826,-0.0431
1.5157,0.7214,0.6213,0.3069,1.6517,-1.1638,1.2621,0.088,0.5063,0.1953,1.0269,-0.1529,1.5229,-0.2214,0.5562,-0.059
1.5157,0.7214,0.6213,0.3069,1.6517,-1.1638,1.2621,0.088,0.5063,0.1953,1.0269,-0.1529,1.5229,-0.2214,0.5562,-0.059
1.5157,0.7214,0.6213,0.3069,1.6517,-1.1638,1.2621,0.088,0.5063,0.1953,1.0269,-0.1529,1.5229,-0.2214,0.5562,-0.059
1.4142,0.7023,0.6448,0.273,1.6167,-1.1772,1.1809,0.0907,0.4777,0.1795,1.0088,-0.17,1.4902,-0.1742,0.4806,-0.0574
1.4142,0.7023,0.6448,0.273,1.6167,-1.1772,1.1809,0.0907,0.4777,0.1795,1.0088,-0.17,1.4902,-0.1742,0.4806,-0.0574
1.4142,0.7023,0.6448,0.273,1.6167,-1.1772,1.1809,0.0907,0.4777,0.1795,1.0088,-0.17,1.4902,-0.1742,0.4806,-0.0574
1.3385,0.6471,0.5996,0.289,1.5448,-1.1689,1.1001,0.0934,0.4753,0.1545,0.971,-0.1801,1.3526,-0.1077,0.443,-0.0566
1.3385,0.6471,0.584,0.3115,1.5527,-1.1802,1.0638,0.089,0.4492,0.1638,0.9225,-0.1747,1.3362,-0.084,0.6023,-0.1254
1.2383,0.6281,0.5389,0.3275,1.5976,-1.2132,1.0354,0.0732,0.3687,0.1664,0.8509,-0.1786,1.2485,-0.0888,0.5645,-0.1246
1.2383,0.6281,0.5389,0.3275,1.5976,-1.2132,1.0354,0.0732,0.3687,0.1664,0.8509,-0.1786,1.2485,-0.0888,0.5645,-0.1246
1.2383,0.6281,0.5389,0.3275,1.5976,-1.2132,1.0354,0.0732,0.3687,0.1664,0.8509,-0.1786,1.2485,-0.0888,0.5645,-0.1246
1.1885,0.6186,0.5017,0.3321,1.6054,-1.2245,0.9813,0.0666,0.2526,0.1646,0.8046,-0.1973,1.0584,-0.0751,0.4775,-0.1063
1.1885,0.6186,0.5017,0.3321,1.6054,-1.2245,0.9813,0.0666,0.2526,0.1646,0.8046,-0.1973,1.0584,-0.0751,0.4775,-0.1063
1.1885,0.6186,0.5017,0.3321,1.6054,-1.2245,0.9813,0.0666,0.2526,0.1646,0.8046,-0.1973,1.0584,-0.0751,0.4775,-0.1063
1.2133,0.5828,0.4725,0.3254,1.5684,-1.2029,0.9452,0.0622,0.1708,0.1423,0.7248,-0.2098,0.9293,-0.0827,0.3046,-0.0702
1.2133,0.5828,0.4725,0.3254,1.5684,-1.2029,0.9452,0.0622,0.1708,0.1423,0.7248,-0.2098,0.9293,-0.0827,0.3046,-0.0702
1.2628,0.5114,0.4355,0.3299,1.547,-1.2039,0.9171,0.0464,0.1507,0.1154,0.6824,-0.2122,0.8865,-0.0853,0.2674,-0.0696
1.4372,0.423,0.4355,0.3299,1.4967,-1.1946,0.9688,0.0282,0.1585,0.1042,0.6718,-0.1968,0.9456,-0.1062,0.3161,-0.0868
1.4372,0.423,0.4355,0.3299,1.4967,-1.1946,0.9688,0.0282,0.1585,0.1042,0.6718,-0.1968,0.9456,-0.1062,0.3161,-0.0868
1.3878,0.4942,0.4422,0.3446,1.5179,-1.1936,1.0748,0.0164,0.22,0.0995,0.7123,-0.1705,1.0315,-0.1011,0.342,-0.071
1.3878,0.4942,0.4422,0.3446,1.5179,-1.1936,1.0748,0.0164,0.22,0.0995,0.7123,-0.1705,1.0315,-0.1011,0.342,-0.071
1.363,0.5299,0.5232,0.3501,1.5527,-1.1802,1.1523,0.0749,0.3122,0.1351,0.8491,-0.1546,1.2213,-0.1148,0.443,-0.0566
1.363,0.5299,0.5232,0.3501,1.5527,-1.1802,1.1523,0.0749,0.3122,0.1351,0.8491,-0.1546,1.2213,-0.1148,0.443,-0.0566
1.3382,0.5657,0.6272,0.3475,1.6246,-1.1885,1.2462,0.1109,0.4936,0.1567,1.0251,-0.1288,1.3362,-0.084,0.5331,-0.0256
1.3382,0.5657,0.6272,0.3475,1.6246,-1.1885,1.2462,0.1109,0.4936,0.1567,1.0251,-0.1288,1.3362,-0.084,0.5331,-0.0256
1.4389,0.5844,0.731,0.3709,1.6947,-1.1617,1.3513,0.1608,0.7566,0.1501,1.2032,-0.103,1.4355,-0.0292,0.6736,-0.0121
1.4389,0.5844,0.731,0.3709,1.6947,-1.1617,1.3513,0.1608,0.7566,0.1501,1.2032,-0.103,1.4355,-0.0292,0.6736,-0.0121
1.4645,0.6298,0.7669,0.4186,1.7514,-1.1473,1.4546,0.1855,0.9005,0.2036,1.3484,-0.071,1.4632,-0.0028,0.8271,-0.0156
1.4645,0.6298,0.7669,0.4186,1.7514,-1.1473,1.4546,0.1855,0.9005,0.2036,1.3484,-0.071,1.4632,-0.0028,0.8271,-0.0156
1.5662,0.6486,0.8418,0.4354,1.8974,-1.1644,1.54,0.2081,0.9704,0.249,1.4466,-0.0578,1.4632,-0.0028,0.8927,-0.0006
1.5662,0.6486,0.8418,0.4354,1.8974,-1.1644,1.54,0.2081,0.9704,0.249,1.4466,-0.0578,1.4632,-0.0028,0.8927,-0.0006
1.592,0.6944,0.9099,0.4374,1.9928,-1.1721,1.634,0.219,0.992,0.2765,1.5471,-0.0693,1.4189,-0.0053,0.8306,0.0341
1.592,0.6944,0.9099,0.4374,1.9928,-1.1721,1.634,0.219,0.992,0.2765,1.5471,-0.0693,1.4189,-0.0053,0.8306,0.0341
1.6432,0.7039,0.925,0.4408,2.0207,-1.1472,1.6718,0.2233,1.0109,0.2787,1.592,-0.0672,1.3747,-0.0077,0.7921,0.035
1.6432,0.7039,0.925,0.4408,2.0207,-1.1472,1.6718,0.2233,1.0109,0.2787,1.592,-0.0672,1.3747,-0.0077,0.7921,0.035
1.6432,0.7039,0.925,0.4408,2.0207,-1.1472,1.6718,0.2233,1.0109,0.2787,1.592,-0.0672,1.3747,-0.0077,0.7921,0.035
1.7971,0.6496,0.9481,0.4326,2.0047,-1.1242,1.7367,0.2181,1.0028,0.2903,1.611,-0.0498,1.3141,0.0137,0.7419,0.0527
1.849,0.6588,0.933,0.4293,1.9967,-1.1127,1.8101,0.201,1.0217,0.2925,1.6355,-0.0404,1.4023,0.0187,0.7921,0.035
1.7717,0.6861,0.9259,0.4144,1.9748,-1.1136,1.8101,0.201,1.0217,0.2925,1.6149,-0.0331,1.5855,-0.0461,0.8541,0.0003
1.7717,0.6861,0.9259,0.4144,1.9748,-1.1136,1.8101,0.201,1.0217,0.2925,1.6149,-0.0331,1.5855,-0.0461,0.8541,0.0003
1.5157,0.7214,0.9037,0.3962,1.8714,-1.0945,1.7367,0.2181,1.0488,0.2829,1.5793,-0.0265,1.6918,-0.0655,0.8424,0.0172
1.5157,0.7214,0.9037,0.3962,1.8714,-1.0945,1.7367,0.2181,1.0488,0.2829,1.5793,-0.0265,1.6918,-0.0655,0.8424,0.0172
1.5157,0.7214,0.9037,0.3962,1.8714,-1.0945,1.7367,0.2181,1.0488,0.2829,1.5793,-0.0265,1.6918,-0.0655,0.8424,0.0172
1.4142,0.7023,0.9196,0.3733,1.8496,-1.0955,1.6636,0.235,1.0678,0.285,1.5699,-0.0353,1.6867,0.009,0.881,0.0163
1.4142,0.7023,0.9196,0.3733,1.8496,-1.0955,1.6636,0.235,1.0678,0.285,1.5699,-0.0353,1.6867,0.009,0.881,0.0163
1.4394,0.666,0.9196,0.3733,1.8199,-1.085,1.6447,0.2329,1.1573,0.2446,1.5604,-0.044,1.6982,0.0597,0.9821,-0.0194
1.4139,0.6204,0.8656,0.401,1.8279,-1.0965,1.634,0.219,1.1573,0.2446,1.551,-0.0527,1.5579,0.1276,1.1228,-0.0563
1.4139,0.6204,0.8656,0.401,1.8279,-1.0965,1.634,0.219,1.1573,0.2446,1.551,-0.0527,1.5579,0.1276,1.1228,-0.0563
1.4139,0.6204,0.8656,0.401,1.8279,-1.0965,1.634,0.219,1.1573,0.2446,1.551,-0.0527,1.5579,0.1276,1.1228,-0.0563
1.4645,0.6298,0.8577,0.4125,1.9172,-1.128,1.6421,0.2073,1.1411,0.268,1.5565,-0.0606,1.5915,0.0791,1.2249,-0.0924
1.4645,0.6298,0.8577,0.4125,1.9172,-1.128,1.6421,0.2073,1.1411,0.268,1.5565,-0.0606,1.5915,0.0791,1.2249,-0.0924
1.5662,0.6486,0.8497,0.424,1.9908,-1.1367,1.661,0.2094,1.0678,0.285,1.5581,-0.0852,1.5356,0.026,1.1111,-0.0394
1.5662,0.6486,0.8427,0.4091,1.9828,-1.1251,1.6151,0.2168,0.992,0.2765,1.5447,-0.1105,1.4355,-0.0292,0.9704,-0.0025
1.5662,0.6486,0.8427,0.4091,1.9828,-1.1251,1.6151,0.2168,0.992,0.2765,1.5447,-0.1105,1.4355,-0.0292,0.9704,-0.0025
1.5662,0.6486,0.8427,0.4091,1.9828,-1.1251,1.6151,0.2168,0.992,0.2765,1.5447,-0.1105,1.4355,-0.0292,0.9704,-0.0025
1.8477,0.5766,0.8506,0.3977,1.9967,-1.1127,1.5963,0.2146,0.9812,0.2627,1.5557,-0.1263,1.3913,-0.0316,0.9198,0.0154
1.8477,0.5766,0.8506,0.3977,1.9967,-1.1127,1.5963,0.2146,0.9812,0.2627,1.5557,-0.1263,1.3913,-0.0316,0.9198,0.0154
2.055,0.5309,0.8656,0.401,1.9588,-1.0906,1.6125,0.1912,0.9624,0.2606,1.5149,-0.1119,1.3913,-0.0316,0.881,0.0163
2.055,0.5309,0.8656,0.401,1.9588,-1.0906,1.6125,0.1912,0.9624,0.2606,1.5149,-0.1119,1.3913,-0.0316,0.881,0.0163
2.0313,0.6498,0.8656,0.401,1.907,-1.081,1.6475,0.1701,0.9247,0.2563,1.4851,-0.1133,1.513,-0.0746,0.8927,-0.0006
2.0313,0.6498,0.8656,0.401,1.907,-1.081,1.6475,0.1701,0.9247,0.2563,1.4851,-0.1133,1.513,-0.0746,0.8927,-0.0006
1.8756,0.7049,0.8436,0.3829,1.8714,-1.0945,1.583,0.1753,0.9059,0.2542,1.4757,-0.1219,1.7417,-0.1373,0.9044,-0.0175
1.8756,0.7049,0.8436,0.3829,1.8714,-1.0945,1.583,0.1753,0.9059,0.2542,1.4757,-0.1219,1.7417,-0.1373,0.9044,-0.0175
1.5924,0.7772,0.8444,0.3567,1.8142,-1.109,1.4733,0.1877,0.831,0.2456,1.407,-0.1334,1.6801,-0.1156,0.8388,-0.0324
1.5924,0.7772,0.8444,0.3567,1.8142,-1.109,1.4733,0.1877,0.831,0.2456,1.407,-0.1334,1.6801,-0.1156,0.8388,-0.0324
1.4904,0.7579,0.8065,0.3614,1.8084,-1.1329,1.3722,0.1883,0.8364,0.2088,1.3277,-0.1292,1.6635,-0.0917,0.8119,-0.0483
1.4904,0.7579,0.8065,0.3614,1.8084,-1.1329,1.3722,0.1883,0.8364,0.2088,1.3277,-0.1292,1.6635,-0.0917,0.8119,-0.0483
1.4649,0.7119,0.7529,0.389,1.7571,-1.1235,1.3167,0.1817,0.8071,0.193,1.2543,-0.1329,1.6022,-0.07,0.9241,-0.1006
1.4649,0.7119,0.7529,0.389,1.7571,-1.1235,1.3167,0.1817,0.8071,0.193,1.2543,-0.1329,1.6022,-0.07,0.9241,-0.1006
1.4901,0.6755,0.7222,0.4085,1.7947,-1.1454,1.3143,0.1564,0.7433,0.1982,1.1811,-0.1367,1.6022,-0.07,0.9977,-0.1519
1.4901,0.6755,0.7222,0.4085,1.7947,-1.1454,1.3143,0.1564,0.7433,0.1982,1.1811,-0.1367,1.6022,-0.07,0.9977,-0.1519
1.3637,0.6927,0.6549,0.4064,1.8184,-1.1797,1.267,0.1383,0.6244,0.1968,1.1192,-0.1561,1.4244,-0.0792,0.8584,-0.1153
1.3637,0.6927,0.6549,0.4064,1.8184,-1.1797,1.267,0.1383,0.6244,0.1968,1.1192,-0.1561,1.4244,-0.0792,0.8584,-0.1153
1.2383,0.7097,0.6253,0.3997,1.7889,-1.1692,1.204,0.1432,0.5063,0.1953,1.072,-0.1747,1.2923,-0.0864,0.7815,-0.1134
1.2383,0.7097,0.6253,0.3997,1.7889,-1.1692,1.204,0.1432,0.5063,0.1953,1.072,-0.1747,1.2923,-0.0864,0.7815,-0.1134
1.3385,0.6471,0.6036,0.3816,1.7219,-1.1369,1.1674,0.1388,0.4413,0.1752,1.0394,-0.1926,1.145,-0.0701,0.6934,-0.0948
1.3385,0.6471,0.6036,0.3816,1.7219,-1.1369,1.1674,0.1388,0.4413,0.1752,1.0394,-0.1926,1.145,-0.0701,0.6934,-0.0948
1.3385,0.6471,0.6036,0.3816,1.7219,-1.1369,1.1674,0.1388,0.4413,0.1752,1.0394,-0.1926,1.145,-0.0701,0.6934,-0.0948
1.4895,0.5937,0.6115,0.3702,1.714,-1.1255,1.1833,0.1158,0.4207,0.1481,0.9908,-0.1871,1.1016,-0.0726,0.6057,-0.0764
1.4895,0.5937,0.6115,0.3702,1.714,-1.1255,1.1833,0.1158,0.4207,0.1481,0.9908,-0.1871,1.1016,-0.0726,0.6057,-0.0764
1.4895,0.5937,0.6115,0.3702,1.714,-1.1255,1.1833,0.1158,0.4207,0.1481,0.9908,-0.1871,1.1016,-0.0726,0.6057,-0.0764
1.4645,0.6298,0.5526,0.3568,1.6201,-1.1182,1.1388,0.1229,0.3663,0.1416,0.8992,-0.184,1.2376,-0.1384,0.5299,-0.0748
1.4645,0.6298,0.5526,0.3568,1.6201,-1.1182,1.1388,0.1229,0.3663,0.1416,0.8992,-0.184,1.2376,-0.1384,0.5299,-0.0748
1.2883,0.6376,0.5536,0.3308,1.5425,-1.1338,1.0581,0.1254,0.3302,0.1372,0.8617,-0.1941,1.2539,-0.1619,0.4545,-0.0732
1.2883,0.6376,0.5536,0.3308,1.5425,-1.1338,1.0581,0.1254,0.3302,0.1372,0.8617,-0.1941,1.2539,-0.1619,0.4545,-0.0732
1.2883,0.6376,0.5536,0.3308,1.5425,-1.1338,1.0581,0.1254,0.3302,0.1372,0.8617,-0.1941,1.2539,-0.1619,0.4545,-0.0732
1.2632,0.5922,0.532,0.3128,1.5078,-1.1472,0.9699,0.1394,0.364,0.1167,0.8385,-0.2034,1.1614,-0.0937,0.4169,-0.0724
1.2383,0.6281,0.5164,0.3354,1.4944,-1.1596,0.9339,0.1349,0.4056,0.085,0.8153,-0.2127,1.145,-0.0701,0.4284,-0.089
1.2383,0.6281,0.4861,0.3546,1.5022,-1.171,0.8979,0.1304,0.3616,0.092,0.7532,-0.2082,1.042,-0.0515,0.4513,-0.1221
1.2383,0.6281,0.4861,0.3546,1.5022,-1.171,0.8979,0.1304,0.3616,0.092,0.7532,-0.2082,1.042,-0.0515,0.4513,-0.1221
1.2633,0.6736,0.4333,0.3818,1.5897,-1.2019,0.8879,0.1167,0.284,0.1194,0.6966,-0.2114,0.9396,-0.0331,0.4628,-0.1386
1.2633,0.6736,0.4333,0.3818,1.5897,-1.2019,0.8879,0.1167,0.284,0.1194,0.6966,-0.2114,0.9396,-0.0331,0.4628,-0.1386
1.2633,0.6736,0.4333,0.3818,1.5897,-1.2019,0.8879,0.1167,0.284,0.1194,0.6966,-0.2114,0.9396,-0.0331,0.4628,-0.1386
1.2633,0.6736,0.4412,0.3705,1.656,-1.2338,0.8778,0.1031,0.1429,0.1267,0.6367,-0.2307,0.8601,-0.1113,0.3131,-0.1354
1.2633,0.6736,0.4412,0.3705,1.656,-1.2338,0.8778,0.1031,0.1429,0.1267,0.6367,-0.2307,0.8601,-0.1113,0.3131,-0.1354
1.2383,0.6281,0.412,0.3638,1.6403,-1.2112,0.8857,0.0918,0.0896,0.1201,0.6614,-0.2452,0.8175,-0.1139,0.2159,-0.1011
1.3382,0.5657,0.4187,0.3784,1.6381,-1.1761,0.9475,0.0871,0.1073,0.1223,0.7019,-0.219,0.8175,-0.1139,0.1675,-0.084
1.3382,0.5657,0.4187,0.3784,1.6381,-1.1761,0.9475,0.0871,0.1073,0.1223,0.7019,-0.219,0.8175,-0.1139,0.1675,-0.084
1.5145,0.5577,0.4693,0.4033,1.7083,-1.1493,1.1001,0.0934,0.2324,0.1376,0.8313,-0.1717,0.8865,-0.0853,0.2788,-0.0861
1.5145,0.5577,0.4693,0.4033,1.7083,-1.1493,1.1001,0.0934,0.2324,0.1376,0.8313,-0.1717,0.8865,-0.0853,0.2788,-0.0861
1.5145,0.5577,0.4693,0.4033,1.7083,-1.1493,1.1001,0.0934,0.2324,0.1376,0.8313,-0.1717,0.8865,-0.0853,0.2788,-0.0861
1.4895,0.5937,0.5132,0.4135,1.7651,-1.1349,1.2358,0.0972,0.3687,0.1664,0.9872,-0.1389,1.1506,-0.1432,0.3794,-0.0717
1.4895,0.5937,0.5132,0.4135,1.7651,-1.1349,1.2358,0.0972,0.3687,0.1664,0.9872,-0.1389,1.1506,-0.1432,0.3794,-0.0717
1.4895,0.5937,0.5132,0.4135,1.7651,-1.1349,1.2358,0.0972,0.3687,0.1664,0.9872,-0.1389,1.1506,-0.1432,0.3794,-0.0717
1.4139,0.6204,0.5879,0.4043,1.7629,-1.0995,1.3383,0.1218,0.4984,0.2067,1.1503,-0.1139,1.3251,-0.1337,0.4806,-0.0574
1.4139,0.6204,0.5879,0.4043,1.7629,-1.0995,1.3383,0.1218,0.4984,0.2067,1.1503,-0.1139,1.3251,-0.1337,0.4806,-0.0574
1.3134,0.6832,0.6549,0.4064,1.7903,-1.0745,1.4149,0.1558,0.6903,0.2169,1.3059,-0.0977,1.4686,-0.0769,0.571,-0.0264
1.3134,0.6832,0.6549,0.4064,1.7903,-1.0745,1.4149,0.1558,0.6903,0.2169,1.3059,-0.0977,1.4686,-0.0769,0.571,-0.0264
1.3134,0.6832,0.6994,0.4165,1.804,-1.062,1.4546,0.1855,0.8658,0.2246,1.4131,-0.0759,1.5243,-0.0244,0.7235,-0.0297
1.4394,0.666,0.759,0.43,1.8772,-1.0704,1.5562,0.1847,0.9974,0.2395,1.5023,-0.0715,1.6136,-0.0197,0.9395,-0.068
1.4394,0.666,0.759,0.43,1.8772,-1.0704,1.5562,0.1847,0.9974,0.2395,1.5023,-0.0715,1.6136,-0.0197,0.9395,-0.068
1.541,0.685,0.7888,0.4368,1.9508,-1.079,1.5775,0.2124,1.0569,0.2712,1.5565,-0.0606,1.6585,-0.0174,1.0445,-0.0542
1.541,0.685,0.7888,0.4368,1.9508,-1.079,1.5775,0.2124,1.0569,0.2712,1.5565,-0.0606,1.6585,-0.0174,1.0445,-0.0542
1.4904,0.7579,0.7958,0.4517,2.0027,-1.0886,1.607,0.2285,1.0298,0.2808,1.6031,-0.0831,1.5689,-0.0221,0.9821,-0.0194
1.4904,0.7579,0.7958,0.4517,2.0027,-1.0886,1.607,0.2285,1.0298,0.2808,1.6031,-0.0831,1.5689,-0.0221,0.9821,-0.0194
1.6432,0.7039,0.8188,0.4436,1.9946,-1.077,1.607,0.2285,1.0488,0.2829,1.6441,-0.0976,1.5689,-0.0221,0.9586,0.0145
1.6432,0.7039,0.8188,0.4436,1.9946,-1.077,1.607,0.2285,1.0488,0.2829,1.6441,-0.0976,1.5689,-0.0221,0.9586,0.0145
1.9265,0.6314,0.8418,0.4354,1.9866,-1.0655,1.5989,0.2402,1.0407,0.2946,1.6276,-0.0737,1.5689,-0.0221,0.9586,0.0145
1.9265,0.6314,0.8418,0.4354,1.9866,-1.0655,1.5989,0.2402,1.0407,0.2946,1.6276,-0.0737,1.5689,-0.0221,0.9586,0.0145
1.8756,0.7049,0.8267,0.4321,1.9347,-1.0559,1.6421,0.2073,1.0407,0.2946,1.622,-0.0657,1.6136,-0.0197,0.9976,0.0135
1.8756,0.7049,0.8267,0.4321,1.9347,-1.0559,1.6421,0.2073,1.0407,0.2946,1.622,-0.0657,1.6136,-0.0197,0.9976,0.0135
1.798,0.7323,0.7888,0.4368,1.891,-1.0579,1.6314,0.1934,1.0136,0.3042,1.607,-0.0665,1.7987,-0.0851,1.0093,-0.0035
1.798,0.7323,0.7888,0.4368,1.891,-1.0579,1.6314,0.1934,1.0136,0.3042,1.607,-0.0665,1.7987,-0.0851,1.0093,-0.0035
1.6692,0.75,0.8277,0.4058,1.8554,-1.0715,1.5668,0.1986,0.9758,0.2999,1.5975,-0.0751,1.8773,-0.131,1.0093,-0.0035
1.6692,0.75,0.8277,0.4058,1.8554,-1.0715,1.5668,0.1986,0.9758,0.2999,1.5975,-0.0751,1.8773,-0.131,1.0093,-0.0035
1.6692,0.75,0.8277,0.4058,1.8554,-1.0715,1.5668,0.1986,0.9758,0.2999,1.5975,-0.0751,1.8773,-0.131,1.0093,-0.0035
1.5157,0.7214,0.8206,0.391,1.8199,-1.085,1.4945,0.2153,0.992,0.2765,1.5936,-0.0917,1.844,-0.083,1.0211,-0.0204
1.5157,0.7214,0.8206,0.391,1.8199,-1.085,1.4945,0.2153,0.992,0.2765,1.5936,-0.0917,1.844,-0.083,1.0211,-0.0204
1.541,0.685,0.8118,0.4287,1.7903,-1.0745,1.4491,0.2226,1.0082,0.2532,1.5227,-0.0787,1.8273,-0.0589,1.1345,-0.0732
1.541,0.685,0.8118,0.4287,1.7903,-1.0745,1.4491,0.2226,1.0082,0.2532,1.5227,-0.0787,1.8273,-0.0589,1.1345,-0.0732
1.541,0.685,0.8118,0.4287,1.7903,-1.0745,1.4491,0.2226,1.0082,0.2532,1.5227,-0.0787,1.8273,-0.0589,1.1345,-0.0732
1.592,0.6944,0.7958,0.4517,1.8794,-1.106,1.4839,0.2015,0.9731,0.2744,1.4725,-0.073,1.844,-0.083,1.1855,-0.0913
1.592,0.6944,0.7958,0.4517,1.8794,-1.106,1.4839,0.2015,0.9731,0.2744,1.4725,-0.073,1.844,-0.083,1.1855,-0.0913
1.592,0.6944,0.7958,0.4517,1.8794,-1.106,1.4839,0.2015,0.9731,0.2744,1.4725,-0.073,1.844,-0.083,1.1855,-0.0913
1.5157,0.7214,0.7888,0.4368,1.9768,-1.1491,1.4733,0.1877,0.9086,0.2796,1.4241,-0.0917,1.7535,-0.0873,1.0445,-0.0542
1.5157,0.7214,0.7888,0.4368,1.9768,-1.1491,1.4733,0.1877,0.9086,0.2796,1.4241,-0.0917,1.7535,-0.0873,1.0445,-0.0542
1.541,0.685,0.7818,0.422,1.9689,-1.1376,1.4279,0.1949,0.7882,0.2783,1.3961,-0.1176,1.6187,-0.0939,0.9666,-0.0522
1.6173,0.658,0.752,0.4152,1.931,-1.1156,1.3827,0.2021,0.7484,0.2486,1.3425,-0.1285,1.513,-0.0746,0.8774,-0.0334
1.6686,0.6674,0.7371,0.4119,1.8714,-1.0945,1.4254,0.1695,0.7273,0.2212,1.2929,-0.1228,1.4686,-0.0769,0.8774,-0.0334
1.6686,0.6674,0.7371,0.4119,1.8714,-1.0945,1.4254,0.1695,0.7273,0.2212,1.2929,-0.1228,1.4686,-0.0769,0.8774,-0.0334
1.6432,0.7039,0.6994,0.4165,1.8279,-1.0965,1.4415,0.1464,0.6903,0.2169,1.2488,-0.125,1.5461,-0.1222,0.8891,-0.0502
1.6432,0.7039,0.6994,0.4165,1.8279,-1.0965,1.4415,0.1464,0.6903,0.2169,1.2488,-0.125,1.5461,-0.1222,0.8891,-0.0502
1.5157,0.7214,0.6776,0.3984,1.7708,-1.111,1.3963,0.1536,0.6613,0.2011,1.2104,-0.1352,1.6071,-0.1438,0.8388,-0.0324
1.5157,0.7214,0.6776,0.3984,1.7708,-1.111,1.3963,0.1536,0.6613,0.2011,1.2104,-0.1352,1.6071,-0.1438,0.8388,-0.0324
1.5157,0.7214,0.6776,0.3984,1.7708,-1.111,1.3963,0.1536,0.6613,0.2011,1.2104,-0.1352,1.6071,-0.1438,0.8388,-0.0324
1.4142,0.7023,0.6786,0.3722,1.706,-1.1141,1.2983,0.1795,0.6323,0.1853,1.1574,-0.146,1.6071,-0.1438,0.7619,-0.0306
1.4142,0.7023,0.6786,0.3722,1.706,-1.1141,1.2983,0.1795,0.6323,0.1853,1.1574,-0.146,1.6071,-0.1438,0.7619,-0.0306
1.4142,0.7023,0.6786,0.3722,1.706,-1.1141,1.2983,0.1795,0.6323,0.1853,1.1574,-0.146,1.6071,-0.1438,0.7619,-0.0306
1.4394,0.666,0.6559,0.3803,1.663,-1.1161,1.2087,0.1937,0.6377,0.1489,1.13,-0.1717,1.4851,-0.1007,0.6853,-0.0289
1.3888,0.6566,0.6105,0.3963,1.6201,-1.1182,1.1538,0.187,0.6457,0.1374,1.0865,-0.174,1.4244,-0.0792,0.7584,-0.08
1.4394,0.666,0.58,0.4157,1.6788,-1.139,1.1435,0.1732,0.5667,0.1653,1.0142,-0.1778,1.2759,-0.0627,0.7815,-0.1134
1.4394,0.666,0.58,0.4157,1.6788,-1.139,1.1435,0.1732,0.5667,0.1653,1.0142,-0.1778,1.2759,-0.0627,0.7815,-0.1134
1.3637,0.6927,0.5879,0.4043,1.7162,-1.1607,1.115,0.1573,0.4334,0.1866,0.9727,-0.2041,1.1777,-0.1172,0.6553,-0.094
1.3637,0.6927,0.5879,0.4043,1.7162,-1.1607,1.115,0.1573,0.4334,0.1866,0.9727,-0.2041,1.1777,-0.1172,0.6553,-0.094
1.3637,0.6927,0.5879,0.4043,1.7162,-1.1607,1.115,0.1573,0.4334,0.1866,0.9727,-0.2041,1.1777,-0.1172,0.6553,-0.094
1.3385,0.6471,0.5584,0.3975,1.6867,-1.1503,1.0865,0.1413,0.3348,0.187,0.9852,-0.2436,1.091,-0.1221,0.5793,-0.0922
1.3385,0.6471,0.5584,0.3975,1.6867,-1.1503,1.0865,0.1413,0.3348,0.187,0.9852,-0.2436,1.091,-0.1221,0.5793,-0.0922
1.3385,0.6471,0.5584,0.3975,1.6867,-1.1503,1.0865,0.1413,0.3348,0.187,0.9852,-0.2436,1.091,-0.1221,0.5793,-0.0922
1.4139,0.6204,0.529,0.3908,1.6494,-1.1286,1.0321,0.1347,0.2447,0.176,0.9331,-0.2543,0.9456,-0.1062,0.466,-0.0898
1.5904,0.5309,0.5064,0.3988,1.6201,-1.1182,1.014,0.1324,0.2167,0.1602,0.8741,-0.2335,0.9456,-0.1062,0.3794,-0.0717
1.5904,0.5309,0.5064,0.3988,1.6201,-1.1182,1.014,0.1324,0.2167,0.1602,0.8741,-0.2335,0.9456,-0.1062,0.3794,-0.0717
1.5904,0.5309,0.4547,0.3999,1.6066,-1.1306,1.0456,0.0868,0.2044,0.122,0.8065,-0.2212,0.9618,-0.1296,0.3534,-0.0875
1.5904,0.5309,0.4547,0.3999,1.6066,-1.1306,1.0456,0.0868,0.2044,0.122,0.8065,-0.2212,0.9618,-0.1296,0.3534,-0.0875
1.4895,0.5937,0.4255,0.3931,1.5931,-1.1431,1.0095,0.0824,0.1764,0.1064,0.7107,-0.2106,1.0372,-0.1739,0.3389,-0.1197
1.4895,0.5937,0.4255,0.3931,1.5931,-1.1431,1.0095,0.0824,0.1764,0.1064,0.7107,-0.2106,1.0372,-0.1739,0.3389,-0.1197
1.2383,0.6281,0.3974,0.3604,1.5291,-1.1462,0.8958,0.1054,0.1229,0.0998,0.6542,-0.2138,1.156,-0.2158,0.3017,-0.119
1.2383,0.6281,0.3974,0.3604,1.5291,-1.1462,0.8958,0.1054,0.1229,0.0998,0.6542,-0.2138,1.156,-0.2158,0.3017,-0.119
1.2383,0.6281,0.3974,0.3604,1.5291,-1.1462,0.8958,0.1054,0.1229,0.0998,0.6542,-0.2138,1.156,-0.2158,0.3017,-0.119
1.0398,0.6712,0.3762,0.3424,1.4574,-1.138,0.8242,0.0964,0.0951,0.0842,0.5945,-0.2332,1.1235,-0.1691,0.2759,-0.1347
1.0398,0.6712,0.3762,0.3424,1.4574,-1.138,0.8242,0.0964,0.0951,0.0842,0.5945,-0.2332,1.1235,-0.1691,0.2759,-0.1347
1.0398,0.6712,0.3762,0.3424,1.4574,-1.138,0.8242,0.0964,0.0951,0.0842,0.5945,-0.2332,1.1235,-0.1691,0.2759,-0.1347
0.9662,0.6162,0.2581,0.3671,1.4096,-1.1639,0.7252,0.0716,0.0497,0.0665,0.5264,-0.2609,1.1073,-0.1456,0.4447,-0.2191
0.9662,0.6162,0.2581,0.3671,1.4096,-1.1639,0.7252,0.0716,0.0497,0.0665,0.5264,-0.2609,1.1073,-0.1456,0.4447,-0.2191
0.9173,0.6066,0.2072,0.3681,1.4253,-1.1864,0.6721,0.0649,-0.0111,0.0711,0.4759,-0.2718,1.0048,-0.1271,0.4073,-0.2183
0.9173,0.6066,0.2072,0.3681,1.4253,-1.1864,0.6721,0.0649,-0.0111,0.0711,0.4759,-0.2718,1.0048,-0.1271,0.4073,-0.2183
0.9173,0.6066,0.1629,0.3838,1.4833,-1.2069,0.6721,0.0649,-0.0892,0.0734,0.4831,-0.303,0.9086,-0.1812,0.3213,-0.2003
0.9173,0.6066,0.1629,0.3838,1.4833,-1.2069,0.6721,0.0649,-0.0892,0.0734,0.4831,-0.303,0.9086,-0.1812,0.3213,-0.2003
1.0647,0.5545,0.2072,0.3681,1.4888,-1.1833,0.682,0.0784,-0.054,0.0778,0.5336,-0.2922,0.8924,-0.158,0.2986,-0.1675
1.0647,0.5545,0.2072,0.3681,1.4888,-1.1833,0.682,0.0784,-0.054,0.0778,0.5336,-0.2922,0.8924,-0.158,0.2986,-0.1675
1.2875,0.4758,0.2804,0.3592,1.4999,-1.1359,0.7707,0.0897,0.0774,0.082,0.6632,-0.269,0.9942,-0.1763,0.3618,-0.1527
1.2875,0.4758,0.2804,0.3592,1.4999,-1.1359,0.7707,0.0897,0.0774,0.082,0.6632,-0.269,0.9942,-0.1763,0.3618,-0.1527
1.363,0.5299,0.3382,0.3728,1.548,-1.1099,0.9137,0.1076,0.2402,0.1264,0.8296,-0.2119,1.1073,-0.1456,0.4513,-0.1221
1.363,0.5299,0.3382,0.3728,1.548,-1.1099,0.9137,0.1076,0.2402,0.1264,0.8296,-0.2119,1.1073,-0.1456,0.4513,-0.1221
1.4645,0.6298,0.4109,0.3897,1.5963,-1.0839,1.0842,0.1162,0.4129,0.1594,0.9944,-0.1708,1.3415,-0.1573,0.5908,-0.1088
1.4645,0.6298,0.4109,0.3897,1.5963,-1.0839,1.0842,0.1162,0.4129,0.1594,0.9944,-0.1708,1.3415,-0.1573,0.5908,-0.1088
1.4645,0.6298,0.4109,0.3897,1.5963,-1.0839,1.0842,0.1162,0.4129,0.1594,0.9944,-0.1708,1.3415,-0.1573,0.5908,-0.1088
1.3637,0.6927,0.4918,0.3954,1.6098,-1.0714,1.1857,0.141,0.543,0.1996,1.1574,-0.146,1.5345,-0.172,0.6819,-0.0782
1.3637,0.6927,0.4918,0.3954,1.6098,-1.0714,1.1857,0.141,0.543,0.1996,1.1574,-0.146,1.5345,-0.172,0.6819,-0.0782
1.2883,0.7194,0.6115,0.3702,1.6313,-1.0703,1.2511,0.1613,0.6638,0.2263,1.2635,-0.1243,1.6353,-0.1178,0.7967,-0.0809
1.2883,0.7194,0.6115,0.3702,1.6313,-1.0703,1.2511,0.1613,0.6638,0.2263,1.2635,-0.1243,1.6353,-0.1178,0.7967,-0.0809
1.2883,0.7194,0.6115,0.3702,1.6313,-1.0703,1.2511,0.1613,0.6638,0.2263,1.2635,-0.1243,1.6353,-0.1178,0.7967,-0.0809
1.3637,0.6927,0.6618,0.4212,1.6743,-1.0682,1.2822,0.2026,0.831,0.2456,1.3758,-0.1105,1.6303,-0.0438,1.0133,-0.1194
1.3637,0.6927,0.6618,0.4212,1.6743,-1.0682,1.2822,0.2026,0.831,0.2456,1.3758,-0.1105,1.6303,-0.0438,1.0133,-0.1194
1.3637,0.6927,0.6311,0.4407,1.7413,-1.1006,1.3087,0.1933,0.8149,0.2688,1.3665,-0.1191,1.5855,-0.0461,0.9744,-0.1184
1.3637,0.6927,0.6311,0.4407,1.7413,-1.1006,1.3087,0.1933,0.8149,0.2688,1.3665,-0.1191,1.5855,-0.0461,0.9744,-0.1184
1.3386,0.729,0.6459,0.4441,1.8142,-1.109,1.3007,0.2048,0.7429,0.2855,1.3588,-0.1521,1.4964,-0.0507,0.8854,-0.0996
1.3386,0.729,0.6459,0.4441,1.8142,-1.109,1.3007,0.2048,0.7429,0.2855,1.3588,-0.1521,1.4964,-0.0507,0.8854,-0.0996
1.3386,0.729,0.6459,0.4441,1.8142,-1.109,1.3007,0.2048,0.7429,0.2855,1.3588,-0.1521,1.4964,-0.0507,0.8854,-0.0996
1.4394,0.666,0.6391,0.4292,1.8062,-1.0975,1.2903,0.191,0.7058,0.2811,1.3403,-0.1692,1.4686,-0.0769,0.8083,-0.0976
1.6164,0.5761,0.6016,0.4339,1.7766,-1.087,1.2983,0.1795,0.6848,0.2537,1.2907,-0.1635,1.3802,-0.0816,0.7201,-0.0791
1.5913,0.6123,0.5868,0.4305,1.7469,-1.0766,1.3408,0.147,0.7008,0.2306,1.2559,-0.1572,1.4408,-0.103,0.7815,-0.1134
1.5913,0.6123,0.5868,0.4305,1.7469,-1.0766,1.3408,0.147,0.7008,0.2306,1.2559,-0.1572,1.4408,-0.103,0.7815,-0.1134
1.5913,0.6123,0.5868,0.4305,1.7469,-1.0766,1.3408,0.147,0.7008,0.2306,1.2559,-0.1572,1.4408,-0.103,0.7815,-0.1134
1.5662,0.6486,0.6026,0.4077,1.7333,-1.0891,1.3408,0.147,0.6558,0.2378,1.2066,-0.1516,1.5181,-0.1482,0.7317,-0.0958
1.5662,0.6486,0.6026,0.4077,1.7333,-1.0891,1.3408,0.147,0.6558,0.2378,1.2066,-0.1516,1.5181,-0.1482,0.7317,-0.0958
1.5152,0.6392,0.6184,0.3849,1.6902,-1.0912,1.3143,0.1564,0.6903,0.2169,1.192,-0.1523,1.5461,-0.1222,0.7815,-0.1134
1.5152,0.6392,0.6184,0.3849,1.6902,-1.0912,1.3143,0.1564,0.6903,0.2169,1.192,-0.1523,1.5461,-0.1222,0.7815,-0.1134
1.5152,0.6392,0.6184,0.3849,1.6902,-1.0912,1.3143,0.1564,0.6903,0.2169,1.192,-0.1523,1.5461,-0.1222,0.7815,-0.1134
1.4394,0.666,0.6411,0.3769,1.6686,-1.0922,1.2614,0.1751,0.7593,0.1752,1.2028,-0.168,1.5295,-0.0984,0.7317,-0.0958
1.4394,0.666,0.6401,0.403,1.6607,-1.0807,1.2614,0.1751,0.8124,0.1564,1.2028,-0.168,1.4686,-0.0769,0.8083,-0.0976
1.4394,0.666,0.6401,0.403,1.6607,-1.0807,1.2614,0.1751,0.8124,0.1564,1.2028,-0.168,1.4686,-0.0769,0.8083,-0.0976
1.4394,0.666,0.6401,0.403,1.6607,-1.0807,1.2614,0.1751,0.8124,0.1564,1.2028,-0.168,1.4686,-0.0769,0.8083,-0.0976
1.4142,0.7023,0.647,0.4178,1.6607,-1.0807,1.2351,0.1844,0.7964,0.1794,1.1828,-0.1609,1.4078,-0.0554,0.9086,-0.1331
1.4142,0.7023,0.647,0.4178,1.6607,-1.0807,1.2351,0.1844,0.7964,0.1794,1.1828,-0.1609,1.4078,-0.0554,0.9086,-0.1331
1.4142,0.7023,0.647,0.4178,1.6607,-1.0807,1.2351,0.1844,0.7964,0.1794,1.1828,-0.1609,1.4078,-0.0554,0.9086,-0.1331
1.4901,0.6755,0.5937,0.4453,1.846,-1.1549,1.2247,0.1706,0.6533,0.2126,1.1155,-0.1725,1.2649,-0.1124,0.8083,-0.0976
1.4901,0.6755,0.5937,0.4453,1.846,-1.1549,1.2247,0.1706,0.6533,0.2126,1.1155,-0.1725,1.2649,-0.1124,0.8083,-0.0976
1.4142,0.7023,0.5868,0.4305,1.8163,-1.1444,1.1538,0.187,0.5167,0.2089,1.0737,-0.1988,1.1235,-0.1691,0.6819,-0.0782
1.4142,0.7023,0.5868,0.4305,1.8163,-1.1444,1.1538,0.187,0.5167,0.2089,1.0737,-0.1988,1.1235,-0.1691,0.6819,-0.0782
1.5152,0.6392,0.5573,0.4237,1.7867,-1.1339,1.0911,0.1918,0.4255,0.198,1.0411,-0.2166,0.9942,-0.1763,0.5447,-0.0423
1.5152,0.6392,0.5573,0.4237,1.7867,-1.1339,1.0911,0.1918,0.4255,0.198,1.0411,-0.2166,0.9942,-0.1763,0.5447,-0.0423
1.6425,0.6216,0.5426,0.4203,1.7197,-1.1016,1.1332,0.1595,0.3868,0.1686,0.9925,-0.2111,0.9247,-0.2045,0.4691,-0.0407
1.6425,0.6216,0.5426,0.4203,1.7197,-1.1016,1.1332,0.1595,0.3868,0.1686,0.9925,-0.2111,0.9247,-0.2045,0.4691,-0.0407
1.541,0.685,0.5132,0.4135,1.6766,-1.1036,1.1229,0.1458,0.3404,0.1507,0.9296,-0.2064,0.9569,-0.2509,0.4922,-0.074
1.541,0.685,0.5132,0.4135,1.6766,-1.1036,1.1229,0.1458,0.3404,0.1507,0.9296,-0.2064,0.9569,-0.2509,0.4922,-0.074
1.4649,0.7119,0.4468,0.4113,1.6201,-1.1182,1.0945,0.1299,0.2941,0.1329,0.8867,-0.2088,1.0479,-0.318,0.466,-0.0898
1.4649,0.7119,0.4468,0.4113,1.6201,-1.1182,1.0945,0.1299,0.2941,0.1329,0.8867,-0.2088,1.0479,-0.318,0.466,-0.0898
1.1884,0.7001,0.3963,0.3864,1.5346,-1.1224,0.9981,0.1553,0.2223,0.1242,0.8153,-0.2127,1.0959,-0.3871,0.4284,-0.089
1.1884,0.7001,0.3963,0.3864,1.5346,-1.1224,0.9981,0.1553,0.2223,0.1242,0.8153,-0.2127,1.0959,-0.3871,0.4284,-0.089
0.9415,0.6519,0.3684,0.3536,1.4284,-1.1277,0.8821,0.1532,0.1943,0.1085,0.7638,-0.2235,1.037,-0.3663,0.3909,-0.0882
0.9415,0.6519,0.3684,0.3536,1.4284,-1.1277,0.8821,0.1532,0.1943,0.1085,0.7638,-0.2235,1.037,-0.3663,0.3909,-0.0882
0.8686,0.5971,0.3171,0.3548,1.3571,-1.1197,0.8105,0.1441,0.1998,0.0726,0.6931,-0.2275,0.9036,-0.3018,0.3649,-0.104
0.8686,0.5971,0.3171,0.3548,1.3571,-1.1197,0.8105,0.1441,0.1998,0.0726,0.6931,-0.2275,0.9036,-0.3018,0.3649,-0.104
0.9665,0.5357,0.287,0.3739,1.3361,-1.1208,0.7749,0.1395,0.2052,0.0369,0.642,-0.2384,0.8611,-0.3042,0.4367,-0.1543
0.9665,0.5357,0.287,0.3739,1.3361,-1.1208,0.7749,0.1395,0.2052,0.0369,0.642,-0.2384,0.8611,-0.3042,0.4367,-0.1543
0.9665,0.5357,0.2425,0.3896,1.3728,-1.1423,0.7471,0.1236,0.1796,0.0459,0.5998,-0.2408,0.7868,-0.2606,0.5347,-0.1889
0.9665,0.5357,0.2425,0.3896,1.3728,-1.1423,0.7471,0.1236,0.1796,0.0459,0.5998,-0.2408,0.7868,-0.2606,0.5347,-0.1889
0.9665,0.5357,0.2425,0.3896,1.3728,-1.1423,0.7471,0.1236,0.1796,0.0459,0.5998,-0.2408,0.7868,-0.2606,0.5347,-0.1889
0.9665,0.5357,0.206,0.394,1.4096,-1.1639,0.7038,0.1304,0.0929,0.0597,0.5544,-0.2593,0.7605,-0.286,0.4856,-0.1716
0.9665,0.5357,0.185,0.376,1.3885,-1.1649,0.6585,0.1122,0.0143,0.0621,0.5475,-0.2914,0.6604,-0.268,0.3992,-0.1535
1.188,0.4575,0.2084,0.3423,1.3518,-1.1434,0.6486,0.0987,-0.0386,0.0556,0.5249,-0.3006,0.6763,-0.2909,0.3131,-0.1354
1.188,0.4575,0.2084,0.3423,1.3518,-1.1434,0.6486,0.0987,-0.0386,0.0556,0.5249,-0.3006,0.6763,-0.2909,0.3131,-0.1354
1.2622,0.4312,0.1797,0.3356,1.3097,-1.1456,0.6212,0.0828,-0.0815,0.0623,0.4917,-0.2946,0.6604,-0.268,0.3245,-0.1519
1.2622,0.4312,0.1797,0.3356,1.3097,-1.1456,0.6212,0.0828,-0.0815,0.0623,0.4917,-0.2946,0.6604,-0.268,0.3245,-0.1519
1.2622,0.4312,0.1797,0.3356,1.3097,-1.1456,0.6212,0.0828,-0.0815,0.0623,0.4917,-0.2946,0.6604,-0.268,0.3245,-0.1519
1.2622,0.4312,0.1797,0.3356,1.3097,-1.1456,0.6212,0.0828,-0.0815,0.0623,0.4917,-0.2946,0.6604,-0.268,0.3245,-0.1519
1.2628,0.5114,0.1653,0.3322,1.2809,-1.1354,0.6368,0.0603,-0.1165,0.0579,0.4448,-0.2895,0.7764,-0.309,0.2986,-0.1675
1.2628,0.5114,0.1653,0.3322,1.2809,-1.1354,0.6368,0.0603,-0.1165,0.0579,0.4448,-0.2895,0.7764,-0.309,0.2986,-0.1675
0.8686,0.5971,0.0874,0.3008,1.1998,-1.1748,0.4712,0.0511,-0.1961,0.0358,0.3669,-0.3019,1.0101,-0.3915,0.1987,-0.1816
0.8686,0.5971,0.0874,0.3008,1.1998,-1.1748,0.4712,0.0511,-0.1961,0.0358,0.3669,-0.3019,1.0101,-0.3915,0.1987,-0.1816
0.7715,0.5779,0.0667,0.2829,1.1659,-1.1882,0.3688,0.062,-0.2059,0.0225,0.3065,-0.2977,0.9782,-0.3456,0.1731,-0.1972
0.7715,0.5779,0.0667,0.2829,1.1659,-1.1882,0.3688,0.062,-0.2059,0.0225,0.3065,-0.2977,0.9782,-0.3456,0.1731,-0.1972
0.6507,0.5939,0.0293,0.3129,1.1451,-1.1893,0.3341,0.0574,-0.233,0.0071,0.2653,-0.3002,0.8611,-0.3042,0.1957,-0.2298
0.6507,0.5939,0.0293,0.3129,1.1451,-1.1893,0.3341,0.0574,-0.233,0.0071,0.2653,-0.3002,0.8611,-0.3042,0.1957,-0.2298
0.6507,0.5939,0.0293,0.3129,1.1451,-1.1893,0.3341,0.0574,-0.233,0.0071,0.2653,-0.3002,0.8611,-0.3042,0.1957,-0.2298
0.6751,0.5587,0.05,0.3308,1.1659,-1.1882,0.3765,0.0509,-0.2309,0.0314,0.3013,-0.2902,0.8291,-0.2581,0.3294,-0.2647
0.6751,0.5587,0.05,0.3308,1.1659,-1.1882,0.3765,0.0509,-0.2309,0.0314,0.3013,-0.2902,0.8291,-0.2581,0.3294,-0.2647
0.6751,0.5587,0.05,0.3308,1.1659,-1.1882,0.3765,0.0509,-0.2309,0.0314,0.3013,-0.2902,0.8291,-0.2581,0.3294,-0.2647
0.7232,0.5683,0.0992,0.3555,1.2493,-1.1838,0.4809,0.0646,-0.1669,0.0757,0.396,-0.2608,0.9142,-0.2533,0.4901,-0.2846
0.7715,0.5779,0.1486,0.3804,1.3831,-1.1886,0.6114,0.0693,-0.0597,0.1136,0.5279,-0.2212,0.9408,-0.2277,0.4823,-0.22
0.7715,0.5779,0.1486,0.3804,1.3831,-1.1886,0.6114,0.0693,-0.0597,0.1136,0.5279,-0.2212,0.9408,-0.2277,0.4823,-0.22
0.9173,0.6066,0.2347,0.4009,1.4865,-1.1483,0.7451,0.0987,0.0385,0.1381,0.6966,-0.2114,0.9086,-0.1812,0.4856,-0.1716
0.9173,0.6066,0.2347,0.4009,1.4865,-1.1483,0.7451,0.0987,0.0385,0.1381,0.6966,-0.2114,0.9086,-0.1812,0.4856,-0.1716
1.1636,0.5734,0.3148,0.4066,1.5401,-1.0985,0.8621,0.1259,0.163,0.1536,0.8474,-0.1949,0.8924,-0.158,0.5004,-0.1394
1.1636,0.5734,0.3148,0.4066,1.5401,-1.0985,0.8621,0.1259,0.163,0.1536,0.8474,-0.1949,0.8924,-0.158,0.5004,-0.1394
1.1636,0.5734,0.3148,0.4066,1.5401,-1.0985,0.8621,0.1259,0.163,0.1536,0.8474,-0.1949,0.8924,-0.158,0.5004,-0.1394
1.363,0.5299,0.3806,0.409,1.567,-1.0736,0.9778,0.1279,0.2965,0.1577,0.9261,-0.1584,0.9352,-0.1555,0.5645,-0.1246
1.363,0.5299,0.3806,0.409,1.567,-1.0736,0.9778,0.1279,0.2965,0.1577,0.9261,-0.1584,0.9352,-0.1555,0.5645,-0.1246
1.4895,0.5937,0.4165,0.4305,1.6313,-1.0703,1.1388,0.1229,0.3687,0.1664,0.9872,-0.1389,0.9942,-0.1763,0.6288,-0.1097
1.4895,0.5937,0.4165,0.4305,1.6313,-1.0703,1.1388,0.1229,0.3687,0.1664,0.9872,-0.1389,0.9942,-0.1763,0.6288,-0.1097
1.4901,0.6755,0.4535,0.426,1.6019,-1.06,1.1857,0.141,0.4231,0.173,0.9908,-0.1225,1.1722,-0.2392,0.6553,-0.094
1.4901,0.6755,0.4535,0.426,1.6019,-1.06,1.1857,0.141,0.4231,0.173,0.9908,-0.1225,1.1722,-0.2392,0.6553,-0.094
1.4901,0.6755,0.4535,0.426,1.6019,-1.06,1.1857,0.141,0.4231,0.173,0.9908,-0.1225,1.1722,-0.2392,0.6553,-0.094
1.3134,0.6832,0.5143,0.3874,1.5322,-1.0871,1.107,0.1688,0.5118,0.1589,1.0269,-0.1529,1.1398,-0.1925,0.6819,-0.0782
1.3134,0.6832,0.5143,0.3874,1.5322,-1.0871,1.107,0.1688,0.5118,0.1589,1.0269,-0.1529,1.1398,-0.1925,0.6819,-0.0782
1.3134,0.6832,0.4839,0.4067,1.4817,-1.0779,1.0888,0.1665,0.5197,0.1475,1.0034,-0.1623,1.0965,-0.1948,0.7432,-0.1124
1.3134,0.6832,0.4839,0.4067,1.4817,-1.0779,1.0888,0.1665,0.5197,0.1475,1.0034,-0.1623,1.0965,-0.1948,0.7432,-0.1124
1.3134,0.6832,0.4839,0.4067,1.4817,-1.0779,1.0888,0.1665,0.5197,0.1475,1.0034,-0.1623,1.0965,-0.1948,0.7432,-0.1124
1.2383,0.7097,0.4761,0.4181,1.5188,-1.0996,1.0706,0.1643,0.5039,0.1703,0.9746,-0.1638,1.0372,-0.1739,0.8546,-0.1644
1.2383,0.7097,0.4761,0.4181,1.5773,-1.1203,1.0706,0.1643,0.4231,0.173,0.9566,-0.1809,0.9675,-0.202,0.7165,-0.1282
1.1137,0.7265,0.4839,0.4067,1.5773,-1.1203,1.0264,0.1712,0.3427,0.1756,0.953,-0.1972,0.8395,-0.2094,0.5793,-0.0922
1.1137,0.7265,0.4839,0.4067,1.5773,-1.1203,1.0264,0.1712,0.3427,0.1756,0.953,-0.1972,0.8395,-0.2094,0.5793,-0.0922
1.1137,0.7265,0.4839,0.4067,1.5773,-1.1203,1.0264,0.1712,0.3427,0.1756,0.953,-0.1972,0.8395,-0.2094,0.5793,-0.0922
1.2883,0.6376,0.4614,0.4147,1.5694,-1.1089,1.0003,0.1805,0.3247,0.1734,0.9673,-0.1964,0.8234,-0.1862,0.4922,-0.074
1.2883,0.6376,0.4614,0.4147,1.5694,-1.1089,1.0003,0.1805,0.3247,0.1734,0.9673,-0.1964,0.8234,-0.1862,0.4922,-0.074
1.2883,0.6376,0.4614,0.4147,1.5694,-1.1089,1.0003,0.1805,0.3247,0.1734,0.9673,-0.1964,0.8234,-0.1862,0.4922,-0.074
1.3133,0.6016,0.4389,0.4226,1.5694,-1.1089,1.0343,0.1598,0.3066,0.1712,0.9566,-0.1809,0.8234,-0.1862,0.4545,-0.0732
1.2883,0.6376,0.4243,0.4192,1.5401,-1.0985,1.0945,0.1299,0.3145,0.1599,0.9315,-0.1662,0.8821,-0.2069,0.5267,-0.1237
1.1137,0.7265,0.3952,0.4124,1.4975,-1.1007,1.1024,0.1184,0.3224,0.1486,0.8974,-0.16,1.0158,-0.2717,0.4889,-0.1229
1.1137,0.7265,0.3952,0.4124,1.4975,-1.1007,1.1024,0.1184,0.3224,0.1486,0.8974,-0.16,1.0158,-0.2717,0.4889,-0.1229
0.9899,0.743,0.4187,0.3784,1.455,-1.1029,1.0423,0.1483,0.2784,0.1555,0.8545,-0.1624,1.0588,-0.2694,0.5004,-0.1394
0.9899,0.743,0.4187,0.3784,1.455,-1.1029,1.0423,0.1483,0.2784,0.1555,0.8545,-0.1624,1.0588,-0.2694,0.5004,-0.1394
0.8183,0.7494,0.3896,0.3717,1.4126,-1.1051,0.9801,0.153,0.302,0.1216,0.8224,-0.1802,1.0265,-0.2229,0.5004,-0.1394
0.8183,0.7494,0.3896,0.3717,1.4126,-1.1051,0.9801,0.153,0.302,0.1216,0.8224,-0.1802,1.0265,-0.2229,0.5004,-0.1394
0.8679,0.6779,0.3672,0.3796,1.3625,-1.0959,0.9361,0.16,0.3176,0.099,0.7851,-0.1904,1.0104,-0.1996,0.5496,-0.1568
0.8679,0.6779,0.3672,0.3796,1.3625,-1.0959,0.9361,0.16,0.3176,0.099,0.7851,-0.1904,1.0104,-0.1996,0.5496,-0.1568
0.8679,0.6779,0.3672,0.3796,1.3625,-1.0959,0.9361,0.16,0.3176,0.099,0.7851,-0.1904,1.0104,-0.1996,0.5496,-0.1568
0.9173,0.6066,0.3304,0.3841,1.3282,-1.1095,0.8821,0.1532,0.2918,0.1081,0.7478,-0.2005,0.9352,-0.1555,0.6483,-0.1917
0.9173,0.6066,0.3304,0.3841,1.3282,-1.1095,0.8821,0.1532,0.2918,0.1081,0.7478,-0.2005,0.9352,-0.1555,0.6483,-0.1917
0.9173,0.6066,0.3304,0.3841,1.3282,-1.1095,0.8821,0.1532,0.2918,0.1081,0.7478,-0.2005,0.9352,-0.1555,0.6483,-0.1917
0.9909,0.5806,0.2858,0.3998,1.3728,-1.1423,0.8642,0.1509,0.2402,0.1264,0.716,-0.2182,0.9513,-0.1788,0.6863,-0.1926
0.9909,0.5806,0.2858,0.3998,1.3728,-1.1423,0.8642,0.1509,0.2402,0.1264,0.716,-0.2182,0.9513,-0.1788,0.6863,-0.1926
1.0401,0.5901,0.2203,0.3974,1.4833,-1.2069,0.767,0.1509,0.0718,0.1179,0.6351,-0.2706,0.7708,-0.2375,0.4138,-0.1213
1.0401,0.5901,0.2203,0.3974,1.4833,-1.2069,0.767,0.1509,0.0718,0.1179,0.6351,-0.2706,0.7708,-0.2375,0.4138,-0.1213
1.0401,0.5901,0.2203,0.3974,1.4833,-1.2069,0.767,0.1509,0.0718,0.1179,0.6351,-0.2706,0.7708,-0.2375,0.4138,-0.1213
1.1388,0.5284,0.1994,0.3794,1.4253,-1.1864,0.7058,0.1554,0.001,0.109,0.6123,-0.2798,0.6865,-0.2425,0.3275,-0.1033
1.1388,0.5284,0.1994,0.3794,1.4253,-1.1864,0.7058,0.1554,0.001,0.109,0.6123,-0.2798,0.6865,-0.2425,0.3275,-0.1033
1.213,0.5021,0.1707,0.3726,1.3386,-1.1558,0.7038,0.1304,-0.0519,0.1024,0.5649,-0.2746,0.6604,-0.268,0.2045,-0.0847
1.213,0.5021,0.1707,0.3726,1.3386,-1.1558,0.7038,0.1304,-0.0519,0.1024,0.5649,-0.2746,0.6604,-0.268,0.2045,-0.0847
1.1884,0.5377,0.1707,0.3726,1.2521,-1.1253,0.7195,0.1078,-0.0871,0.098,0.5125,-0.2618,0.6604,-0.268,0.2273,-0.1176
1.1389,0.6091,0.1421,0.3657,1.1816,-1.1174,0.7174,0.0829,-0.1222,0.0935,0.4654,-0.2566,0.7764,-0.309,0.2017,-0.1333
1.1389,0.6091,0.1421,0.3657,1.1816,-1.1174,0.7174,0.0829,-0.1222,0.0935,0.4654,-0.2566,0.7764,-0.309,0.2017,-0.1333
1.1389,0.6091,0.1421,0.3657,1.1816,-1.1174,0.7174,0.0829,-0.1222,0.0935,0.4654,-0.2566,0.7764,-0.309,0.2017,-0.1333
0.9662,0.6162,0.1212,0.3478,1.127,-1.1321,0.6388,0.0851,-0.1572,0.0891,0.4429,-0.2659,0.9515,-0.3708,0.213,-0.1497
0.9662,0.6162,0.1212,0.3478,1.127,-1.1321,0.6388,0.0851,-0.1572,0.0891,0.4429,-0.2659,0.9515,-0.3708,0.213,-0.1497
0.7954,0.6229,0.1302,0.3109,1.0726,-1.1468,0.5178,0.0939,-0.2018,0.0713,0.3927,-0.2768,0.893,-0.3502,0.1874,-0.1653
0.7954,0.6229,0.1302,0.3109,1.0726,-1.1468,0.5178,0.0939,-0.2018,0.0713,0.3927,-0.2768,0.893,-0.3502,0.1874,-0.1653
0.7954,0.6229,0.1302,0.3109,1.0726,-1.1468,0.5178,0.0939,-0.2018,0.0713,0.3927,-0.2768,0.893,-0.3502,0.1874,-0.1653
0.6988,0.6036,0.1016,0.3041,1.0312,-1.1491,0.415,0.1048,-0.1787,0.038,0.3374,-0.2801,0.8611,-0.3042,0.125,-0.1802
0.6988,0.6036,0.1016,0.3041,1.0312,-1.1491,0.415,0.1048,-0.1787,0.038,0.3374,-0.2801,0.8611,-0.3042,0.125,-0.1802
0.6507,0.5939,0.0281,0.3385,1.0752,-1.1815,0.3187,0.0797,-0.2309,0.0314,0.2412,-0.286,0.7605,-0.286,0.244,-0.2468
0.6507,0.5939,0.0281,0.3385,1.0752,-1.1815,0.3187,0.0797,-0.2309,0.0314,0.2412,-0.286,0.7605,-0.286,0.244,-0.2468
0.6507,0.5939,0.0281,0.3385,1.0752,-1.1815,0.3187,0.0797,-0.2309,0.0314,0.2412,-0.286,0.7605,-0.286,0.244,-0.2468
0.6751,0.5587,-0.0221,0.3395,1.1191,-1.2139,0.2996,0.0528,-0.3176,0.0203,0.1832,-0.3053,0.5767,-0.273,0.1589,-0.229
0.6751,0.5587,-0.0221,0.3395,1.1191,-1.2139,0.2996,0.0528,-0.3176,0.0203,0.1832,-0.3053,0.5767,-0.273,0.1589,-0.229
0.5551,0.5746,-0.0504,0.3326,1.1114,-1.2027,0.2574,0.0593,-0.3941,0.0224,0.1988,-0.3278,0.4935,-0.2781,0.0629,-0.1951
0.5551,0.5746,-0.0504,0.3326,1.1114,-1.2027,0.2574,0.0593,-0.3941,0.0224,0.1988,-0.3278,0.4935,-0.2781,0.0629,-0.1951
0.7232,0.5683,-0.0221,0.3395,1.1296,-1.1669,0.2842,0.0751,-0.3769,0.0247,0.2346,-0.3178,0.4935,-0.2781,0.0516,-0.1789
0.7232,0.5683,-0.0221,0.3395,1.1296,-1.1669,0.2842,0.0751,-0.3769,0.0247,0.2346,-0.3178,0.4935,-0.2781,0.0516,-0.1789
1.0646,0.4743,0.0423,0.3419,1.1764,-1.141,0.4131,0.0801,-0.2657,0.027,0.3236,-0.2809,0.5351,-0.2756,0.1137,-0.1639
1.0646,0.4743,0.0423,0.3419,1.1764,-1.141,0.4131,0.0801,-0.2657,0.027,0.3236,-0.2809,0.5351,-0.2756,0.1137,-0.1639
1.0646,0.4743,0.0423,0.3419,1.1764,-1.141,0.4131,0.0801,-0.2657,0.027,0.3236,-0.2809,0.5351,-0.2756,0.1137,-0.1639
1.2875,0.4758,0.1278,0.3623,1.2652,-1.1128,0.6212,0.0828,-0.1088,0.0468,0.4827,-0.2398,0.6604,-0.268,0.2615,-0.1668
1.2875,0.4758,0.1278,0.3623,1.2652,-1.1128,0.6212,0.0828,-0.1088,0.0468,0.4827,-0.2398,0.6604,-0.268,0.2615,-0.1668
1.2875,0.4758,0.1278,0.3623,1.2652,-1.1128,0.6212,0.0828,-0.1088,0.0468,0.4827,-0.2398,0.6604,-0.268,0.2615,-0.1668
1.2132,0.7459,0.2714,0.3964,1.3757,-1.0834,0.9396,0.0985,0.1865,0.1198,0.7583,-0.1517,1.1179,-0.2903,0.4398,-0.1055
1.2132,0.7459,0.2714,0.3964,1.3757,-1.0834,0.9396,0.0985,0.1865,0.1198,0.7583,-0.1517,1.1179,-0.2903,0.4398,-0.1055
1.2132,0.7459,0.2714,0.3964,1.3757,-1.0834,0.9396,0.0985,0.1865,0.1198,0.7583,-0.1517,1.1179,-0.2903,0.4398,-0.1055
1.188,0.7822,0.3594,0.3909,1.3969,-1.0823,0.988,0.1416,0.3043,0.1464,0.8867,-0.1445,1.2045,-0.2858,0.5152,-0.1072
1.2132,0.7459,0.4187,0.3784,1.389,-1.071,1.0083,0.169,0.4207,0.1481,0.9584,-0.1405,1.1994,-0.2135,0.5415,-0.0914
1.2883,0.7194,0.4547,0.3999,1.4101,-1.0698,1.0184,0.1827,0.5015,0.1453,1.0016,-0.1381,1.1669,-0.1667,0.5793,-0.0922
1.2883,0.7194,0.4547,0.3999,1.4101,-1.0698,1.0184,0.1827,0.5015,0.1453,1.0016,-0.1381,1.1669,-0.1667,0.5793,-0.0922
1.2883,0.7194,0.4547,0.3999,1.4101,-1.0698,1.0184,0.1827,0.5015,0.1453,1.0016,-0.1381,1.1669,-0.1667,0.5793,-0.0922
1.3637,0.6927,0.4682,0.4294,1.4604,-1.079,1.0547,0.1872,0.5222,0.1724,0.9962,-0.1303,1.1073,-0.1456,0.6784,-0.1272
1.3637,0.6927,0.4682,0.4294,1.4604,-1.079,1.0547,0.1872,0.5222,0.1724,0.9962,-0.1303,1.1073,-0.1456,0.6784,-0.1272
1.3637,0.6927,0.4682,0.4294,1.4604,-1.079,1.0547,0.1872,0.5222,0.1724,0.9962,-0.1303,1.1073,-0.1456,0.6784,-0.1272
1.3386,0.729,0.4749,0.4442,1.548,-1.1099,1.0547,0.1872,0.5246,0.1974,1.0107,-0.1295,1.0641,-0.148,0.7281,-0.1448
1.3386,0.729,0.4749,0.4442,1.548,-1.1099,1.0547,0.1872,0.5246,0.1974,1.0107,-0.1295,1.0641,-0.148,0.7281,-0.1448
1.3134,0.7654,0.4749,0.4442,1.6359,-1.141,1.0808,0.178,0.4358,0.2116,0.998,-0.1545,1.0534,-0.1972,0.6668,-0.1106
1.2383,0.7097,0.4682,0.4294,1.6145,-1.142,1.0445,0.1735,0.3631,0.2028,1.0052,-0.1863,0.9247,-0.2045,0.5415,-0.0914
1.2383,0.7097,0.4682,0.4294,1.6145,-1.142,1.0445,0.1735,0.3631,0.2028,1.0052,-0.1863,0.9247,-0.2045,0.5415,-0.0914
1.4645,0.6298,0.4682,0.4294,1.5908,-1.1078,1.0445,0.1735,0.3168,0.1848,0.9961,-0.1949,0.8234,-0.1862,0.4545,-0.0732
1.4645,0.6298,0.4682,0.4294,1.5908,-1.1078,1.0445,0.1735,0.3168,0.1848,0.9961,-0.1949,0.8234,-0.1862,0.4545,-0.0732
1.5654,0.5669,0.4457,0.4374,1.5322,-1.0871,1.0445,0.1735,0.3066,0.1712,0.971,-0.1801,0.781,-0.1888,0.3794,-0.0717
1.5654,0.5669,0.4457,0.4374,1.5322,-1.0871,1.0445,0.1735,0.3066,0.1712,0.971,-0.1801,0.781,-0.1888,0.3794,-0.0717
1.4645,0.6298,0.4232,0.4453,1.5401,-1.0985,1.1047,0.1436,0.3224,0.1486,0.9315,-0.1662,0.8981,-0.2301,0.3534,-0.0875
1.4645,0.6298,0.4232,0.4453,1.5401,-1.0985,1.1047,0.1436,0.3224,0.1486,0.9315,-0.1662,0.8981,-0.2301,0.3534,-0.0875
1.3134,0.6832,0.4086,0.4419,1.4975,-1.1007,1.0706,0.1643,0.3302,0.1372,0.8974,-0.16,1.0319,-0.2949,0.3161,-0.0868
1.3134,0.6832,0.4086,0.4419,1.4975,-1.1007,1.0706,0.1643,0.3302,0.1372,0.8974,-0.16,1.0319,-0.2949,0.3161,-0.0868
1.114,0.6449,0.403,0.4011,1.4126,-1.1051,1.0003,0.1805,0.3302,0.1372,0.8831,-0.1608,1.0588,-0.2694,0.3161,-0.0868
1.114,0.6449,0.403,0.4011,1.4126,-1.1051,1.0003,0.1805,0.3302,0.1372,0.8831,-0.1608,1.0588,-0.2694,0.3161,-0.0868
1.0894,0.5996,0.3885,0.3977,1.3704,-1.1073,0.9743,0.1897,0.3561,0.1281,0.8742,-0.1693,1.0265,-0.2229,0.2674,-0.0696
1.0894,0.5996,0.3885,0.3977,1.3704,-1.1073,0.9743,0.1897,0.3561,0.1281,0.8742,-0.1693,1.0265,-0.2229,0.2674,-0.0696
1.0894,0.5996,0.403,0.4011,1.3414,-1.097,0.9743,0.1897,0.3923,0.1324,0.8938,-0.1763,0.9942,-0.1763,0.5004,-0.1394
1.0894,0.5996,0.403,0.4011,1.3414,-1.097,0.9743,0.1897,0.3923,0.1324,0.8938,-0.1763,0.9942,-0.1763,0.5004,-0.1394
1.0894,0.5996,0.3806,0.409,1.3704,-1.1073,0.9743,0.1897,0.3585,0.1529,0.8456,-0.1709,0.9352,-0.1555,0.5611,-0.1733
1.0894,0.5996,0.3806,0.409,1.3704,-1.1073,0.9743,0.1897,0.3585,0.1529,0.8456,-0.1709,0.9352,-0.1555,0.5611,-0.1733
1.0894,0.5996,0.3806,0.409,1.3704,-1.1073,0.9743,0.1897,0.3585,0.1529,0.8456,-0.1709,0.9352,-0.1555,0.5611,-0.1733
1.0153,0.6258,0.3437,0.4135,1.4362,-1.1391,0.9223,0.208,0.2965,0.1577,0.8082,-0.181,0.9086,-0.1812,0.5496,-0.1568
1.0153,0.6258,0.3437,0.4135,1.4362,-1.1391,0.9223,0.208,0.2965,0.1577,0.8082,-0.181,0.9086,-0.1812,0.5496,-0.1568
1.0153,0.6258,0.3437,0.4135,1.4362,-1.1391,0.9223,0.208,0.2965,0.1577,0.8082,-0.181,0.9086,-0.1812,0.5496,-0.1568
1.1141,0.564,0.3015,0.3773,1.3493,-1.1084,0.7889,0.2033,0.2044,0.122,0.7692,-0.2312,0.7548,-0.2144,0.2902,-0.1025
1.1141,0.564,0.3015,0.3773,1.3493,-1.1084,0.7889,0.2033,0.2044,0.122,0.7692,-0.2312,0.7548,-0.2144,0.2902,-0.1025
1.4125,0.4585,0.3171,0.3548,1.3204,-1.0981,0.7611,0.1873,0.1764,0.1064,0.7213,-0.2259,0.7548,-0.2144,0.2531,-0.1018
1.4125,0.4585,0.3171,0.3548,1.3204,-1.0981,0.7611,0.1873,0.1764,0.1064,0.7213,-0.2259,0.7548,-0.2144,0.2531,-0.1018
1.4125,0.4585,0.3171,0.3548,1.3204,-1.0981,0.7611,0.1873,0.1764,0.1064,0.7213,-0.2259,0.7548,-0.2144,0.2531,-0.1018
1.3878,0.4942,0.2804,0.3592,1.2417,-1.0789,0.8006,0.1304,0.1151,0.111,0.6542,-0.2138,0.8131,-0.235,0.2759,-0.1347
1.3878,0.4942,0.2804,0.3592,1.2417,-1.0789,0.8006,0.1304,0.1151,0.111,0.6542,-0.2138,0.8131,-0.235,0.2759,-0.1347
1.3878,0.4942,0.2804,0.3592,1.2417,-1.0789,0.8006,0.1304,0.1151,0.111,0.6542,-0.2138,0.8131,-0.235,0.2759,-0.1347
1.2632,0.5922,0.2515,0.3525,1.2364,-1.1027,0.7806,0.1032,0.0973,0.1088,0.6067,-0.2086,0.973,-0.274,0.3245,-0.1519
1.2632,0.5922,0.2515,0.3525,1.2364,-1.1027,0.7806,0.1032,0.0973,0.1088,0.6067,-0.2086,0.973,-0.274,0.3245,-0.1519
0.8926,0.6422,0.2317,0.3087,1.1556,-1.1422,0.6056,0.1054,0.0419,0.0777,0.5385,-0.2364,1.0158,-0.2717,0.31,-0.1839
0.8926,0.6422,0.2317,0.3087,1.1556,-1.1422,0.6056,0.1054,0.0419,0.0777,0.5385,-0.2364,1.0158,-0.2717,0.31,-0.1839
0.9173,0.6066,0.2161,0.3311,1.1634,-1.1534,0.5704,0.1008,0.0475,0.042,0.4913,-0.2313,0.9142,-0.2533,0.3699,-0.2175
0.9173,0.6066,0.2161,0.3311,1.1634,-1.1534,0.5704,0.1008,0.0475,0.042,0.4913,-0.2313,0.9142,-0.2533,0.3699,-0.2175
0.9173,0.6066,0.2161,0.3311,1.1634,-1.1534,0.5704,0.1008,0.0475,0.042,0.4913,-0.2313,0.9142,-0.2533,0.3699,-0.2175
0.8686,0.5971,0.1862,0.3501,1.114,-1.1445,0.5256,0.0827,0.0044,0.0488,0.4357,-0.2346,0.8556,-0.2326,0.4901,-0.2846
0.8686,0.5971,0.1862,0.3501,1.114,-1.1445,0.5256,0.0827,0.0044,0.0488,0.4357,-0.2346,0.8556,-0.2326,0.4901,-0.2846
0.9173,0.6066,0.1641,0.3579,1.1503,-1.1658,0.5158,0.0692,-0.0463,0.0667,0.4132,-0.2439,0.9302,-0.2764,0.4526,-0.2837
0.82,0.5875,0.0992,0.3555,1.1659,-1.1882,0.446,0.06,-0.1417,0.0668,0.3493,-0.2557,0.8451,-0.2812,0.3666,-0.2656
0.82,0.5875,0.0992,0.3555,1.1659,-1.1882,0.446,0.06,-0.1417,0.0668,0.3493,-0.2557,0.8451,-0.2812,0.3666,-0.2656
0.8445,0.5521,0.0707,0.3487,1.1659,-1.1882,0.4112,0.0555,-0.2463,0.0535,0.2908,-0.2751,0.6604,-0.268,0.1589,-0.229
0.8445,0.5521,0.0707,0.3487,1.1659,-1.1882,0.4112,0.0555,-0.2463,0.0535,0.2908,-0.2751,0.6604,-0.268,0.1589,-0.229
0.9176,0.5263,0.05,0.3308,1.1296,-1.1669,0.3592,0.0486,-0.3405,0.0534,0.2601,-0.2927,0.5033,-0.2298,-0.0102,-0.1938
0.9176,0.5263,0.05,0.3308,1.1296,-1.1669,0.3592,0.0486,-0.3405,0.0534,0.2601,-0.2927,0.5033,-0.2298,-0.0102,-0.1938
1.0646,0.4743,0.0358,0.3274,1.0933,-1.1456,0.3669,0.0374,-0.3846,0.0357,0.2001,-0.2885,0.4045,-0.2122,-0.0355,-0.2094
1.0646,0.4743,0.0358,0.3274,1.0933,-1.1456,0.3669,0.0374,-0.3846,0.0357,0.2001,-0.2885,0.4045,-0.2122,-0.0355,-0.2094
1.0893,0.519,0.0358,0.3274,1.0855,-1.1344,0.4248,0.0086,-0.4018,0.0334,0.1623,-0.2752,0.4618,-0.2324,-0.0355,-0.2094
1.0893,0.519,0.0358,0.3274,1.0855,-1.1344,0.4248,0.0086,-0.4018,0.0334,0.1623,-0.2752,0.4618,-0.2324,-0.0355,-0.2094
1.0647,0.5545,0.0281,0.3385,1.114,-1.1445,0.4595,0.0131,-0.3597,0.0269,0.1603,-0.2517,0.5767,-0.273,-0.0102,-0.1938
0.9909,0.5806,0.1004,0.3298,1.1348,-1.1433,0.4964,0.0422,-0.2733,0.038,0.2646,-0.2372,0.7024,-0.2655,-0.0076,-0.1457
0.9909,0.5806,0.1004,0.3298,1.1348,-1.1433,0.4964,0.0422,-0.2733,0.038,0.2646,-0.2372,0.7024,-0.2655,-0.0076,-0.1457
0.9909,0.5806,0.1004,0.3298,1.1348,-1.1433,0.4964,0.0422,-0.2733,0.038,0.2646,-0.2372,0.7024,-0.2655,-0.0076,-0.1457
1.0647,0.5545,0.2018,0.3277,1.1894,-1.1286,0.586,0.0783,-0.0836,0.0379,0.4251,-0.2194,0.7548,-0.2144,0.043,-0.1143
1.0647,0.5545,0.2018,0.3277,1.1894,-1.1286,0.586,0.0783,-0.0836,0.0379,0.4251,-0.2194,0.7548,-0.2144,0.043,-0.1143
1.0647,0.5545,0.2018,0.3277,1.1894,-1.1286,0.586,0.0783,-0.0836,0.0379,0.4251,-0.2194,0.7548,-0.2144,0.043,-0.1143
1.2381,0.5471,0.2648,0.3817,1.2574,-1.1015,0.7116,0.1191,0.1029,0.073,0.6048,-0.1847,0.8659,-0.1837,0.2273,-0.1176
1.2381,0.5471,0.2648,0.3817,1.2574,-1.1015,0.7116,0.1191,0.1029,0.073,0.6048,-0.1847,0.8659,-0.1837,0.2273,-0.1176
1.3133,0.6016,0.3661,0.4056,1.3625,-1.0959,0.8463,0.1486,0.266,0.1172,0.7637,-0.1595,0.9352,-0.1555,0.3877,-0.137
1.3888,0.6566,0.4535,0.426,1.5054,-1.1121,0.9721,0.1645,0.3687,0.1664,0.901,-0.1437,1.021,-0.1505,0.4775,-0.1063
1.3888,0.6566,0.4535,0.426,1.5054,-1.1121,0.9721,0.1645,0.3687,0.1664,0.901,-0.1437,1.021,-0.1505,0.4775,-0.1063
1.4142,0.7023,0.5347,0.4317,1.5908,-1.1078,1.0547,0.1872,0.4152,0.1844,1.0124,-0.1537,0.9942,-0.1763,0.4545,-0.0732
1.4142,0.7023,0.5347,0.4317,1.5908,-1.1078,1.0547,0.1872,0.4152,0.1844,1.0124,-0.1537,0.9942,-0.1763,0.4545,-0.0732
1.5662,0.6486,0.5789,0.4419,1.5963,-1.0839,1.1093,0.194,0.4777,0.1795,1.045,-0.1358,0.9942,-0.1763,0.3939,-0.0393
1.5662,0.6486,0.5789,0.4419,1.5963,-1.0839,1.1093,0.194,0.4777,0.1795,1.045,-0.1358,0.9942,-0.1763,0.3939,-0.0393
1.6173,0.658,0.6084,0.4487,1.6098,-1.0714,1.1984,0.1799,0.4698,0.1909,1.0685,-0.1264,0.9513,-0.1788,0.3564,-0.0385
1.6173,0.658,0.6084,0.4487,1.6098,-1.0714,1.1984,0.1799,0.4698,0.1909,1.0685,-0.1264,0.9513,-0.1788,0.3564,-0.0385
1.5667,0.731,0.6005,0.4601,1.6392,-1.0818,1.2694,0.1635,0.4881,0.1931,1.0577,-0.1108,1.0857,-0.2438,0.4169,-0.0724
1.5667,0.731,0.6005,0.4601,1.6392,-1.0818,1.2694,0.1635,0.4881,0.1931,1.0577,-0.1108,1.0857,-0.2438,0.4169,-0.0724
1.389,0.7387,0.5789,0.4419,1.5591,-1.0621,1.2167,0.1822,0.5143,0.1838,1.0577,-0.1108,1.1722,-0.2392,0.4054,-0.0559
1.389,0.7387,0.5789,0.4419,1.5591,-1.0621,1.2167,0.1822,0.5143,0.1838,1.0577,-0.1108,1.1722,-0.2392,0.4054,-0.0559
1.2632,0.7557,0.5868,0.4305,1.5377,-1.0632,1.1904,0.1915,0.5667,0.1653,1.0432,-0.1116,1.1831,-0.1901,0.4545,-0.0732
1.2632,0.7557,0.5868,0.4305,1.5377,-1.0632,1.1904,0.1915,0.5667,0.1653,1.0432,-0.1116,1.1831,-0.1901,0.4545,-0.0732
1.2383,0.7097,0.5563,0.4499,1.4871,-1.054,1.1984,0.1799,0.5747,0.1539,1.0197,-0.1209,1.1073,-0.1456,0.5645,-0.1246
1.2383,0.7097,0.5563,0.4499,1.4871,-1.054,1.1984,0.1799,0.5747,0.1539,1.0197,-0.1209,1.1073,-0.1456,0.5645,-0.1246
1.2633,0.6736,0.5415,0.4465,1.4951,-1.0654,1.1984,0.1799,0.5851,0.1675,1.0053,-0.1217,1.1506,-0.1432,0.6403,-0.1263
1.2633,0.6736,0.5415,0.4465,1.4951,-1.0654,1.1984,0.1799,0.5851,0.1675,1.0053,-0.1217,1.1506,-0.1432,0.6403,-0.1263
1.2633,0.6736,0.5415,0.4465,1.4951,-1.0654,1.1984,0.1799,0.5851,0.1675,1.0053,-0.1217,1.1506,-0.1432,0.6403,-0.1263
1.2883,0.6376,0.5268,0.4431,1.5401,-1.0985,1.164,0.2008,0.5405,0.1746,1.0215,-0.1451,1.0641,-0.148,0.6288,-0.1097
1.3884,0.5751,0.5347,0.4317,1.503,-1.0768,1.1378,0.21,0.496,0.1817,1.0323,-0.1607,1.021,-0.1505,0.5793,-0.0922
1.6153,0.4949,0.5573,0.4237,1.4871,-1.054,1.1378,0.21,0.5118,0.1589,1.0269,-0.1529,1.0372,-0.1739,0.4806,-0.0574
1.6153,0.4949,0.5573,0.4237,1.4871,-1.054,1.1378,0.21,0.5118,0.1589,1.0269,-0.1529,1.0372,-0.1739,0.4806,-0.0574
1.6927,0.5492,0.58,0.4157,1.4871,-1.054,1.164,0.2008,0.4857,0.1681,1.0016,-0.1381,0.978,-0.153,0.4806,-0.0574
1.6927,0.5492,0.58,0.4157,1.4871,-1.054,1.164,0.2008,0.4857,0.1681,1.0016,-0.1381,0.978,-0.153,0.4806,-0.0574
1.6927,0.5492,0.58,0.4157,1.4871,-1.054,1.164,0.2008,0.4857,0.1681,1.0016,-0.1381,0.978,-0.153,0.4806,-0.0574
1.6425,0.6216,0.5652,0.4123,1.4659,-1.0551,1.172,0.1892,0.5039,0.1703,1.0161,-0.1373,1.1994,-0.2135,0.5299,-0.0748
1.6425,0.6216,0.5652,0.4123,1.4659,-1.0551,1.172,0.1892,0.5039,0.1703,1.0161,-0.1373,1.1994,-0.2135,0.5299,-0.0748
1.4645,0.6298,0.5663,0.3862,1.4101,-1.0698,1.1173,0.1825,0.4857,0.1681,1.0016,-0.1381,1.1994,-0.2135,0.4922,-0.074
1.4645,0.6298,0.5663,0.3862,1.4101,-1.0698,1.1173,0.1825,0.4857,0.1681,1.0016,-0.1381,1.1994,-0.2135,0.4922,-0.074
1.2883,0.6376,0.5447,0.3681,1.3468,-1.0732,1.0366,0.185,0.4753,0.1545,0.953,-0.1327,1.1831,-0.1901,0.4169,-0.0724
1.2134,0.6641,0.5222,0.3761,1.2968,-1.0641,1.0083,0.169,0.4832,0.1432,0.944,-0.1413,1.1669,-0.1667,0.5267,-0.1237
1.2134,0.6641,0.5222,0.3761,1.2968,-1.0641,1.0083,0.169,0.4832,0.1432,0.944,-0.1413,1.1669,-0.1667,0.5267,-0.1237
1.2883,0.6376,0.4918,0.3954,1.3625,-1.0959,0.9721,0.1645,0.4468,0.1389,0.901,-0.1437,1.2104,-0.1643,0.5874,-0.1577
1.2883,0.6376,0.4918,0.3954,1.3625,-1.0959,0.9721,0.1645,0.4468,0.1389,0.901,-0.1437,1.2104,-0.1643,0.5874,-0.1577
1.2883,0.6376,0.4918,0.3954,1.3625,-1.0959,0.9721,0.1645,0.4468,0.1389,0.901,-0.1437,1.2104,-0.1643,0.5874,-0.1577
1.2383,0.6281,0.4547,0.3999,1.3994,-1.1175,0.9181,0.1577,0.3561,0.1281,0.8402,-0.1632,1.0803,-0.1715,0.5119,-0.1559
1.2383,0.6281,0.4547,0.3999,1.3994,-1.1175,0.9181,0.1577,0.3561,0.1281,0.8402,-0.1632,1.0803,-0.1715,0.5119,-0.1559
1.2383,0.6281,0.4547,0.3999,1.3994,-1.1175,0.9181,0.1577,0.3561,0.1281,0.8402,-0.1632,1.0803,-0.1715,0.5119,-0.1559
1.2632,0.5922,0.4255,0.3931,1.3704,-1.1073,0.8384,0.16,0.2402,0.1264,0.7744,-0.1749,0.978,-0.153,0.4367,-0.1543
1.2632,0.5922,0.4255,0.3931,1.3704,-1.1073,0.8384,0.16,0.2402,0.1264,0.7744,-0.1749,0.978,-0.153,0.4367,-0.1543
1.4887,0.5125,0.4109,0.3897,1.3625,-1.0959,0.8363,0.135,0.1842,0.0951,0.7035,-0.179,0.8337,-0.1372,0.3504,-0.1362
1.4887,0.5125,0.4109,0.3897,1.3625,-1.0959,0.8363,0.135,0.1842,0.0951,0.7035,-0.179,0.8337,-0.1372,0.3504,-0.1362
1.5145,0.5577,0.3963,0.3864,1.3625,-1.0959,0.8778,0.1031,0.1485,0.0908,0.6417,-0.1746,0.8337,-0.1372,0.3389,-0.1197
1.5145,0.5577,0.3963,0.3864,1.3625,-1.0959,0.8778,0.1031,0.1485,0.0908,0.6417,-0.1746,0.8337,-0.1372,0.3389,-0.1197
1.1885,0.6186,0.3762,0.3424,1.2574,-1.1015,0.755,0.1123,0.0929,0.0597,0.554,-0.1957,0.8659,-0.1837,0.2645,-0.1183
1.1885,0.6186,0.3762,0.3424,1.2574,-1.1015,0.755,0.1123,0.0929,0.0597,0.554,-0.1957,0.8659,-0.1837,0.2645,-0.1183
1.1885,0.6186,0.3762,0.3424,1.2574,-1.1015,0.755,0.1123,0.0929,0.0597,0.554,-0.1957,0.8659,-0.1837,0.2645,-0.1183
1.1885,0.6186,0.3684,0.3536,1.2652,-1.1128,0.7116,0.1191,0.1084,0.0373,0.5173,-0.2059,0.8073,-0.163,0.2387,-0.134
1.1885,0.6186,0.3684,0.3536,1.2652,-1.1128,0.7116,0.1191,0.1084,0.0373,0.5173,-0.2059,0.8073,-0.163,0.2387,-0.134
1.114,0.6449,0.346,0.3615,1.273,-1.1241,0.6762,0.1145,0.1006,0.0485,0.4947,-0.2152,0.8234,-0.1862,0.2986,-0.1675
1.114,0.6449,0.346,0.3615,1.273,-1.1241,0.6762,0.1145,0.1006,0.0485,0.4947,-0.2152,0.8234,-0.1862,0.2986,-0.1675
1.114,0.6449,0.346,0.3615,1.273,-1.1241,0.6762,0.1145,0.1006,0.0485,0.4947,-0.2152,0.8234,-0.1862,0.2986,-0.1675
1.1636,0.6545,0.3237,0.3694,1.3386,-1.1558,0.6663,0.1009,0.0221,0.051,0.4443,-0.2262,0.7126,-0.2169,0.1874,-0.1653
1.1636,0.6545,0.3237,0.3694,1.3386,-1.1558,0.6663,0.1009,0.0221,0.051,0.4443,-0.2262,0.7126,-0.2169,0.1874,-0.1653
1.1885,0.6186,0.3171,0.3548,1.3518,-1.1434,0.6036,0.0806,-0.1417,0.0668,0.429,-0.2667,0.5033,-0.2298,-0.044,-0.1451
1.1885,0.6186,0.3171,0.3548,1.3518,-1.1434,0.6036,0.0806,-0.1417,0.0668,0.429,-0.2667,0.5033,-0.2298,-0.044,-0.1451
1.1885,0.6186,0.3171,0.3548,1.3518,-1.1434,0.6036,0.0806,-0.1417,0.0668,0.429,-0.2667,0.5033,-0.2298,-0.044,-0.1451
1.1885,0.6186,0.2804,0.3592,1.3019,-1.1343,0.6016,0.0558,-0.1941,0.0602,0.3821,-0.2616,0.4618,-0.2324,-0.1055,-0.1602
1.1885,0.6186,0.2804,0.3592,1.3019,-1.1343,0.6016,0.0558,-0.1941,0.0602,0.3821,-0.2616,0.4618,-0.2324,-0.1055,-0.1602
1.1885,0.6186,0.2804,0.3592,1.3019,-1.1343,0.6016,0.0558,-0.1941,0.0602,0.3821,-0.2616,0.4618,-0.2324,-0.1055,-0.1602
1.114,0.6449,0.2515,0.3525,1.2599,-1.1365,0.584,0.0536,-0.2463,0.0535,0.3164,-0.2498,0.5351,-0.2756,-0.1305,-0.1758
0.9662,0.6162,0.2383,0.3233,1.1894,-1.1286,0.5158,0.0692,-0.281,0.0491,0.2889,-0.2515,0.5767,-0.273,-0.1667,-0.1752
0.9662,0.6162,0.2383,0.3233,1.1894,-1.1286,0.5158,0.0692,-0.281,0.0491,0.2889,-0.2515,0.5767,-0.273,-0.1667,-0.1752
0.8931,0.5616,0.2018,0.3277,1.1686,-1.1298,0.4906,0.0781,-0.1557,0.0048,0.3111,-0.2422,0.6445,-0.245,-0.1305,-0.1758
0.8931,0.5616,0.2018,0.3277,1.1686,-1.1298,0.4906,0.0781,-0.1557,0.0048,0.3111,-0.2422,0.6445,-0.245,-0.1305,-0.1758
0.8931,0.5616,0.2018,0.3277,1.1686,-1.1298,0.4906,0.0781,-0.1557,0.0048,0.3111,-0.2422,0.6445,-0.245,-0.1305,-0.1758
0.8931,0.5616,0.2371,0.3491,1.2025,-1.1162,0.5782,0.0895,-0.033,0.02,0.4059,-0.2126,0.7126,-0.2169,0.0629,-0.1951
0.9909,0.5806,0.2792,0.3851,1.3361,-1.1208,0.6939,0.1168,0.0929,0.0597,0.568,-0.1949,0.781,-0.1888,0.2357,-0.1824
0.9909,0.5806,0.2792,0.3851,1.3361,-1.1208,0.6939,0.1168,0.0929,0.0597,0.568,-0.1949,0.781,-0.1888,0.2357,-0.1824
0.9909,0.5806,0.2792,0.3851,1.3361,-1.1208,0.6939,0.1168,0.0929,0.0597,0.568,-0.1949,0.781,-0.1888,0.2357,-0.1824
1.1636,0.5734,0.3885,0.3977,1.4259,-1.0926,0.8284,0.1463,0.2379,0.1016,0.7602,-0.1757,0.8498,-0.1605,0.3017,-0.119
1.1636,0.5734,0.3885,0.3977,1.4259,-1.0926,0.8284,0.1463,0.2379,0.1016,0.7602,-0.1757,0.8498,-0.1605,0.3017,-0.119
1.1636,0.5734,0.3885,0.3977,1.4259,-1.0926,0.8284,0.1463,0.2379,0.1016,0.7602,-0.1757,0.8498,-0.1605,0.3017,-0.119
1.6415,0.54,0.5426,0.4203,1.5218,-1.0403,1.1332,0.1595,0.5118,0.1589,1.0486,-0.1194,1.0803,-0.1715,0.443,-0.0566
1.6415,0.54,0.5426,0.4203,1.5218,-1.0403,1.1332,0.1595,0.5118,0.1589,1.0486,-0.1194,1.0803,-0.1715,0.443,-0.0566
1.6938,0.6309,0.6095,0.4225,1.5432,-1.0392,1.2247,0.1706,0.5955,0.181,1.1394,-0.0982,1.2865,-0.2089,0.5184,-0.0582
1.6938,0.6309,0.6095,0.4225,1.5432,-1.0392,1.2247,0.1706,0.5955,0.181,1.1394,-0.0982,1.2865,-0.2089,0.5184,-0.0582
1.6938,0.6309,0.6095,0.4225,1.5432,-1.0392,1.2247,0.1706,0.5955,0.181,1.1394,-0.0982,1.2865,-0.2089,0.5184,-0.0582
1.592,0.6944,0.6697,0.4098,1.5432,-1.0392,1.2351,0.1844,0.6772,0.1781,1.2325,-0.1015,1.4182,-0.2022,0.5942,-0.0598
1.592,0.6944,0.6697,0.4098,1.5432,-1.0392,1.2351,0.1844,0.6772,0.1781,1.2325,-0.1015,1.4182,-0.2022,0.5942,-0.0598
1.4901,0.6755,0.7004,0.3904,1.5298,-1.0518,1.2007,0.2052,0.6957,0.1803,1.2471,-0.1007,1.4459,-0.1764,0.5447,-0.0423
1.4901,0.6755,0.7004,0.3904,1.5298,-1.0518,1.2007,0.2052,0.6957,0.1803,1.2471,-0.1007,1.4459,-0.1764,0.5447,-0.0423
1.4901,0.6755,0.6994,0.4165,1.5298,-1.0518,1.2007,0.2052,0.7222,0.1709,1.227,-0.0936,1.3691,-0.1314,0.6437,-0.0773
1.4394,0.666,0.6915,0.428,1.567,-1.0736,1.1824,0.203,0.7142,0.1824,1.1923,-0.0873,1.3691,-0.1314,0.7432,-0.1124
1.4394,0.666,0.6915,0.428,1.567,-1.0736,1.1824,0.203,0.7142,0.1824,1.1923,-0.0873,1.3691,-0.1314,0.7432,-0.1124
1.3888,0.6566,0.6766,0.4246,1.5963,-1.0839,1.1984,0.1799,0.6323,0.1853,1.1594,-0.1053,1.2813,-0.136,0.6437,-0.0773
1.3888,0.6566,0.6766,0.4246,1.5963,-1.0839,1.1984,0.1799,0.6323,0.1853,1.1594,-0.1053,1.2813,-0.136,0.6437,-0.0773
1.3888,0.6566,0.6766,0.4246,1.5963,-1.0839,1.1984,0.1799,0.6323,0.1853,1.1594,-0.1053,1.2813,-0.136,0.6437,-0.0773
1.4645,0.6298,0.6845,0.4132,1.5884,-1.0725,1.1458,0.1985,0.5326,0.186,1.1066,-0.1162,1.1506,-0.1432,0.5678,-0.0756
1.4645,0.6298,0.6845,0.4132,1.5884,-1.0725,1.1458,0.1985,0.5326,0.186,1.1066,-0.1162,1.1506,-0.1432,0.5678,-0.0756
1.7178,0.5131,0.6845,0.4132,1.6019,-1.06,1.172,0.1892,0.5222,0.1724,1.0921,-0.117,1.1073,-0.1456,0.6173,-0.0931
1.7178,0.5131,0.6845,0.4132,1.6019,-1.06,1.172,0.1892,0.5222,0.1724,1.0921,-0.117,1.1073,-0.1456,0.6173,-0.0931
1.8461,0.495,0.6994,0.4165,1.5646,-1.0381,1.2511,0.1613,0.5301,0.161,1.0867,-0.1092,1.091,-0.1221,0.6553,-0.094
1.8461,0.495,0.6994,0.4165,1.5646,-1.0381,1.2511,0.1613,0.5301,0.161,1.0867,-0.1092,1.091,-0.1221,0.6553,-0.094
1.8461,0.495,0.6994,0.4165,1.5646,-1.0381,1.2511,0.1613,0.5301,0.161,1.0867,-0.1092,1.091,-0.1221,0.6553,-0.094
1.6425,0.6216,0.7152,0.3937,1.5298,-1.0518,1.2614,0.1751,0.5484,0.1632,1.0468,-0.0951,1.2703,-0.1855,0.6322,-0.0606
1.6425,0.6216,0.7152,0.3937,1.5298,-1.0518,1.2614,0.1751,0.5484,0.1632,1.0468,-0.0951,1.2703,-0.1855,0.6322,-0.0606
1.5913,0.6123,0.731,0.3709,1.4871,-1.054,1.227,0.1959,0.5563,0.1517,1.0378,-0.1037,1.1941,-0.1408,0.5942,-0.0598
1.5913,0.6123,0.731,0.3709,1.4871,-1.054,1.227,0.1959,0.5563,0.1517,1.0378,-0.1037,1.1941,-0.1408,0.5942,-0.0598
1.5662,0.6486,0.738,0.3856,1.4871,-1.054,1.2007,0.2052,0.6089,0.1332,1.0233,-0.1045,1.1777,-0.1172,0.6057,-0.0764
1.5662,0.6486,0.738,0.3856,1.4871,-1.054,1.2007,0.2052,0.6089,0.1332,1.0233,-0.1045,1.1777,-0.1172,0.6057,-0.0764
1.5662,0.6486,0.745,0.4004,1.5535,-1.0861,1.1824,0.203,0.5826,0.1425,0.9998,-0.1139,1.1343,-0.1197,0.6173,-0.0931
1.541,0.685,0.7371,0.4119,1.6415,-1.1171,1.164,0.2008,0.5197,0.1475,0.9674,-0.1319,1.0478,-0.1246,0.5299,-0.0748
1.541,0.685,0.7371,0.4119,1.6415,-1.1171,1.164,0.2008,0.5197,0.1475,0.9674,-0.1319,1.0478,-0.1246,0.5299,-0.0748
1.4901,0.6755,0.6994,0.4165,1.6415,-1.1171,1.1093,0.194,0.4207,0.1481,0.9602,-0.1646,1.021,-0.1505,0.4054,-0.0559
1.4901,0.6755,0.6994,0.4165,1.6415,-1.1171,1.1093,0.194,0.4207,0.1481,0.9602,-0.1646,1.021,-0.1505,0.4054,-0.0559
1.4901,0.6755,0.6994,0.4165,1.6415,-1.1171,1.1093,0.194,0.4207,0.1481,0.9602,-0.1646,1.021,-0.1505,0.4054,-0.0559
1.6164,0.5761,0.6618,0.4212,1.6122,-1.1068,1.0808,0.178,0.3483,0.1394,0.9171,-0.1669,0.9352,-0.1555,0.2932,-0.0537
1.6164,0.5761,0.6618,0.4212,1.6122,-1.1068,1.0808,0.178,0.3483,0.1394,0.9171,-0.1669,0.9352,-0.1555,0.2932,-0.0537
1.6676,0.5854,0.647,0.4178,1.5749,-1.085,1.1229,0.1458,0.32,0.1237,0.8634,-0.1538,0.9352,-0.1555,0.3046,-0.0702
1.6676,0.5854,0.647,0.4178,1.5749,-1.085,1.1229,0.1458,0.32,0.1237,0.8634,-0.1538,0.9352,-0.1555,0.3046,-0.0702
1.4394,0.666,0.6026,0.4077,1.5401,-1.0985,1.0945,0.1299,0.248,0.1151,0.7921,-0.1579,1.0104,-0.1996,0.3017,-0.119
1.4394,0.666,0.6026,0.4077,1.5401,-1.0985,1.0945,0.1299,0.248,0.1151,0.7921,-0.1579,1.0104,-0.1996,0.3017,-0.119
1.2134,0.6641,0.5741,0.3748,1.455,-1.1029,1.014,0.1324,0.2021,0.0973,0.7406,-0.1688,1.0104,-0.1996,0.2759,-0.1347
1.2134,0.6641,0.5741,0.3748,1.455,-1.1029,1.014,0.1324,0.2021,0.0973,0.7406,-0.1688,1.0104,-0.1996,0.2759,-0.1347
1.114,0.6449,0.5526,0.3568,1.3915,-1.1061,0.9519,0.1371,0.1998,0.0726,0.6893,-0.1798,0.9942,-0.1763,0.2387,-0.134
1.114,0.6449,0.5526,0.3568,1.3915,-1.1061,0.9519,0.1371,0.1998,0.0726,0.6893,-0.1798,0.9942,-0.1763,0.2387,-0.134
1.1389,0.6091,0.53,0.3647,1.3414,-1.097,0.9418,0.1235,0.2076,0.0614,0.6718,-0.1968,0.978,-0.153,0.2986,-0.1675
1.1389,0.6091,0.53,0.3647,1.3414,-1.097,0.9418,0.1235,0.2076,0.0614,0.6718,-0.1968,0.978,-0.153,0.2986,-0.1675
1.1636,0.5734,0.4782,0.366,1.3282,-1.1095,0.88,0.1281,0.1819,0.0705,0.6348,-0.2069,0.9028,-0.1087,0.3959,-0.2019
1.1636,0.5734,0.4782,0.366,1.3282,-1.1095,0.88,0.1281,0.1819,0.0705,0.6348,-0.2069,0.9028,-0.1087,0.3959,-0.2019
1.2133,0.5828,0.4557,0.3739,1.3361,-1.1208,0.8442,0.1236,0.1207,0.0752,0.598,-0.2171,0.8337,-0.1372,0.2986,-0.1675
1.2133,0.5828,0.4557,0.3739,1.3361,-1.1208,0.8442,0.1236,0.1207,0.0752,0.598,-0.2171,0.8337,-0.1372,0.2986,-0.1675
1.288,0.5564,0.4636,0.3626,1.3282,-1.1095,0.8006,0.1304,0.0674,0.0687,0.5805,-0.234,0.8073,-0.163,0.213,-0.1497
1.5135,0.4767,0.449,0.3592,1.2993,-1.0993,0.7649,0.1259,0.0574,0.0553,0.5612,-0.2272,0.8073,-0.163,0.1647,-0.1326
1.5135,0.4767,0.449,0.3592,1.2993,-1.0993,0.7649,0.1259,0.0574,0.0553,0.5612,-0.2272,0.8073,-0.163,0.1647,-0.1326
1.5135,0.4767,0.449,0.3592,1.2993,-1.0993,0.7649,0.1259,0.0574,0.0553,0.5612,-0.2272,0.8073,-0.163,0.1647,-0.1326
1.5892,0.45,0.4344,0.3559,1.2286,-1.0914,0.7885,0.0919,0.032,0.0643,0.5279,-0.2212,0.7912,-0.1398,0.1761,-0.149
1.5892,0.45,0.4344,0.3559,1.2286,-1.0914,0.7885,0.0919,0.032,0.0643,0.5279,-0.2212,0.7912,-0.1398,0.1761,-0.149
1.4887,0.5125,0.3974,0.3604,1.1868,-1.0937,0.7863,0.0671,-0.0111,0.0711,0.5,-0.2228,0.8498,-0.1605,0.1392,-0.1483
1.4887,0.5125,0.3974,0.3604,1.1868,-1.0937,0.7863,0.0671,-0.0111,0.0711,0.5,-0.2228,0.8498,-0.1605,0.1392,-0.1483
1.363,0.5299,0.3907,0.3457,1.1608,-1.1185,0.7252,0.0716,-0.0639,0.0645,0.4721,-0.2245,0.9675,-0.202,0.1618,-0.1809
1.1388,0.5284,0.3471,0.3357,1.1062,-1.1332,0.629,0.0716,-0.0913,0.049,0.4026,-0.2287,0.9513,-0.1788,0.0883,-0.1795
1.1388,0.5284,0.3471,0.3357,1.1062,-1.1332,0.629,0.0716,-0.0913,0.049,0.4026,-0.2287,0.9513,-0.1788,0.0883,-0.1795
1.1388,0.5284,0.3471,0.3357,1.1062,-1.1332,0.629,0.0716,-0.0913,0.049,0.4026,-0.2287,0.9513,-0.1788,0.0883,-0.1795
1.0155,0.5451,0.3249,0.3435,1.0933,-1.1456,0.5684,0.076,-0.1186,0.0335,0.3664,-0.2388,0.9513,-0.1788,0.1476,-0.2128
1.0155,0.5451,0.3249,0.3435,1.0933,-1.1456,0.5684,0.076,-0.1186,0.0335,0.3664,-0.2388,0.9513,-0.1788,0.1476,-0.2128
0.9419,0.5711,0.3171,0.3548,1.1218,-1.1557,0.5762,0.0648,-0.1109,0.0224,0.3525,-0.2397,0.9942,-0.1763,0.1957,-0.2298
0.9419,0.5711,0.3171,0.3548,1.1218,-1.1557,0.5762,0.0648,-0.1109,0.0224,0.3525,-0.2397,0.9942,-0.1763,0.1957,-0.2298
0.9419,0.5711,0.3237,0.3694,1.2206,-1.1736,0.629,0.0716,-0.1186,0.0335,0.394,-0.2372,0.9513,-0.1788,0.1731,-0.1972
1.1141,0.564,0.3963,0.3864,1.3097,-1.1456,0.7195,0.1078,-0.0737,0.0512,0.4947,-0.2152,0.8924,-0.158,0.1392,-0.1483
1.1141,0.564,0.3963,0.3864,1.3097,-1.1456,0.7195,0.1078,-0.0737,0.0512,0.4947,-0.2152,0.8924,-0.158,0.1392,-0.1483
1.3878,0.4942,0.4771,0.392,1.3704,-1.1073,0.8442,0.1236,0.0929,0.0597,0.6417,-0.1746,0.978,-0.153,0.2273,-0.1176
1.3878,0.4942,0.4771,0.392,1.3704,-1.1073,0.8442,0.1236,0.0929,0.0597,0.6417,-0.1746,0.978,-0.153,0.2273,-0.1176
1.3878,0.4942,0.4771,0.392,1.3704,-1.1073,0.8442,0.1236,0.0929,0.0597,0.6417,-0.1746,0.978,-0.153,0.2273,-0.1176
1.5395,0.5217,0.5731,0.4009,1.4392,-1.0801,1.04,0.1232,0.2356,0.077,0.776,-0.1346,0.9885,-0.1036,0.3275,-0.1033
1.5395,0.5217,0.5731,0.4009,1.4392,-1.0801,1.04,0.1232,0.2356,0.077,0.776,-0.1346,0.9885,-0.1036,0.3275,-0.1033
1.5913,0.6123,0.6322,0.4144,1.4446,-1.0562,1.1674,0.1388,0.3459,0.1146,0.8883,-0.104,1.1506,-0.1432,0.3909,-0.0882
1.5913,0.6123,0.6322,0.4144,1.4446,-1.0562,1.1674,0.1388,0.3459,0.1146,0.8883,-0.104,1.1506,-0.1432,0.3909,-0.0882
1.5662,0.6486,0.6845,0.4132,1.4659,-1.0551,1.2247,0.1706,0.4468,0.1389,0.989,-0.0983,1.2813,-0.136,0.4545,-0.0732
1.5662,0.6486,0.6845,0.4132,1.4659,-1.0551,1.2247,0.1706,0.4468,0.1389,0.989,-0.0983,1.2813,-0.136,0.4545,-0.0732
1.6173,0.658,0.7599,0.4038,1.4951,-1.0654,1.2454,0.1982,0.5459,0.1382,1.0468,-0.0951,1.3087,-0.1101,0.443,-0.0566
1.6173,0.658,0.7599,0.4038,1.4951,-1.0654,1.2454,0.1982,0.5459,0.1382,1.0468,-0.0951,1.3087,-0.1101,0.443,-0.0566
1.6173,0.658,0.7898,0.4105,1.4871,-1.054,1.2558,0.212,0.6193,0.1467,1.0758,-0.0935,1.2759,-0.0627,0.5793,-0.0922
1.6173,0.658,0.7898,0.4105,1.4871,-1.054,1.2558,0.212,0.6193,0.1467,1.0758,-0.0935,1.2759,-0.0627,0.5793,-0.0922
1.6686,0.6674,0.7888,0.4368,1.5456,-1.0746,1.3007,0.2048,0.6219,0.1717,1.0812,-0.1014,1.2923,-0.0864,0.5793,-0.0922
1.6686,0.6674,0.7888,0.4368,1.5456,-1.0746,1.3007,0.2048,0.6219,0.1717,1.0812,-0.1014,1.2923,-0.0864,0.5793,-0.0922
1.6173,0.658,0.8118,0.4287,1.5749,-1.085,1.2822,0.2026,0.5772,0.1789,1.0921,-0.117,1.2049,-0.0912,0.4806,-0.0574
1.6173,0.658,0.8118,0.4287,1.5749,-1.085,1.2822,0.2026,0.5772,0.1789,1.0921,-0.117,1.2049,-0.0912,0.4806,-0.0574
1.6425,0.6216,0.7968,0.4253,1.567,-1.0736,1.2718,0.1888,0.5405,0.1746,1.0884,-0.1334,1.118,-0.0961,0.3939,-0.0393
1.6425,0.6216,0.7968,0.4253,1.567,-1.0736,1.2718,0.1888,0.5405,0.1746,1.0884,-0.1334,1.118,-0.0961,0.3939,-0.0393
1.719,0.5946,0.7888,0.4368,1.5591,-1.0621,1.2983,0.1795,0.5118,0.1589,1.0685,-0.1264,0.9989,-0.0541,0.3564,-0.0385
1.719,0.5946,0.7888,0.4368,1.5591,-1.0621,1.2983,0.1795,0.5118,0.1589,1.0685,-0.1264,0.9989,-0.0541,0.3564,-0.0385
1.6686,0.6674,0.7888,0.4368,1.5591,-1.0621,1.3248,0.1701,0.4936,0.1567,1.0341,-0.1202,1.118,-0.0961,0.3794,-0.0717
1.6686,0.6674,0.7888,0.4368,1.5591,-1.0621,1.3248,0.1701,0.4936,0.1567,1.0341,-0.1202,1.118,-0.0961,0.3794,-0.0717
1.5662,0.6486,0.7669,0.4186,1.5322,-1.0871,1.2799,0.1773,0.4492,0.1638,0.9998,-0.1139,1.2539,-0.1619,0.342,-0.071
1.5662,0.6486,0.7669,0.4186,1.5322,-1.0871,1.2799,0.1773,0.4492,0.1638,0.9998,-0.1139,1.2539,-0.1619,0.342,-0.071
1.4394,0.666,0.7828,0.3957,1.4817,-1.0779,1.2454,0.1982,0.4571,0.1524,1.0107,-0.1295,1.2813,-0.136,0.2817,-0.0372
1.4394,0.666,0.7828,0.3957,1.4817,-1.0779,1.2454,0.1982,0.4571,0.1524,1.0107,-0.1295,1.2813,-0.136,0.2817,-0.0372
1.4394,0.666,0.7828,0.3957,1.4817,-1.0779,1.2454,0.1982,0.4571,0.1524,1.0107,-0.1295,1.2813,-0.136,0.2817,-0.0372
1.3635,0.611,0.7679,0.3924,1.4604,-1.079,1.227,0.1959,0.4832,0.1432,0.9962,-0.1303,1.2213,-0.1148,0.342,-0.071
1.4139,0.6204,0.7828,0.3957,1.4817,-1.0779,1.2534,0.1866,0.4936,0.1567,0.9962,-0.1303,1.2649,-0.1124,0.4169,-0.0724
1.4139,0.6204,0.7828,0.3957,1.4817,-1.0779,1.2534,0.1866,0.4936,0.1567,0.9962,-0.1303,1.2649,-0.1124,0.4169,-0.0724
1.4139,0.6204,0.7828,0.3957,1.4817,-1.0779,1.2534,0.1866,0.4936,0.1567,0.9962,-0.1303,1.2649,-0.1124,0.4169,-0.0724
1.4139,0.6204,0.7749,0.4071,1.5401,-1.0985,1.2454,0.1982,0.4571,0.1524,0.9926,-0.1467,1.1777,-0.1172,0.3564,-0.0385
1.4139,0.6204,0.7749,0.4071,1.5401,-1.0985,1.2454,0.1982,0.4571,0.1524,0.9926,-0.1467,1.1777,-0.1172,0.3564,-0.0385
1.4139,0.6204,0.7749,0.4071,1.5401,-1.0985,1.2454,0.1982,0.4571,0.1524,0.9926,-0.1467,1.1777,-0.1172,0.3564,-0.0385
1.6914,0.468,0.7301,0.3971,1.4525,-1.0676,1.1984,0.1799,0.4365,0.1254,0.9494,-0.149,1.1506,-0.1432,0.319,-0.0378
1.6914,0.468,0.7301,0.3971,1.4525,-1.0676,1.1984,0.1799,0.4365,0.1254,0.9494,-0.149,1.1506,-0.1432,0.319,-0.0378
1.7428,0.477,0.6845,0.4132,1.4101,-1.0698,1.2223,0.1454,0.4183,0.1232,0.9153,-0.1429,1.1506,-0.1432,0.319,-0.0378
1.7428,0.477,0.6845,0.4132,1.4101,-1.0698,1.2223,0.1454,0.4183,0.1232,0.9153,-0.1429,1.1506,-0.1432,0.319,-0.0378
1.6164,0.5761,0.6776,0.3984,1.3679,-1.0721,1.1857,0.141,0.3742,0.1302,0.8723,-0.1453,1.2703,-0.1855,0.3794,-0.0717
1.6164,0.5761,0.6776,0.3984,1.3679,-1.0721,1.1857,0.141,0.3742,0.1302,0.8723,-0.1453,1.2703,-0.1855,0.3794,-0.0717
1.6164,0.5761,0.6776,0.3984,1.3679,-1.0721,1.1857,0.141,0.3742,0.1302,0.8723,-0.1453,1.2703,-0.1855,0.3794,-0.0717
1.4139,0.6204,0.7013,0.3642,1.3125,-1.0868,1.1309,0.1343,0.3459,0.1146,0.8491,-0.1546,1.2376,-0.1384,0.3909,-0.0882
1.4139,0.6204,0.7013,0.3642,1.3125,-1.0868,1.1309,0.1343,0.3459,0.1146,0.8491,-0.1546,1.2376,-0.1384,0.3909,-0.0882
1.4139,0.6204,0.7013,0.3642,1.3125,-1.0868,1.1309,0.1343,0.3459,0.1146,0.8491,-0.1546,1.2376,-0.1384,0.3909,-0.0882
1.3884,0.5751,0.6559,0.3803,1.2574,-1.1015,1.014,0.1324,0.3153,0.0743,0.7388,-0.1448,1.2213,-0.1148,0.4628,-0.1386
1.3884,0.5751,0.6559,0.3803,1.2574,-1.1015,1.014,0.1324,0.3153,0.0743,0.7388,-0.1448,1.2213,-0.1148,0.4628,-0.1386
1.3884,0.5751,0.6559,0.3803,1.2574,-1.1015,1.014,0.1324,0.3153,0.0743,0.7388,-0.1448,1.2213,-0.1148,0.4628,-0.1386
1.4382,0.5034,0.6036,0.3816,1.2809,-1.1354,0.9497,0.1121,0.2895,0.0834,0.7016,-0.155,1.2213,-0.1148,0.5233,-0.1724
1.4382,0.5034,0.6036,0.3816,1.2809,-1.1354,0.9497,0.1121,0.2895,0.0834,0.7016,-0.155,1.2213,-0.1148,0.5233,-0.1724
1.3128,0.5207,0.5222,0.3761,1.3175,-1.1569,0.8442,0.1236,0.0951,0.0842,0.6101,-0.1924,1.021,-0.1505,0.2645,-0.1183
1.3128,0.5207,0.5222,0.3761,1.3175,-1.1569,0.8442,0.1236,0.0951,0.0842,0.6101,-0.1924,1.021,-0.1505,0.2645,-0.1183
1.3128,0.5207,0.5222,0.3761,1.3175,-1.1569,0.8442,0.1236,0.0951,0.0842,0.6101,-0.1924,1.021,-0.1505,0.2645,-0.1183
1.3128,0.5207,0.4929,0.3693,1.2599,-1.1365,0.8342,0.11,0.0419,0.0777,0.568,-0.1949,0.9352,-0.1555,0.1789,-0.1005
1.3128,0.5207,0.4929,0.3693,1.2599,-1.1365,0.8342,0.11,0.0419,0.0777,0.568,-0.1949,0.9352,-0.1555,0.1789,-0.1005
1.3128,0.5207,0.4929,0.3693,1.2599,-1.1365,0.8342,0.11,0.0419,0.0777,0.568,-0.1949,0.9352,-0.1555,0.1789,-0.1005
1.363,0.5299,0.5007,0.358,1.2312,-1.1264,0.8599,0.1009,0.032,0.0643,0.554,-0.1957,0.9352,-0.1555,0.1903,-0.1169
1.363,0.5299,0.5007,0.358,1.2312,-1.1264,0.8599,0.1009,0.032,0.0643,0.554,-0.1957,0.9352,-0.1555,0.1903,-0.1169
1.3128,0.5207,0.5096,0.3208,1.1556,-1.1422,0.7985,0.1055,0.0121,0.0377,0.4841,-0.1999,0.919,-0.1321,0.0683,-0.0985
1.3128,0.5207,0.5096,0.3208,1.1556,-1.1422,0.7985,0.1055,0.0121,0.0377,0.4841,-0.1999,0.919,-0.1321,0.0683,-0.0985
1.3128,0.5207,0.5096,0.3208,1.1556,-1.1422,0.7985,0.1055,0.0121,0.0377,0.4841,-0.1999,0.919,-0.1321,0.0683,-0.0985
1.3128,0.5207,0.5096,0.3208,1.1556,-1.1422,0.7985,0.1055,0.0121,0.0377,0.4841,-0.1999,0.919,-0.1321,0.0683,-0.0985
1.2381,0.5471,0.4871,0.3287,1.1426,-1.1545,0.7372,0.11,0.0276,0.0154,0.4423,-0.2025,0.8013,-0.0905,0.1024,-0.1476
1.2381,0.5471,0.4871,0.3287,1.1426,-1.1545,0.7372,0.11,0.0276,0.0154,0.4423,-0.2025,0.8013,-0.0905,0.1024,-0.1476
1.2381,0.5471,0.4871,0.3287,1.1426,-1.1545,0.7372,0.11,0.0276,0.0154,0.4423,-0.2025,0.8013,-0.0905,0.1024,-0.1476
1.2133,0.5828,0.45,0.3333,1.1998,-1.1748,0.7174,0.0829,-0.0485,0.0423,0.4026,-0.2287,0.7327,-0.1191,0.0657,-0.1469
1.2133,0.5828,0.45,0.3333,1.1998,-1.1748,0.7174,0.0829,-0.0485,0.0423,0.4026,-0.2287,0.7327,-0.1191,0.0657,-0.1469
1.2133,0.5828,0.45,0.3333,1.1998,-1.1748,0.7174,0.0829,-0.0485,0.0423,0.4026,-0.2287,0.7327,-0.1191,0.0657,-0.1469
1.288,0.5564,0.4422,0.3446,1.205,-1.1512,0.7273,0.0964,-0.099,0.0601,0.4357,-0.2346,0.7066,-0.145,-0.0189,-0.1294
1.288,0.5564,0.4714,0.3513,1.2312,-1.1264,0.8142,0.0828,-0.0463,0.0667,0.5034,-0.2067,0.7489,-0.1424,-0.0302,-0.1131
1.4638,0.5484,0.5222,0.3761,1.3282,-1.1095,0.9655,0.0893,0.0774,0.082,0.6169,-0.16,0.9675,-0.202,0.043,-0.1143
1.4638,0.5484,0.5222,0.3761,1.3282,-1.1095,0.9655,0.0893,0.0774,0.082,0.6169,-0.16,0.9675,-0.202,0.043,-0.1143
1.3884,0.5751,0.5741,0.3748,1.3704,-1.1073,1.0219,0.121,0.22,0.0995,0.7564,-0.1277,1.1722,-0.2392,0.0938,-0.0828
1.3884,0.5751,0.5741,0.3748,1.3704,-1.1073,1.0219,0.121,0.22,0.0995,0.7564,-0.1277,1.1722,-0.2392,0.0938,-0.0828
1.3884,0.5751,0.5741,0.3748,1.3704,-1.1073,1.0219,0.121,0.22,0.0995,0.7564,-0.1277,1.1722,-0.2392,0.0938,-0.0828
1.1885,0.6186,0.642,0.3508,1.3468,-1.0732,1.0684,0.1391,0.3821,0.1189,0.9027,-0.1032,1.2539,-0.1619,0.1931,-0.0682
1.1885,0.6186,0.642,0.3508,1.3468,-1.0732,1.0684,0.1391,0.3821,0.1189,0.9027,-0.1032,1.2539,-0.1619,0.1931,-0.0682
1.3133,0.6016,0.6934,0.3756,1.3811,-1.0596,1.1332,0.1595,0.5355,0.1247,1.0125,-0.0889,1.3251,-0.1337,0.2674,-0.0696
1.3133,0.6016,0.6934,0.3756,1.3811,-1.0596,1.1332,0.1595,0.5355,0.1247,1.0125,-0.0889,1.3251,-0.1337,0.2674,-0.0696
1.3133,0.6016,0.6934,0.3756,1.3811,-1.0596,1.1332,0.1595,0.5355,0.1247,1.0125,-0.0889,1.3251,-0.1337,0.2674,-0.0696
1.3884,0.5751,0.7073,0.4051,1.3864,-1.0356,1.2063,0.1684,0.6193,0.1467,1.0794,-0.0771,1.2923,-0.0864,0.3909,-0.0882
1.3884,0.5751,0.7073,0.4051,1.3864,-1.0356,1.2063,0.1684,0.6193,0.1467,1.0794,-0.0771,1.2923,-0.0864,0.3909,-0.0882
1.6415,0.54,0.752,0.4152,1.5005,-1.0414,1.2903,0.191,0.6587,0.176,1.1831,-0.0959,1.2485,-0.0888,0.443,-0.0566
1.6415,0.54,0.752,0.4152,1.5005,-1.0414,1.2903,0.191,0.6587,0.176,1.1831,-0.0959,1.2485,-0.0888,0.443,-0.0566
1.6415,0.54,0.752,0.4152,1.5005,-1.0414,1.2903,0.191,0.6587,0.176,1.1831,-0.0959,1.2485,-0.0888,0.443,-0.0566
1.6415,0.54,0.752,0.4152,1.5005,-1.0414,1.2903,0.191,0.6587,0.176,1.1831,-0.0959,1.2485,-0.0888,0.443,-0.0566
1.7944,0.486,0.7371,0.4119,1.4713,-1.0311,1.3087,0.1933,0.6508,0.1875,1.1722,-0.0802,1.1885,-0.0676,0.443,-0.0566
1.7944,0.486,0.7371,0.4119,1.4713,-1.0311,1.3087,0.1933,0.6508,0.1875,1.1722,-0.0802,1.1885,-0.0676,0.443,-0.0566
1.7958,0.5675,0.7599,0.4038,1.4713,-1.0311,1.3617,0.1745,0.6587,0.176,1.1577,-0.081,1.2049,-0.0912,0.4545,-0.0732
1.6173,0.658,0.7301,0.3971,1.4288,-1.0334,1.3698,0.163,0.6323,0.1853,1.1431,-0.0818,1.3251,-0.1337,0.5037,-0.0906
1.4901,0.6755,0.7459,0.3742,1.3943,-1.047,1.3063,0.1679,0.6139,0.1832,1.1339,-0.0904,1.3087,-0.1101,0.4545,-0.0732
1.4901,0.6755,0.7459,0.3742,1.3943,-1.047,1.3063,0.1679,0.6139,0.1832,1.1339,-0.0904,1.3087,-0.1101,0.4545,-0.0732
1.4394,0.666,0.7688,0.3662,1.3442,-1.0379,1.2534,0.1866,0.6482,0.1624,1.1194,-0.0912,1.3362,-0.084,0.4545,-0.0732
1.4394,0.666,0.7688,0.3662,1.3442,-1.0379,1.2534,0.1866,0.6482,0.1624,1.1194,-0.0912,1.3362,-0.084,0.4545,-0.0732
1.4394,0.666,0.7688,0.3662,1.3442,-1.0379,1.2534,0.1866,0.6482,0.1624,1.1194,-0.0912,1.3362,-0.084,0.4545,-0.0732
1.4394,0.666,0.7758,0.3809,1.3521,-1.0493,1.2431,0.1728,0.6562,0.151,1.1048,-0.092,1.3197,-0.0602,0.5645,-0.1246
1.4394,0.666,0.7758,0.3809,1.3521,-1.0493,1.2431,0.1728,0.6562,0.151,1.1048,-0.092,1.3197,-0.0602,0.5645,-0.1246
1.4394,0.666,0.7758,0.3809,1.3521,-1.0493,1.2431,0.1728,0.6562,0.151,1.1048,-0.092,1.3197,-0.0602,0.5645,-0.1246
1.5152,0.6392,0.7599,0.4038,1.4101,-1.0698,1.2774,0.152,0.6587,0.176,1.1048,-0.092,1.3637,-0.0578,0.7129,-0.177
1.5152,0.6392,0.7599,0.4038,1.5054,-1.1121,1.259,0.1498,0.6139,0.1832,1.0812,-0.1014,1.3362,-0.084,0.6518,-0.1429
1.5152,0.6392,0.7599,0.4038,1.5054,-1.1121,1.259,0.1498,0.6139,0.1832,1.0812,-0.1014,1.3362,-0.084,0.6518,-0.1429
1.4645,0.6298,0.745,0.4004,1.5267,-1.111,1.2143,0.1569,0.5326,0.186,1.0577,-0.1108,1.2485,-0.0888,0.5152,-0.1072
1.4645,0.6298,0.745,0.4004,1.5267,-1.111,1.2143,0.1569,0.5326,0.186,1.0577,-0.1108,1.2485,-0.0888,0.5152,-0.1072
1.6164,0.5761,0.7609,0.3776,1.5109,-1.0882,1.204,0.1432,0.4777,0.1795,1.0341,-0.1202,1.2213,-0.1148,0.4284,-0.089
1.6164,0.5761,0.7609,0.3776,1.5109,-1.0882,1.204,0.1432,0.4777,0.1795,1.0341,-0.1202,1.2213,-0.1148,0.4284,-0.089
1.6164,0.5761,0.7609,0.3776,1.5109,-1.0882,1.204,0.1432,0.4777,0.1795,1.0341,-0.1202,1.2213,-0.1148,0.4284,-0.089
1.6927,0.5492,0.7538,0.3629,1.4525,-1.0676,1.212,0.1317,0.4753,0.1545,0.9998,-0.1139,1.1777,-0.1172,0.4398,-0.1055
1.6927,0.5492,0.7538,0.3629,1.4525,-1.0676,1.212,0.1317,0.4753,0.1545,0.9998,-0.1139,1.1777,-0.1172,0.4398,-0.1055
1.821,0.5312,0.7538,0.3629,1.4525,-1.0676,1.2462,0.1109,0.4129,0.1594,0.9512,-0.1085,1.2376,-0.1384,0.4889,-0.1229
1.6927,0.5492,0.732,0.3448,1.4101,-1.0698,1.2016,0.118,0.3845,0.1437,0.8937,-0.1118,1.2539,-0.1619,0.4513,-0.1221
1.6164,0.5761,0.7477,0.3221,1.3679,-1.0721,1.1571,0.1251,0.4159,0.0984,0.8419,-0.1228,1.1343,-0.1197,0.3649,-0.104
1.6164,0.5761,0.7477,0.3221,1.3679,-1.0721,1.1571,0.1251,0.4159,0.0984,0.8419,-0.1228,1.1343,-0.1197,0.3649,-0.104
1.6164,0.5761,0.7477,0.3221,1.3679,-1.0721,1.1571,0.1251,0.4159,0.0984,0.8419,-0.1228,1.1343,-0.1197,0.3649,-0.104
1.5403,0.603,0.7171,0.3415,1.3468,-1.0732,1.1127,0.1321,0.4237,0.0871,0.8045,-0.133,1.0747,-0.0986,0.4138,-0.1213
1.5403,0.603,0.7171,0.3415,1.3468,-1.0732,1.1127,0.1321,0.4237,0.0871,0.8045,-0.133,1.0747,-0.0986,0.4138,-0.1213
1.5403,0.603,0.6795,0.3462,1.3915,-1.1061,1.0842,0.1162,0.364,0.1167,0.7618,-0.1355,1.0747,-0.0986,0.4138,-0.1213
1.5403,0.603,0.6795,0.3462,1.3915,-1.1061,1.0842,0.1162,0.364,0.1167,0.7618,-0.1355,1.0747,-0.0986,0.4138,-0.1213
1.5403,0.603,0.6795,0.3462,1.3915,-1.1061,1.0842,0.1162,0.364,0.1167,0.7618,-0.1355,1.0747,-0.0986,0.4138,-0.1213
1.4645,0.6298,0.6874,0.3348,1.4284,-1.1277,1.04,0.1232,0.2918,0.1081,0.7211,-0.1619,0.9618,-0.1296,0.2788,-0.0861
1.4645,0.6298,0.6874,0.3348,1.4284,-1.1277,1.04,0.1232,0.2918,0.1081,0.7211,-0.1619,0.9618,-0.1296,0.2788,-0.0861
1.4645,0.6298,0.6874,0.3348,1.4284,-1.1277,1.04,0.1232,0.2918,0.1081,0.7211,-0.1619,0.9618,-0.1296,0.2788,-0.0861
1.5145,0.5577,0.6203,0.3328,1.3204,-1.0981,0.9835,0.0915,0.1842,0.0951,0.6646,-0.1652,0.8498,-0.1605,0.0938,-0.0828
1.5145,0.5577,0.6203,0.3328,1.3204,-1.0981,0.9835,0.0915,0.1842,0.0951,0.6646,-0.1652,0.8498,-0.1605,0.0938,-0.0828
1.5145,0.5577,0.583,0.3375,1.2784,-1.1004,0.9993,0.0688,0.1407,0.102,0.631,-0.1592,0.9675,-0.202,0.1165,-0.1156
1.5145,0.5577,0.583,0.3375,1.2784,-1.1004,0.9993,0.0688,0.1407,0.102,0.631,-0.1592,0.9675,-0.202,0.1165,-0.1156
1.3382,0.5657,0.5467,0.3162,1.1868,-1.0937,0.9374,0.0735,0.1129,0.0864,0.5835,-0.154,1.1018,-0.2671,0.091,-0.1313
1.3382,0.5657,0.5467,0.3162,1.1868,-1.0937,0.9374,0.0735,0.1129,0.0864,0.5835,-0.154,1.1018,-0.2671,0.091,-0.1313
1.1636,0.5734,0.5399,0.3016,1.153,-1.1073,0.8756,0.0782,0.0851,0.0708,0.5414,-0.1566,1.0265,-0.2229,0.1024,-0.1476
1.1636,0.5734,0.5399,0.3016,1.153,-1.1073,0.8756,0.0782,0.0851,0.0708,0.5414,-0.1566,1.0265,-0.2229,0.1024,-0.1476
1.1636,0.5734,0.5399,0.3016,1.153,-1.1073,0.8756,0.0782,0.0851,0.0708,0.5414,-0.1566,1.0265,-0.2229,0.1024,-0.1476
1.1141,0.564,0.5252,0.2982,1.1321,-1.1084,0.832,0.0851,0.1084,0.0373,0.5047,-0.1668,0.9675,-0.202,0.125,-0.1802
1.1141,0.564,0.5252,0.2982,1.1321,-1.1084,0.832,0.0851,0.1084,0.0373,0.5047,-0.1668,0.9675,-0.202,0.125,-0.1802
1.0647,0.5545,0.4657,0.3108,1.1556,-1.1422,0.7607,0.0761,0.0143,0.0621,0.4456,-0.1863,0.8821,-0.2069,0.077,-0.1633
1.0647,0.5545,0.4657,0.3108,1.1556,-1.1422,0.7607,0.0761,0.0143,0.0621,0.4456,-0.1863,0.8821,-0.2069,0.077,-0.1633
1.0647,0.5545,0.4657,0.3108,1.1556,-1.1422,0.7607,0.0761,0.0143,0.0621,0.4456,-0.1863,0.8821,-0.2069,0.077,-0.1633
1.1388,0.5284,0.4433,0.3187,1.1478,-1.1309,0.7607,0.0761,-0.0287,0.0689,0.4702,-0.2008,0.781,-0.1888,0.077,-0.1633
1.1388,0.5284,0.4433,0.3187,1.1478,-1.1309,0.7607,0.0761,-0.0287,0.0689,0.4702,-0.2008,0.781,-0.1888,0.077,-0.1633
1.2875,0.4758,0.4433,0.3187,1.14,-1.1197,0.8042,0.0693,-0.0033,0.0599,0.4874,-0.1838,0.781,-0.1888,0.0657,-0.1469
1.2875,0.4758,0.4433,0.3187,1.14,-1.1197,0.8042,0.0693,-0.0033,0.0599,0.4874,-0.1838,0.781,-0.1888,0.0657,-0.1469
1.3128,0.5207,0.4725,0.3254,1.1451,-1.096,0.8835,0.0669,0.0774,0.082,0.6169,-0.16,0.9247,-0.2045,0.1278,-0.1319
1.3128,0.5207,0.4725,0.3254,1.1451,-1.096,0.8835,0.0669,0.0774,0.082,0.6169,-0.16,0.9247,-0.2045,0.1278,-0.1319
1.288,0.5564,0.5389,0.3275,1.1868,-1.0937,0.9655,0.0893,0.1943,0.1085,0.7564,-0.1277,1.0696,-0.2205,0.1903,-0.1169
1.288,0.5564,0.5389,0.3275,1.1868,-1.0937,0.9655,0.0893,0.1943,0.1085,0.7564,-0.1277,1.0696,-0.2205,0.1903,-0.1169
1.2632,0.5922,0.6508,0.3135,1.2208,-1.0801,1.04,0.1232,0.3561,0.1281,0.9224,-0.1101,1.1073,-0.1456,0.2902,-0.1025
1.2632,0.5922,0.6508,0.3135,1.2208,-1.0801,1.04,0.1232,0.3561,0.1281,0.9224,-0.1101,1.1073,-0.1456,0.2902,-0.1025
1.3133,0.6016,0.7171,0.3415,1.2469,-1.0551,1.1047,0.1436,0.5459,0.1382,1.0704,-0.0857,1.2213,-0.1148,0.3794,-0.0717
1.3133,0.6016,0.7171,0.3415,1.2469,-1.0551,1.1047,0.1436,0.5459,0.1382,1.0704,-0.0857,1.2213,-0.1148,0.3794,-0.0717
1.3635,0.611,0.7688,0.3662,1.3468,-1.0732,1.2143,0.1569,0.6403,0.1739,1.1559,-0.0566,1.3087,-0.1101,0.5037,-0.0906
1.3635,0.611,0.7688,0.3662,1.3468,-1.0732,1.2143,0.1569,0.6403,0.1739,1.1559,-0.0566,1.3087,-0.1101,0.5037,-0.0906
1.4139,0.6204,0.7907,0.3843,1.4471,-1.0915,1.2694,0.1635,0.7062,0.1939,1.229,-0.0527,1.2485,-0.0888,0.5184,-0.0582
1.4895,0.5937,0.8206,0.391,1.4817,-1.0779,1.2983,0.1795,0.7353,0.2097,1.2676,-0.0424,1.2649,-0.1124,0.4953,-0.0248
1.4895,0.5937,0.8206,0.391,1.4817,-1.0779,1.2983,0.1795,0.7353,0.2097,1.2676,-0.0424,1.2649,-0.1124,0.4953,-0.0248
1.6927,0.5492,0.8356,0.3943,1.5164,-1.0643,1.3803,0.1767,0.7353,0.2097,1.2768,-0.0337,1.2213,-0.1148,0.4953,-0.0248
1.6927,0.5492,0.8356,0.3943,1.5164,-1.0643,1.3803,0.1767,0.7353,0.2097,1.2768,-0.0337,1.2213,-0.1148,0.4953,-0.0248
1.7958,0.5675,0.8736,0.3896,1.5298,-1.0518,1.4707,0.1623,0.7805,0.2024,1.286,-0.025,1.3251,-0.1337,0.571,-0.0264
1.7958,0.5675,0.8736,0.3896,1.5298,-1.0518,1.4707,0.1623,0.7805,0.2024,1.286,-0.025,1.3251,-0.1337,0.571,-0.0264
1.7958,0.5675,0.8736,0.3896,1.5298,-1.0518,1.4707,0.1623,0.7805,0.2024,1.286,-0.025,1.3251,-0.1337,0.571,-0.0264
1.719,0.5946,0.8815,0.3781,1.4871,-1.054,1.4627,0.1739,0.7539,0.2118,1.2713,-0.0258,1.3691,-0.1314,0.571,-0.0264
1.719,0.5946,0.8815,0.3781,1.4871,-1.054,1.4627,0.1739,0.7539,0.2118,1.2713,-0.0258,1.3691,-0.1314,0.571,-0.0264
1.6425,0.6216,0.9204,0.3471,1.4446,-1.0562,1.4174,0.1811,0.7884,0.1909,1.2621,-0.0345,1.2923,-0.0864,0.5215,-0.0089
1.6425,0.6216,0.9204,0.3471,1.4446,-1.0562,1.4174,0.1811,0.7884,0.1909,1.2621,-0.0345,1.2923,-0.0864,0.5215,-0.0089
1.6938,0.6309,0.9505,0.3537,1.4367,-1.0448,1.436,0.1833,0.8151,0.1815,1.273,-0.0503,1.3362,-0.084,0.6206,-0.0439
1.6938,0.6309,0.9505,0.3537,1.4367,-1.0448,1.436,0.1833,0.8151,0.1815,1.273,-0.0503,1.3362,-0.084,0.6206,-0.0439
1.6938,0.6309,0.9657,0.357,1.4738,-1.0665,1.4279,0.1949,0.8257,0.1952,1.2583,-0.0511,1.3197,-0.0602,0.7201,-0.0791
1.6938,0.6309,0.9657,0.357,1.4738,-1.0665,1.4279,0.1949,0.8257,0.1952,1.2583,-0.0511,1.3197,-0.0602,0.7201,-0.0791
1.6938,0.6309,0.9736,0.3456,1.5243,-1.0757,1.4546,0.1855,0.7991,0.2046,1.284,-0.0661,1.3526,-0.1077,0.6703,-0.0615
1.6938,0.6309,0.9736,0.3456,1.5243,-1.0757,1.4546,0.1855,0.7991,0.2046,1.284,-0.0661,1.3526,-0.1077,0.6703,-0.0615
1.7706,0.6038,0.9657,0.357,1.5456,-1.0746,1.436,0.1833,0.7353,0.2097,1.295,-0.0819,1.2049,-0.0912,0.5447,-0.0423
1.7706,0.6038,0.9657,0.357,1.5456,-1.0746,1.436,0.1833,0.7353,0.2097,1.295,-0.0819,1.2049,-0.0912,0.5447,-0.0423
1.8997,0.5857,0.9808,0.3603,1.5298,-1.0518,1.4894,0.1644,0.7168,0.2076,1.2748,-0.0748,1.2213,-0.1148,0.5447,-0.0423
1.8743,0.6223,0.9657,0.357,1.5591,-1.0621,1.4894,0.1644,0.6982,0.2054,1.2546,-0.0677,1.2977,-0.1596,0.5069,-0.0415
1.8743,0.6223,0.9657,0.357,1.5591,-1.0621,1.4894,0.1644,0.6982,0.2054,1.2546,-0.0677,1.2977,-0.1596,0.5069,-0.0415
1.8743,0.6223,0.9657,0.357,1.5591,-1.0621,1.4894,0.1644,0.6982,0.2054,1.2546,-0.0677,1.2977,-0.1596,0.5069,-0.0415
1.8743,0.6223,0.9657,0.357,1.5591,-1.0621,1.4894,0.1644,0.6982,0.2054,1.2546,-0.0677,1.2977,-0.1596,0.5069,-0.0415
1.7454,0.6403,0.9585,0.3423,1.5164,-1.0643,1.4627,0.1739,0.6797,0.2033,1.2198,-0.0613,1.3415,-0.1573,0.4691,-0.0407
1.7454,0.6403,0.9585,0.3423,1.5164,-1.0643,1.4627,0.1739,0.6797,0.2033,1.2198,-0.0613,1.3415,-0.1573,0.4691,-0.0407
1.7454,0.6403,0.9585,0.3423,1.5164,-1.0643,1.4627,0.1739,0.6797,0.2033,1.2198,-0.0613,1.3415,-0.1573,0.4691,-0.0407
1.4645,0.6298,0.9053,0.3438,1.3732,-1.0482,1.3883,0.1651,0.6931,0.1552,1.1121,-0.059,1.2649,-0.1124,0.5415,-0.0914
1.4645,0.6298,0.9053,0.3438,1.3732,-1.0482,1.3883,0.1651,0.6931,0.1552,1.1121,-0.059,1.2649,-0.1124,0.5415,-0.0914
1.4645,0.6298,0.9053,0.3438,1.3732,-1.0482,1.3883,0.1651,0.6931,0.1552,1.1121,-0.059,1.2649,-0.1124,0.5415,-0.0914
1.4645,0.6298,0.8594,0.36,1.4101,-1.0698,1.3617,0.1745,0.6931,0.1552,1.0686,-0.0614,1.2485,-0.0888,0.5793,-0.0922
1.4645,0.6298,0.8594,0.36,1.4101,-1.0698,1.3617,0.1745,0.6931,0.1552,1.0686,-0.0614,1.2485,-0.0888,0.5793,-0.0922
1.4139,0.6204,0.8065,0.3614,1.4259,-1.0926,1.3328,0.1586,0.6035,0.1696,1.0414,-0.0873,1.118,-0.0961,0.5415,-0.0914
1.4139,0.6204,0.8065,0.3614,1.4259,-1.0926,1.3328,0.1586,0.6035,0.1696,1.0414,-0.0873,1.118,-0.0961,0.5415,-0.0914
1.4139,0.6204,0.8065,0.3614,1.4259,-1.0926,1.3328,0.1586,0.6035,0.1696,1.0414,-0.0873,1.118,-0.0961,0.5415,-0.0914
1.5654,0.5669,0.7696,0.3401,1.3679,-1.0721,1.2934,0.1289,0.538,0.1496,0.9944,-0.1061,1.0315,-0.1011,0.4054,-0.0559
1.5654,0.5669,0.7696,0.3401,1.3679,-1.0721,1.2934,0.1289,0.538,0.1496,0.9944,-0.1061,1.0315,-0.1011,0.4054,-0.0559
1.5152,0.6392,0.7398,0.3334,1.3257,-1.0743,1.283,0.1153,0.4936,0.1567,0.9458,-0.1007,1.2266,-0.1878,0.3679,-0.0551
1.5152,0.6392,0.7398,0.3334,1.3257,-1.0743,1.283,0.1153,0.4936,0.1567,0.9458,-0.1007,1.2266,-0.1878,0.3679,-0.0551
1.3888,0.6566,0.7407,0.3074,1.2705,-1.0891,1.2016,0.118,0.4389,0.1502,0.9027,-0.1032,1.2865,-0.2089,0.342,-0.071
1.3888,0.6566,0.7407,0.3074,1.2705,-1.0891,1.2016,0.118,0.4389,0.1502,0.9027,-0.1032,1.2865,-0.2089,0.342,-0.071
1.3385,0.6471,0.7337,0.2928,1.2077,-1.0925,1.1206,0.1207,0.4365,0.1254,0.874,-0.1048,1.2703,-0.1855,0.3534,-0.0875
1.2883,0.6376,0.711,0.3008,1.1946,-1.105,1.0922,0.1048,0.3923,0.1324,0.8562,-0.122,1.2703,-0.1855,0.4252,-0.1378
1.2883,0.6376,0.711,0.3008,1.1946,-1.105,1.0922,0.1048,0.3923,0.1324,0.8562,-0.122,1.2703,-0.1855,0.4252,-0.1378
1.2883,0.6376,0.711,0.3008,1.1946,-1.105,1.0922,0.1048,0.3923,0.1324,0.8562,-0.122,1.2703,-0.1855,0.4252,-0.1378
1.2133,0.5828,0.6587,0.3022,1.2181,-1.1388,1.0377,0.0982,0.3043,0.1464,0.7991,-0.1252,1.1831,-0.1901,0.3877,-0.137
1.2133,0.5828,0.6587,0.3022,1.2181,-1.1388,1.0377,0.0982,0.3043,0.1464,0.7991,-0.1252,1.1831,-0.1901,0.3877,-0.137
1.2133,0.5828,0.6587,0.3022,1.2181,-1.1388,1.0377,0.0982,0.3043,0.1464,0.7991,-0.1252,1.1831,-0.1901,0.3877,-0.137
1.2133,0.5828,0.6439,0.2989,1.2103,-1.1275,1.0275,0.0846,0.2145,0.1355,0.7725,-0.1509,1.0372,-0.1739,0.2531,-0.1018
1.2133,0.5828,0.6439,0.2989,1.2103,-1.1275,1.0275,0.0846,0.2145,0.1355,0.7725,-0.1509,1.0372,-0.1739,0.2531,-0.1018
1.2381,0.5471,0.6369,0.2843,1.2025,-1.1162,0.9655,0.0893,0.1865,0.1198,0.769,-0.1672,0.9942,-0.1763,0.2159,-0.1011
1.2381,0.5471,0.6369,0.2843,1.2025,-1.1162,0.9655,0.0893,0.1865,0.1198,0.769,-0.1672,0.9942,-0.1763,0.2159,-0.1011
1.5135,0.4767,0.5996,0.289,1.1738,-1.1061,0.9813,0.0666,0.1307,0.0886,0.6626,-0.1413,0.9086,-0.1812,0.1903,-0.1169
1.5135,0.4767,0.5996,0.289,1.1738,-1.1061,0.9813,0.0666,0.1307,0.0886,0.6626,-0.1413,0.9086,-0.1812,0.1903,-0.1169
1.5135,0.4767,0.5996,0.289,1.1738,-1.1061,0.9813,0.0666,0.1307,0.0886,0.6626,-0.1413,0.9086,-0.1812,0.1903,-0.1169
1.4638,0.5484,0.5702,0.2823,1.153,-1.1073,0.9711,0.0531,0.1207,0.0752,0.6009,-0.1369,1.0427,-0.2462,0.2017,-0.1333
1.4638,0.5484,0.5702,0.2823,1.153,-1.1073,0.9711,0.0531,0.1207,0.0752,0.6009,-0.1369,1.0427,-0.2462,0.2017,-0.1333
1.4638,0.5484,0.5702,0.2823,1.153,-1.1073,0.9711,0.0531,0.1207,0.0752,0.6009,-0.1369,1.0427,-0.2462,0.2017,-0.1333
1.3382,0.5657,0.5711,0.2565,1.1192,-1.1208,0.9194,0.0713,0.1029,0.073,0.5588,-0.1395,1.0427,-0.2462,0.1165,-0.1156
1.3382,0.5657,0.5711,0.2565,1.1192,-1.1208,0.9194,0.0713,0.1029,0.073,0.5588,-0.1395,1.0427,-0.2462,0.1165,-0.1156
1.3133,0.6016,0.6083,0.2519,1.1114,-1.1096,0.9295,0.0849,0.1718,0.0571,0.6009,-0.1369,1.0696,-0.2205,0.1165,-0.1156
1.3385,0.6471,0.6517,0.2876,1.166,-1.0948,1.0196,0.096,0.2973,0.0721,0.7085,-0.1225,1.0803,-0.1715,0.2872,-0.1511
1.4645,0.6298,0.7407,0.3074,1.3282,-1.1095,1.1285,0.1092,0.4002,0.1211,0.8543,-0.0978,1.1669,-0.1667,0.4367,-0.1543
1.4645,0.6298,0.7407,0.3074,1.3282,-1.1095,1.1285,0.1092,0.4002,0.1211,0.8543,-0.0978,1.1669,-0.1667,0.4367,-0.1543
1.5152,0.6392,0.8232,0.3126,1.4338,-1.104,1.2383,0.1224,0.4674,0.1659,0.9926,-0.0819,1.1073,-0.1456,0.4398,-0.1055
1.5152,0.6392,0.8232,0.3126,1.4338,-1.104,1.2383,0.1224,0.4674,0.1659,0.9926,-0.0819,1.1073,-0.1456,0.4398,-0.1055
1.5152,0.6392,0.8232,0.3126,1.4338,-1.104,1.2383,0.1224,0.4674,0.1659,0.9926,-0.0819,1.1073,-0.1456,0.4398,-0.1055
1.7958,0.5675,0.9132,0.3324,1.5243,-1.0757,1.3408,0.147,0.5876,0.1925,1.1467,-0.0653,1.1343,-0.1197,0.4054,-0.0559
1.7958,0.5675,0.9132,0.3324,1.5243,-1.0757,1.3408,0.147,0.5876,0.1925,1.1467,-0.0653,1.1343,-0.1197,0.4054,-0.0559
1.7958,0.5675,0.9132,0.3324,1.5243,-1.0757,1.3408,0.147,0.5876,0.1925,1.1467,-0.0653,1.1343,-0.1197,0.4054,-0.0559
1.9249,0.5493,0.9585,0.3423,1.5511,-1.0507,1.4601,0.1485,0.6797,0.2033,1.2419,-0.0274,1.1777,-0.1172,0.4806,-0.0574
1.9265,0.6314,0.9808,0.3603,1.586,-1.037,1.5884,0.1382,0.7645,0.2255,1.3192,-0.0068,1.3251,-0.1337,0.5942,-0.0598
1.7717,0.6861,1.027,0.344,1.578,-1.0256,1.6099,0.1658,0.8017,0.2298,1.3636,-0.0045,1.4131,-0.1291,0.6206,-0.0439
1.7717,0.6861,1.027,0.344,1.578,-1.0256,1.6099,0.1658,0.8017,0.2298,1.3636,-0.0045,1.4131,-0.1291,0.6206,-0.0439
1.7717,0.6861,1.027,0.344,1.578,-1.0256,1.6099,0.1658,0.8017,0.2298,1.3636,-0.0045,1.4131,-0.1291,0.6206,-0.0439
1.72,0.6768,1.0422,0.3473,1.5486,-1.0152,1.6206,0.1796,0.8925,0.2152,1.3728,0.0043,1.5016,-0.1245,0.7085,-0.0624
1.72,0.6768,1.0422,0.3473,1.5486,-1.0152,1.6206,0.1796,0.8925,0.2152,1.3728,0.0043,1.5016,-0.1245,0.7085,-0.0624
1.72,0.6768,1.0422,0.3473,1.5486,-1.0152,1.6206,0.1796,0.8925,0.2152,1.3728,0.0043,1.5016,-0.1245,0.7085,-0.0624
1.6938,0.6309,1.0111,0.367,1.498,-1.0059,1.6395,0.1817,0.9489,0.2215,1.4135,-0.0101,1.4244,-0.0792,0.8083,-0.0976
1.6938,0.6309,1.0111,0.367,1.498,-1.0059,1.6395,0.1817,0.9489,0.2215,1.4135,-0.0101,1.4244,-0.0792,0.8083,-0.0976
1.72,0.6768,1.0262,0.3703,1.5566,-1.0266,1.6314,0.1934,0.9596,0.2352,1.4135,-0.0101,1.4686,-0.0769,0.8854,-0.0996
1.6686,0.6674,1.0342,0.3588,1.5646,-1.0381,1.6314,0.1934,0.922,0.231,1.3949,-0.0276,1.3967,-0.1053,0.7851,-0.0642
1.7971,0.6496,1.0574,0.3506,1.5193,-1.0048,1.6314,0.1934,0.8845,0.2268,1.3911,-0.0442,1.3691,-0.1314,0.6853,-0.0289
1.7971,0.6496,1.0574,0.3506,1.5193,-1.0048,1.6314,0.1934,0.8845,0.2268,1.3911,-0.0442,1.3691,-0.1314,0.6853,-0.0289
1.9772,0.5583,1.0422,0.3473,1.49,-0.9945,1.6395,0.1817,0.8738,0.2131,1.3653,-0.0291,1.3691,-0.1314,0.6853,-0.0289
1.9772,0.5583,1.0422,0.3473,1.49,-0.9945,1.6395,0.1817,0.8738,0.2131,1.3653,-0.0291,1.3691,-0.1314,0.6853,-0.0289
1.9772,0.5583,1.0422,0.3473,1.49,-0.9945,1.6395,0.1817,0.8738,0.2131,1.3653,-0.0291,1.3691,-0.1314,0.6853,-0.0289
2.0043,0.604,1.0501,0.3358,1.4687,-0.9956,1.6475,0.1701,0.8658,0.2246,1.3598,-0.0211,1.4738,-0.1505,0.6853,-0.0289
2.0043,0.604,1.0501,0.3358,1.4687,-0.9956,1.6475,0.1701,0.8658,0.2246,1.3598,-0.0211,1.4738,-0.1505,0.6853,-0.0289
2.0043,0.604,1.0501,0.3358,1.4687,-0.9956,1.6475,0.1701,0.8658,0.2246,1.3598,-0.0211,1.4738,-0.1505,0.6853,-0.0289
1.7971,0.6496,1.0508,0.3096,1.4129,-1.0105,1.5749,0.1869,0.8551,0.2109,1.3598,-0.0211,1.5345,-0.172,0.6853,-0.0289
1.6425,0.6216,1.0435,0.295,1.3785,-1.0242,1.5106,0.192,0.8551,0.2109,1.3598,-0.0211,1.5625,-0.146,0.6736,-0.0121
1.6425,0.6216,1.0277,0.3178,1.3495,-1.014,1.4919,0.1899,0.8818,0.2015,1.3395,-0.014,1.5906,-0.12,0.7735,-0.0474
1.6425,0.6216,1.0277,0.3178,1.3495,-1.014,1.4919,0.1899,0.8818,0.2015,1.3395,-0.014,1.5906,-0.12,0.7735,-0.0474
1.719,0.5946,1.0118,0.3407,1.4155,-1.0459,1.5268,0.1688,0.8631,0.1994,1.2952,-0.0163,1.5295,-0.0984,0.8738,-0.0828
1.719,0.5946,1.0118,0.3407,1.4155,-1.0459,1.5268,0.1688,0.8631,0.1994,1.2952,-0.0163,1.5295,-0.0984,0.8738,-0.0828
1.719,0.5946,1.0118,0.3407,1.4155,-1.0459,1.5268,0.1688,0.8631,0.1994,1.2952,-0.0163,1.5295,-0.0984,0.8738,-0.0828
1.6425,0.6216,0.9967,0.3374,1.4234,-1.0573,1.4894,0.1644,0.7805,0.2024,1.2621,-0.0345,1.3802,-0.0816,0.7235,-0.0297
1.6425,0.6216,0.9967,0.3374,1.4234,-1.0573,1.4894,0.1644,0.7805,0.2024,1.2621,-0.0345,1.3802,-0.0816,0.7235,-0.0297
1.6676,0.5854,0.9815,0.3341,1.4076,-1.0345,1.444,0.1717,0.6982,0.2054,1.229,-0.0527,1.2759,-0.0627,0.6355,-0.0113
1.6676,0.5854,0.9815,0.3341,1.4076,-1.0345,1.444,0.1717,0.6982,0.2054,1.229,-0.0527,1.2759,-0.0627,0.6355,-0.0113
1.898,0.504,0.9974,0.3113,1.3997,-1.0231,1.4254,0.1695,0.6692,0.1896,1.1851,-0.055,1.2321,-0.0651,0.6471,-0.028
1.898,0.504,0.9974,0.3113,1.3997,-1.0231,1.4254,0.1695,0.6692,0.1896,1.1851,-0.055,1.2321,-0.0651,0.6471,-0.028
1.9501,0.5129,0.9823,0.308,1.3706,-1.0128,1.5029,0.1159,0.6587,0.176,1.1358,-0.0495,1.1721,-0.0439,0.6587,-0.0448
1.9501,0.5129,0.9823,0.308,1.3706,-1.0128,1.5029,0.1159,0.6587,0.176,1.1358,-0.0495,1.1721,-0.0439,0.6587,-0.0448
1.8743,0.6223,0.9672,0.3047,1.3785,-1.0242,1.5109,0.1044,0.6219,0.1717,1.0776,-0.0527,1.2649,-0.1124,0.6322,-0.0606
1.8743,0.6223,0.9672,0.3047,1.3785,-1.0242,1.5109,0.1044,0.6219,0.1717,1.0776,-0.0527,1.2649,-0.1124,0.6322,-0.0606
1.6432,0.7039,0.937,0.2982,1.3521,-1.0493,1.4309,0.1326,0.5851,0.1675,1.0595,-0.07,1.3415,-0.1573,0.6322,-0.0606
1.6432,0.7039,0.937,0.2982,1.3521,-1.0493,1.4309,0.1326,0.5851,0.1675,1.0595,-0.07,1.3415,-0.1573,0.6322,-0.0606
1.6432,0.7039,0.937,0.2982,1.3521,-1.0493,1.4309,0.1326,0.5851,0.1675,1.0595,-0.07,1.3415,-0.1573,0.6322,-0.0606
1.5662,0.6486,0.9456,0.2607,1.2968,-1.0641,1.3488,0.1355,0.5563,0.1517,1.007,-0.0811,1.3415,-0.1573,0.5562,-0.059
1.5662,0.6486,0.9456,0.2607,1.2968,-1.0641,1.3488,0.1355,0.5563,0.1517,1.007,-0.0811,1.3415,-0.1573,0.5562,-0.059
1.5152,0.6392,0.9076,0.2656,1.2417,-1.0789,1.2303,0.1339,0.5538,0.1268,0.9314,-0.1015,1.2376,-0.1384,0.5908,-0.1088
1.5152,0.6392,0.9076,0.2656,1.2417,-1.0789,1.2303,0.1339,0.5538,0.1268,0.9314,-0.1015,1.2376,-0.1384,0.5908,-0.1088
1.5152,0.6392,0.9076,0.2656,1.2417,-1.0789,1.2303,0.1339,0.5538,0.1268,0.9314,-0.1015,1.2376,-0.1384,0.5908,-0.1088
1.4901,0.6755,0.8618,0.2818,1.3072,-1.1106,1.2279,0.1087,0.5276,0.1361,0.9027,-0.1032,1.1941,-0.1408,0.6023,-0.1254
1.4901,0.6755,0.8618,0.2818,1.3072,-1.1106,1.2279,0.1087,0.5276,0.1361,0.9027,-0.1032,1.1941,-0.1408,0.6023,-0.1254
1.4901,0.6755,0.8618,0.2818,1.365,-1.131,1.2358,0.0972,0.4207,0.1481,0.8759,-0.1289,1.1398,-0.1925,0.4775,-0.1063
1.4901,0.6755,0.8618,0.2818,1.365,-1.131,1.2358,0.0972,0.4207,0.1481,0.8759,-0.1289,1.1398,-0.1925,0.4775,-0.1063
1.4394,0.666,0.8697,0.2704,1.3571,-1.1197,1.2175,0.0951,0.3224,0.1486,0.8634,-0.1538,1.0265,-0.2229,0.3534,-0.0875
1.4394,0.666,0.8697,0.2704,1.3571,-1.1197,1.2175,0.0951,0.3224,0.1486,0.8634,-0.1538,1.0265,-0.2229,0.3534,-0.0875
1.4645,0.6298,0.8547,0.2671,1.2836,-1.0766,1.2071,0.0814,0.2941,0.1329,0.8545,-0.1624,0.9086,-0.1812,0.2674,-0.0696
1.4645,0.6298,0.8547,0.2671,1.2836,-1.0766,1.2071,0.0814,0.2941,0.1329,0.8545,-0.1624,0.9086,-0.1812,0.2674,-0.0696
1.5904,0.5309,0.802,0.2687,1.2626,-1.0778,1.1888,0.0793,0.2582,0.1285,0.801,-0.1493,0.8821,-0.2069,0.2416,-0.0854
1.5904,0.5309,0.802,0.2687,1.2626,-1.0778,1.1888,0.0793,0.2582,0.1285,0.801,-0.1493,0.8821,-0.2069,0.2416,-0.0854
1.5904,0.5309,0.802,0.2687,1.2626,-1.0778,1.1888,0.0793,0.2582,0.1285,0.801,-0.1493,0.8821,-0.2069,0.2416,-0.0854
1.5403,0.603,0.7643,0.2734,1.2626,-1.0778,1.223,0.0586,0.2301,0.1129,0.7529,-0.144,0.9569,-0.2509,0.1675,-0.084
1.5403,0.603,0.7643,0.2734,1.2626,-1.0778,1.223,0.0586,0.2301,0.1129,0.7529,-0.144,0.9569,-0.2509,0.1675,-0.084
1.5403,0.603,0.7643,0.2734,1.2626,-1.0778,1.223,0.0586,0.2301,0.1129,0.7529,-0.144,0.9569,-0.2509,0.1675,-0.084
1.2632,0.5922,0.683,0.2425,1.1295,-1.0734,1.0717,0.0776,0.1842,0.0951,0.6539,-0.1498,1.1018,-0.2671,0.1051,-0.0992
1.2632,0.5922,0.683,0.2425,1.1295,-1.0734,1.0717,0.0776,0.1842,0.0951,0.6539,-0.1498,1.1018,-0.2671,0.1051,-0.0992
1.2628,0.5114,0.6387,0.2327,1.0672,-1.077,0.9993,0.0688,0.1998,0.0726,0.6116,-0.1523,1.0696,-0.2205,0.1647,-0.1326
1.213,0.5021,0.5789,0.2453,1.0543,-1.0894,0.9632,0.0644,0.1998,0.0726,0.5975,-0.1532,1.0534,-0.1972,0.2615,-0.1668
1.213,0.5021,0.5789,0.2453,1.0543,-1.0894,0.9632,0.0644,0.1998,0.0726,0.5975,-0.1532,1.0534,-0.1972,0.2615,-0.1668
1.213,0.5021,0.5789,0.2453,1.0543,-1.0894,0.9632,0.0644,0.1998,0.0726,0.5975,-0.1532,1.0534,-0.1972,0.2615,-0.1668
1.2628,0.5114,0.5633,0.2678,1.075,-1.0882,0.9993,0.0688,0.192,0.0839,0.6062,-0.1446,1.0534,-0.1972,0.2387,-0.134
1.2628,0.5114,0.5633,0.2678,1.075,-1.0882,0.9993,0.0688,0.192,0.0839,0.6062,-0.1446,1.0534,-0.1972,0.2387,-0.134
1.2628,0.5114,0.6005,0.2631,1.1087,-1.0746,1.0535,0.0754,0.2637,0.0925,0.7246,-0.1457,1.0534,-0.1972,0.2531,-0.1018
1.2628,0.5114,0.6005,0.2631,1.1087,-1.0746,1.0535,0.0754,0.2637,0.0925,0.7246,-0.1457,1.0534,-0.1972,0.2531,-0.1018
1.4382,0.5034,0.6822,0.2683,1.1684,-1.0359,1.1627,0.0885,0.4002,0.1211,0.8794,-0.1126,1.1831,-0.1901,0.3534,-0.0875
1.4382,0.5034,0.6822,0.2683,1.1684,-1.0359,1.1627,0.0885,0.4002,0.1211,0.8794,-0.1126,1.1831,-0.1901,0.3534,-0.0875
1.6153,0.4949,0.7416,0.2815,1.2154,-1.0096,1.2989,0.0923,0.538,0.1496,1.0161,-0.0724,1.2703,-0.1855,0.4054,-0.0559
1.6153,0.4949,0.7416,0.2815,1.2154,-1.0096,1.2989,0.0923,0.538,0.1496,1.0161,-0.0724,1.2703,-0.1855,0.4054,-0.0559
1.5654,0.5669,0.824,0.2866,1.2783,-1.0061,1.3938,0.1283,0.6244,0.1968,1.165,-0.0479,1.4623,-0.2,0.5184,-0.0582
1.5654,0.5669,0.824,0.2866,1.2783,-1.0061,1.3938,0.1283,0.6244,0.1968,1.165,-0.0479,1.4623,-0.2,0.5184,-0.0582
1.4895,0.5937,0.8847,0.2737,1.2994,-1.0049,1.4149,0.1558,0.7539,0.2118,1.2915,-0.0329,1.5016,-0.1245,0.571,-0.0264
1.4895,0.5937,0.8847,0.2737,1.2994,-1.0049,1.4149,0.1558,0.7539,0.2118,1.2915,-0.0329,1.5016,-0.1245,0.571,-0.0264
1.4895,0.5937,0.914,0.3063,1.3125,-0.9923,1.4627,0.1739,0.8738,0.2131,1.3488,-0.0053,1.513,-0.0746,0.6471,-0.028
1.4895,0.5937,0.914,0.3063,1.3125,-0.9923,1.4627,0.1739,0.8738,0.2131,1.3488,-0.0053,1.513,-0.0746,0.6471,-0.028
1.4895,0.5937,0.914,0.3063,1.3125,-0.9923,1.4627,0.1739,0.8738,0.2131,1.3488,-0.0053,1.513,-0.0746,0.6471,-0.028
1.5913,0.6123,0.9434,0.339,1.3547,-0.9899,1.5187,0.1804,0.9489,0.2215,1.4025,0.0058,1.5575,-0.0723,0.7851,-0.0642
1.5913,0.6123,0.9434,0.339,1.3547,-0.9899,1.5187,0.1804,0.9489,0.2215,1.4025,0.0058,1.5575,-0.0723,0.7851,-0.0642
1.5152,0.6392,0.9887,0.3489,1.4634,-1.0197,1.5642,0.1731,0.9166,0.268,1.4581,-0.0078,1.6353,-0.1178,0.8891,-0.0502
1.5152,0.6392,0.9887,0.3489,1.4634,-1.0197,1.5642,0.1731,0.9166,0.268,1.4581,-0.0078,1.6353,-0.1178,0.8891,-0.0502
1.5152,0.6392,0.9887,0.3489,1.4634,-1.0197,1.5642,0.1731,0.9166,0.268,1.4581,-0.0078,1.6353,-0.1178,0.8891,-0.0502
1.719,0.5946,1.0118,0.3407,1.4687,-0.9956,1.6099,0.1658,0.9059,0.2542,1.4637,-0.0158,1.5295,-0.0984,0.8891,-0.0502
1.719,0.5946,1.0118,0.3407,1.4687,-0.9956,1.6099,0.1658,0.9059,0.2542,1.4637,-0.0158,1.5295,-0.0984,0.8891,-0.0502
1.8477,0.5766,1.0349,0.3325,1.4687,-0.9956,1.6718,0.1351,0.8952,0.2405,1.4488,-0.0166,1.4851,-0.1007,0.9395,-0.068
1.8477,0.5766,1.0349,0.3325,1.4687,-0.9956,1.6718,0.1351,0.8952,0.2405,1.4488,-0.0166,1.4851,-0.1007,0.9395,-0.068
1.8477,0.5766,1.0349,0.3325,1.4687,-0.9956,1.6718,0.1351,0.8952,0.2405,1.4488,-0.0166,1.4851,-0.1007,0.9395,-0.068
1.849,0.6588,1.0501,0.3358,1.4687,-0.9956,1.7177,0.1277,0.8765,0.2383,1.4284,-0.0094,1.5461,-0.1222,0.9161,-0.0343
1.849,0.6588,1.0501,0.3358,1.4687,-0.9956,1.7177,0.1277,0.8765,0.2383,1.4284,-0.0094,1.5461,-0.1222,0.9161,-0.0343
1.849,0.6588,1.0501,0.3358,1.4687,-0.9956,1.7177,0.1277,0.8765,0.2383,1.4284,-0.0094,1.5461,-0.1222,0.9161,-0.0343
1.8743,0.6223,1.0812,0.3162,1.4342,-1.0094,1.6475,0.1701,0.9193,0.2057,1.4042,-0.0188,1.5295,-0.0984,0.9161,-0.0343
1.8743,0.6223,1.0812,0.3162,1.4342,-1.0094,1.6475,0.1701,0.9193,0.2057,1.4042,-0.0188,1.5295,-0.0984,0.9161,-0.0343
1.9519,0.5949,1.0653,0.3391,1.4129,-1.0105,1.6475,0.1701,0.9542,0.1847,1.3839,-0.0117,1.4686,-0.0769,0.9666,-0.0522
1.9519,0.5949,1.0653,0.3391,1.4129,-1.0105,1.6475,0.1701,0.9542,0.1847,1.3839,-0.0117,1.4686,-0.0769,0.9666,-0.0522
1.9265,0.6314,1.0805,0.3424,1.4713,-1.0311,1.6475,0.1701,0.9381,0.2078,1.3691,-0.0124,1.4244,-0.0792,1.0289,-0.0869
1.9265,0.6314,1.0805,0.3424,1.4713,-1.0311,1.6475,0.1701,0.9381,0.2078,1.3691,-0.0124,1.4244,-0.0792,1.0289,-0.0869
1.9011,0.6681,1.0726,0.3539,1.5511,-1.0507,1.6745,0.1605,0.9113,0.2173,1.3395,-0.014,1.3967,-0.1053,0.9161,-0.0343
1.9011,0.6681,1.0726,0.3539,1.5511,-1.0507,1.6745,0.1605,0.9113,0.2173,1.3395,-0.014,1.3967,-0.1053,0.9161,-0.0343
1.849,0.6588,1.0805,0.3424,1.5725,-1.0496,1.6206,0.1796,0.8471,0.2225,1.3615,-0.0457,1.3251,-0.1337,0.777,0.0021
1.8235,0.6955,1.0574,0.3506,1.5566,-1.0266,1.6475,0.1701,0.8177,0.2067,1.332,-0.0472,1.2977,-0.1596,0.7002,0.0038
1.8235,0.6955,1.0574,0.3506,1.5566,-1.0266,1.6475,0.1701,0.8177,0.2067,1.332,-0.0472,1.2977,-0.1596,0.7002,0.0038
1.8756,0.7049,1.0342,0.3588,1.5566,-1.0266,1.7096,0.1393,0.7991,0.2046,1.3117,-0.0401,1.3579,-0.1809,0.662,0.0047
1.8756,0.7049,1.0342,0.3588,1.5566,-1.0266,1.7096,0.1393,0.7991,0.2046,1.3117,-0.0401,1.3579,-0.1809,0.662,0.0047
1.8756,0.7049,1.0342,0.3588,1.5566,-1.0266,1.7096,0.1393,0.7991,0.2046,1.3117,-0.0401,1.3579,-0.1809,0.662,0.0047
1.849,0.6588,1.0118,0.3407,1.5139,-1.0289,1.6907,0.1372,0.7433,0.1982,1.2474,-0.0353,1.4345,-0.2257,0.6238,0.0055
1.849,0.6588,1.0118,0.3407,1.5139,-1.0289,1.6907,0.1372,0.7433,0.1982,1.2474,-0.0353,1.4345,-0.2257,0.6238,0.0055
1.849,0.6588,1.0118,0.3407,1.5139,-1.0289,1.6907,0.1372,0.7433,0.1982,1.2474,-0.0353,1.4345,-0.2257,0.6238,0.0055
1.6686,0.6674,1.0053,0.2998,1.4421,-1.0208,1.6072,0.1403,0.7327,0.1845,1.2235,-0.0448,1.4623,-0.2,0.5858,0.0063
1.5403,0.603,0.96,0.29,1.3495,-1.014,1.5322,0.1318,0.7566,0.1501,1.1705,-0.0558,1.4459,-0.1764,0.5974,-0.0105
1.4895,0.5937,0.899,0.303,1.3363,-1.0265,1.5029,0.1159,0.7301,0.1595,1.1267,-0.0582,1.4459,-0.1764,0.7085,-0.0624
1.4895,0.5937,0.899,0.303,1.3363,-1.0265,1.5029,0.1159,0.7301,0.1595,1.1267,-0.0582,1.4459,-0.1764,0.7085,-0.0624
1.4895,0.5937,0.899,0.303,1.3363,-1.0265,1.5029,0.1159,0.7301,0.1595,1.1267,-0.0582,1.4459,-0.1764,0.7085,-0.0624
1.4895,0.5937,0.8839,0.2997,1.3442,-1.0379,1.4495,0.1348,0.6667,0.1645,1.0686,-0.0614,1.3855,-0.155,0.7085,-0.0624
1.4895,0.5937,0.8839,0.2997,1.3442,-1.0379,1.4495,0.1348,0.6667,0.1645,1.0686,-0.0614,1.3855,-0.155,0.7085,-0.0624
1.4895,0.5937,0.846,0.3045,1.3732,-1.0482,1.4043,0.142,0.6114,0.1582,1.0559,-0.0865,1.2539,-0.1619,0.609,-0.0272
1.4895,0.5937,0.846,0.3045,1.3732,-1.0482,1.4043,0.142,0.6114,0.1582,1.0559,-0.0865,1.2539,-0.1619,0.609,-0.0272
1.5904,0.5309,0.8161,0.2979,1.3231,-1.0391,1.3488,0.1355,0.538,0.1496,1.0233,-0.1045,1.1669,-0.1667,0.5826,-0.0431
1.5904,0.5309,0.8161,0.2979,1.3231,-1.0391,1.3488,0.1355,0.538,0.1496,1.0233,-0.1045,1.1669,-0.1667,0.5826,-0.0431
1.7178,0.5131,0.8012,0.2946,1.2941,-1.0288,1.3568,0.1239,0.5015,0.1453,0.989,-0.0983,1.1669,-0.1667,0.5826,-0.0431
1.821,0.5312,0.7862,0.2913,1.2731,-1.03,1.3728,0.1009,0.4832,0.1432,0.9548,-0.0921,1.2429,-0.2112,0.5942,-0.0598
1.821,0.5312,0.7862,0.2913,1.2731,-1.03,1.3728,0.1009,0.4832,0.1432,0.9548,-0.0921,1.2429,-0.2112,0.5942,-0.0598
1.821,0.5312,0.7862,0.2913,1.2731,-1.03,1.3728,0.1009,0.4832,0.1432,0.9548,-0.0921,1.2429,-0.2112,0.5942,-0.0598
1.6676,0.5854,0.7564,0.2847,1.2102,-1.0335,1.3094,0.1059,0.4729,0.1296,0.926,-0.0937,1.423,-0.2749,0.6057,-0.0764
1.6676,0.5854,0.7564,0.2847,1.2102,-1.0335,1.3094,0.1059,0.4729,0.1296,0.926,-0.0937,1.423,-0.2749,0.6057,-0.0764
1.6676,0.5854,0.7564,0.2847,1.2102,-1.0335,1.3094,0.1059,0.4729,0.1296,0.926,-0.0937,1.423,-0.2749,0.6057,-0.0764
1.5145,0.5577,0.7424,0.2556,1.1346,-1.0496,1.2358,0.0972,0.4547,0.1275,0.8973,-0.0954,1.5276,-0.2941,0.6173,-0.0931
1.5145,0.5577,0.7424,0.2556,1.1346,-1.0496,1.2358,0.0972,0.4547,0.1275,0.8973,-0.0954,1.5276,-0.2941,0.6173,-0.0931
1.2632,0.5922,0.697,0.2716,1.0309,-1.0556,1.1001,0.0934,0.4522,0.1027,0.8543,-0.0978,1.4508,-0.2493,0.5908,-0.1088
1.2632,0.5922,0.697,0.2716,1.0309,-1.0556,1.1001,0.0934,0.4522,0.1027,0.8543,-0.0978,1.4508,-0.2493,0.5908,-0.1088
1.1389,0.6091,0.6369,0.2843,1.0958,-1.087,1.0433,0.0618,0.3537,0.1033,0.7741,-0.1106,1.3466,-0.2301,0.6138,-0.142
1.1389,0.6091,0.6369,0.2843,1.0958,-1.087,1.0433,0.0618,0.3537,0.1033,0.7741,-0.1106,1.3466,-0.2301,0.6138,-0.142
1.3128,0.5207,0.6074,0.2777,1.0879,-1.0758,0.9891,0.0552,0.2122,0.1107,0.7139,-0.1302,1.1127,-0.2182,0.4889,-0.1229
1.3128,0.5207,0.6074,0.2777,1.0879,-1.0758,0.9891,0.0552,0.2122,0.1107,0.7139,-0.1302,1.1127,-0.2182,0.4889,-0.1229
1.3128,0.5207,0.6074,0.2777,1.0879,-1.0758,0.9891,0.0552,0.2122,0.1107,0.7139,-0.1302,1.1127,-0.2182,0.4889,-0.1229
1.363,0.5299,0.5858,0.2598,1.0387,-1.0669,0.9868,0.0304,0.1307,0.0886,0.6432,-0.1344,0.9675,-0.202,0.3161,-0.0868
1.363,0.5299,0.5858,0.2598,1.0387,-1.0669,0.9868,0.0304,0.1307,0.0886,0.6432,-0.1344,0.9675,-0.202,0.3161,-0.0868
1.3382,0.5657,0.5339,0.2612,0.9974,-1.0693,0.9688,0.0282,0.0774,0.082,0.5868,-0.1378,0.8821,-0.2069,0.2902,-0.1025
1.3382,0.5657,0.5339,0.2612,0.9974,-1.0693,0.9688,0.0282,0.0774,0.082,0.5868,-0.1378,0.8821,-0.2069,0.2902,-0.1025
1.3382,0.5657,0.5339,0.2612,0.9974,-1.0693,0.9688,0.0282,0.0774,0.082,0.5868,-0.1378,0.8821,-0.2069,0.2902,-0.1025
1.288,0.5564,0.5348,0.2354,0.9356,-1.073,0.9171,0.0464,0.0419,0.0777,0.5447,-0.1403,0.9408,-0.2277,0.2902,-0.1025
1.288,0.5564,0.5348,0.2354,0.9356,-1.073,0.9171,0.0464,0.0419,0.0777,0.5447,-0.1403,0.9408,-0.2277,0.2902,-0.1025
1.3382,0.5657,0.6231,0.2552,0.9974,-1.0693,0.9655,0.0893,0.1006,0.0485,0.5641,-0.1472,0.9675,-0.202,0.2188,-0.0524
1.3382,0.5657,0.6231,0.2552,0.9974,-1.0693,0.9655,0.0893,0.1006,0.0485,0.5641,-0.1472,0.9675,-0.202,0.2188,-0.0524
1.3382,0.5657,0.6231,0.2552,0.9974,-1.0693,0.9655,0.0893,0.1006,0.0485,0.5641,-0.1472,0.9675,-0.202,0.2188,-0.0524
1.3635,0.611,0.6892,0.2829,1.0437,-1.0431,1.0922,0.1048,0.2488,0.0299,0.6573,-0.1335,0.9942,-0.1763,0.2932,-0.0537
1.3635,0.611,0.6892,0.2829,1.0437,-1.0431,1.0922,0.1048,0.2488,0.0299,0.6573,-0.1335,0.9942,-0.1763,0.2932,-0.0537
1.3635,0.611,0.6892,0.2829,1.0437,-1.0431,1.0922,0.1048,0.2488,0.0299,0.6573,-0.1335,0.9942,-0.1763,0.2932,-0.0537
1.4645,0.6298,0.725,0.3301,1.205,-1.0574,1.2199,0.1202,0.3953,0.0715,0.7972,-0.1011,1.0641,-0.148,0.4922,-0.074
1.4645,0.6298,0.725,0.3301,1.205,-1.0574,1.2199,0.1202,0.3953,0.0715,0.7972,-0.1011,1.0641,-0.148,0.4922,-0.074
1.5662,0.6486,0.8673,0.3486,1.3785,-1.0242,1.4149,0.1558,0.6114,0.1582,1.0976,-0.0598,1.1506,-0.1432,0.609,-0.0272
1.5662,0.6486,0.8673,0.3486,1.3785,-1.0242,1.4149,0.1558,0.6114,0.1582,1.0976,-0.0598,1.1506,-0.1432,0.609,-0.0272
1.6686,0.6674,0.9124,0.3585,1.405,-0.999,1.5348,0.1572,0.6692,0.1896,1.229,-0.0527,1.2104,-0.1643,0.6238,0.0055
1.6686,0.6674,0.9124,0.3585,1.405,-0.999,1.5348,0.1572,0.6692,0.1896,1.229,-0.0527,1.2104,-0.1643,0.6238,0.0055
1.6686,0.6674,0.9124,0.3585,1.405,-0.999,1.5348,0.1572,0.6692,0.1896,1.229,-0.0527,1.2104,-0.1643,0.6238,0.0055
1.6432,0.7039,0.9275,0.3619,1.4262,-0.9979,1.5991,0.152,0.7433,0.1982,1.3007,-0.0242,1.2539,-0.1619,0.662,0.0047
1.6432,0.7039,0.9275,0.3619,1.4262,-0.9979,1.5991,0.152,0.7433,0.1982,1.3007,-0.0242,1.2539,-0.1619,0.662,0.0047
1.6432,0.7039,0.9275,0.3619,1.4262,-0.9979,1.5991,0.152,0.7433,0.1982,1.3007,-0.0242,1.2539,-0.1619,0.662,0.0047
1.541,0.685,0.9355,0.3504,1.3838,-1.0002,1.6018,0.1774,0.7645,0.2255,1.334,-0.006,1.3579,-0.1809,0.7119,-0.0129
1.541,0.685,0.9355,0.3504,1.3838,-1.0002,1.6018,0.1774,0.7645,0.2255,1.334,-0.006,1.3579,-0.1809,0.7119,-0.0129
1.541,0.685,0.9355,0.3504,1.3838,-1.0002,1.6018,0.1774,0.7645,0.2255,1.334,-0.006,1.3579,-0.1809,0.7119,-0.0129
1.5152,0.6392,0.9355,0.3504,1.3415,-1.0025,1.5937,0.1891,0.8551,0.2109,1.3839,-0.0117,1.4738,-0.1505,0.7502,-0.0138
1.5152,0.6392,0.9355,0.3504,1.3415,-1.0025,1.5937,0.1891,0.8551,0.2109,1.3839,-0.0117,1.4738,-0.1505,0.7502,-0.0138
1.4645,0.6298,0.9045,0.37,1.3284,-1.0151,1.5749,0.1869,0.9086,0.192,1.3691,-0.0124,1.4573,-0.1268,0.8505,-0.0492
1.4645,0.6298,0.9045,0.37,1.3284,-1.0151,1.5749,0.1869,0.9086,0.192,1.3691,-0.0124,1.4573,-0.1268,0.8505,-0.0492
1.5152,0.6392,0.9045,0.37,1.3574,-1.0254,1.5749,0.1869,0.9005,0.2036,1.345,-0.0219,1.3967,-0.1053,0.9628,-0.1016
1.5152,0.6392,0.9045,0.37,1.3574,-1.0254,1.5749,0.1869,0.9005,0.2036,1.345,-0.0219,1.3967,-0.1053,0.9628,-0.1016
1.5152,0.6392,0.8895,0.3667,1.3653,-1.0368,1.5562,0.1847,0.8925,0.2152,1.3155,-0.0235,1.3526,-0.1077,0.99,-0.0858
1.6927,0.5492,0.8974,0.3552,1.3363,-1.0265,1.5562,0.1847,0.8551,0.2109,1.3375,-0.0552,1.3251,-0.1337,0.8774,-0.0334
1.6927,0.5492,0.8974,0.3552,1.3363,-1.0265,1.5562,0.1847,0.8551,0.2109,1.3375,-0.0552,1.3251,-0.1337,0.8774,-0.0334
1.8729,0.5402,0.9204,0.3471,1.3284,-1.0151,1.583,0.1753,0.8204,0.2319,1.367,-0.0536,1.3855,-0.155,0.8541,0.0003
1.8729,0.5402,0.9204,0.3471,1.3284,-1.0151,1.583,0.1753,0.8204,0.2319,1.367,-0.0536,1.3855,-0.155,0.8541,0.0003
1.7971,0.6496,0.9283,0.3357,1.2783,-1.0061,1.6099,0.1658,0.8204,0.2319,1.3763,-0.045,1.4459,-0.1764,0.8541,0.0003
1.7971,0.6496,0.9283,0.3357,1.2783,-1.0061,1.6099,0.1658,0.8204,0.2319,1.3763,-0.045,1.4459,-0.1764,0.8541,0.0003
1.7971,0.6496,0.9283,0.3357,1.2783,-1.0061,1.6099,0.1658,0.8204,0.2319,1.3763,-0.045,1.4459,-0.1764,0.8541,0.0003
1.6686,0.6674,0.9061,0.3177,1.2442,-1.0198,1.5374,0.1826,0.8123,0.2435,1.3708,-0.037,1.551,-0.1956,0.9044,-0.0175
1.6686,0.6674,0.9061,0.3177,1.2442,-1.0198,1.5374,0.1826,0.8123,0.2435,1.3708,-0.037,1.551,-0.1956,0.9044,-0.0175
1.4394,0.666,0.9069,0.2916,1.1893,-1.0347,1.4733,0.1877,0.8123,0.2435,1.3653,-0.0291,1.7178,-0.2367,0.9044,-0.0175
1.4394,0.666,0.9069,0.2916,1.1893,-1.0347,1.4733,0.1877,0.8123,0.2435,1.3653,-0.0291,1.7178,-0.2367,0.9044,-0.0175
1.3888,0.6566,0.899,0.303,1.1606,-1.0246,1.4093,0.1927,0.8284,0.2204,1.3615,-0.0457,1.7013,-0.213,0.8271,-0.0156
1.3888,0.6566,0.899,0.303,1.1606,-1.0246,1.4093,0.1927,0.8284,0.2204,1.3615,-0.0457,1.7013,-0.213,0.8271,-0.0156
1.3888,0.6566,0.8832,0.3258,1.1893,-1.0347,1.3988,0.1789,0.7991,0.2046,1.3117,-0.0401,1.6236,-0.1676,0.7886,-0.0147
1.3888,0.6566,0.8832,0.3258,1.1893,-1.0347,1.3988,0.1789,0.7991,0.2046,1.3117,-0.0401,1.6236,-0.1676,0.7886,-0.0147
1.3888,0.6566,0.8224,0.3386,1.2259,-1.0562,1.3698,0.163,0.7991,0.2046,1.2621,-0.0345,1.6236,-0.1676,0.8891,-0.0502
1.3888,0.6566,0.8224,0.3386,1.2259,-1.0562,1.3698,0.163,0.7991,0.2046,1.2621,-0.0345,1.6236,-0.1676,0.8891,-0.0502
1.3385,0.6471,0.7846,0.3434,1.2338,-1.0676,1.3593,0.1492,0.7433,0.1982,1.1942,-0.0463,1.5345,-0.172,0.9124,-0.0838
1.3385,0.6471,0.7846,0.3434,1.2338,-1.0676,1.3593,0.1492,0.7433,0.1982,1.1942,-0.0463,1.5345,-0.172,0.9124,-0.0838
1.3385,0.6471,0.7846,0.3434,1.2338,-1.0676,1.3593,0.1492,0.7433,0.1982,1.1942,-0.0463,1.5345,-0.172,0.9124,-0.0838
1.3635,0.611,0.7398,0.3334,1.2259,-1.0562,1.3039,0.1426,0.6244,0.1968,1.1522,-0.0731,1.4018,-0.1786,0.8236,-0.0651
1.4638,0.5484,0.7101,0.3268,1.1684,-1.0359,1.3014,0.1174,0.5326,0.186,1.1048,-0.092,1.314,-0.1832,0.7351,-0.0465
1.4895,0.5937,0.6726,0.3315,1.1397,-1.0258,1.3438,0.0851,0.4936,0.1567,1.0468,-0.0951,1.1669,-0.1667,0.6587,-0.0448
1.4895,0.5937,0.6726,0.3315,1.1397,-1.0258,1.3438,0.0851,0.4936,0.1567,1.0468,-0.0951,1.1669,-0.1667,0.6587,-0.0448
1.5152,0.6392,0.6726,0.3315,1.1189,-1.027,1.3517,0.0736,0.4832,0.1432,0.9782,-0.0827,1.1235,-0.1691,0.6587,-0.0448
1.5152,0.6392,0.6726,0.3315,1.1189,-1.027,1.3517,0.0736,0.4832,0.1432,0.9782,-0.0827,1.1235,-0.1691,0.6587,-0.0448
1.5152,0.6392,0.6726,0.3315,1.1189,-1.027,1.3517,0.0736,0.4832,0.1432,0.9782,-0.0827,1.1235,-0.1691,0.6587,-0.0448
1.3888,0.6566,0.6735,0.3055,1.0566,-1.0306,1.2542,0.0994,0.4468,0.1389,0.935,-0.0851,1.2591,-0.2346,0.6206,-0.0439
1.3888,0.6566,0.6735,0.3055,1.0566,-1.0306,1.2542,0.0994,0.4468,0.1389,0.935,-0.0851,1.2591,-0.2346,0.6206,-0.0439
1.3888,0.6566,0.6735,0.3055,1.0566,-1.0306,1.2542,0.0994,0.4468,0.1389,0.935,-0.0851,1.2591,-0.2346,0.6206,-0.0439
1.4645,0.6298,0.6883,0.3088,1.0644,-1.0419,1.2096,0.1065,0.4444,0.114,0.8775,-0.0884,1.2754,-0.258,0.5826,-0.0431
1.3637,0.6927,0.6578,0.3282,1.023,-1.0443,1.1468,0.1114,0.4861,0.0821,0.8597,-0.1056,1.2591,-0.2346,0.5331,-0.0256
1.3637,0.6927,0.6578,0.3282,1.023,-1.0443,1.1468,0.1114,0.4861,0.0821,0.8597,-0.1056,1.2591,-0.2346,0.5331,-0.0256
1.3637,0.6927,0.6578,0.3282,1.023,-1.0443,1.1468,0.1114,0.4861,0.0821,0.8597,-0.1056,1.2591,-0.2346,0.5331,-0.0256
1.3637,0.6927,0.6351,0.3362,1.0516,-1.0544,1.1024,0.1184,0.4861,0.0821,0.8311,-0.1073,1.2591,-0.2346,0.6057,-0.0764
1.3637,0.6927,0.6351,0.3362,1.0516,-1.0544,1.1024,0.1184,0.4861,0.0821,0.8311,-0.1073,1.2591,-0.2346,0.6057,-0.0764
1.3637,0.6927,0.6351,0.3362,1.0516,-1.0544,1.1024,0.1184,0.4861,0.0821,0.8311,-0.1073,1.2591,-0.2346,0.6057,-0.0764
1.4645,0.6298,0.5751,0.3488,1.0516,-1.0544,1.0298,0.1096,0.364,0.1167,0.8098,-0.1407,1.145,-0.2648,0.553,-0.108
1.4645,0.6298,0.5751,0.3488,1.0516,-1.0544,1.0298,0.1096,0.364,0.1167,0.8098,-0.1407,1.145,-0.2648,0.553,-0.108
1.4389,0.5844,0.5457,0.3421,1.0024,-1.0456,1.0354,0.0732,0.284,0.1194,0.7867,-0.1501,1.0588,-0.2694,0.4284,-0.089
1.4389,0.5844,0.5457,0.3421,1.0024,-1.0456,1.0354,0.0732,0.284,0.1194,0.7867,-0.1501,1.0588,-0.2694,0.4284,-0.089
1.3884,0.5751,0.5164,0.3354,0.9817,-1.0468,1.0252,0.0596,0.2379,0.1016,0.7334,-0.1371,0.9569,-0.2509,0.3161,-0.0868
1.2632,0.5922,0.4725,0.3254,0.9406,-1.0492,0.9813,0.0666,0.1842,0.0951,0.6855,-0.1319,1.0319,-0.2949,0.2902,-0.1025
1.2632,0.5922,0.4725,0.3254,0.9406,-1.0492,0.9813,0.0666,0.1842,0.0951,0.6855,-0.1319,1.0319,-0.2949,0.2902,-0.1025
1.2632,0.5922,0.4725,0.3254,0.9406,-1.0492,0.9813,0.0666,0.1842,0.0951,0.6855,-0.1319,1.0319,-0.2949,0.2902,-0.1025
1.0401,0.5901,0.4443,0.2928,0.879,-1.0529,0.9093,0.0578,0.1307,0.0886,0.6237,-0.1275,1.1501,-0.3366,0.2645,-0.1183
1.0401,0.5901,0.4443,0.2928,0.879,-1.0529,0.9093,0.0578,0.1307,0.0886,0.6237,-0.1275,1.1501,-0.3366,0.2645,-0.1183
1.0401,0.5901,0.4443,0.2928,0.879,-1.0529,0.9093,0.0578,0.1307,0.0886,0.6237,-0.1275,1.1501,-0.3366,0.2645,-0.1183
0.9909,0.5806,0.4073,0.2974,0.8381,-1.0554,0.8477,0.0624,0.1284,0.064,0.5728,-0.1386,1.0748,-0.2926,0.2273,-0.1176
0.9909,0.5806,0.4073,0.2974,0.8381,-1.0554,0.8477,0.0624,0.1284,0.064,0.5728,-0.1386,1.0748,-0.2926,0.2273,-0.1176
1.0155,0.5451,0.356,0.2986,0.7973,-1.058,0.8299,0.0602,0.1695,0.0326,0.5307,-0.1412,1.1018,-0.2671,0.2872,-0.1511
0.9665,0.5357,0.3337,0.3065,0.8332,-1.0791,0.8299,0.0602,0.1184,0.0506,0.5134,-0.1583,0.9997,-0.2485,0.3472,-0.1847
0.9665,0.5357,0.3337,0.3065,0.8332,-1.0791,0.8299,0.0602,0.1184,0.0506,0.5134,-0.1583,0.9997,-0.2485,0.3472,-0.1847
1.0893,0.519,0.385,0.3053,0.8585,-1.0542,0.8756,0.0782,0.1107,0.0618,0.5134,-0.1583,0.9408,-0.2277,0.3732,-0.1691
1.0893,0.519,0.385,0.3053,0.8585,-1.0542,0.8756,0.0782,0.1107,0.0618,0.5134,-0.1583,0.9408,-0.2277,0.3732,-0.1691
1.4125,0.4585,0.4433,0.3187,0.9328,-1.038,0.9835,0.0915,0.1385,0.0774,0.6029,-0.1609,0.9569,-0.2509,0.3389,-0.1197
1.4125,0.4585,0.4433,0.3187,0.9328,-1.038,0.9835,0.0915,0.1385,0.0774,0.6029,-0.1609,0.9569,-0.2509,0.3389,-0.1197
1.5135,0.4767,0.5242,0.3241,0.9583,-1.0129,1.1183,0.0956,0.2738,0.106,0.776,-0.1346,1.0265,-0.2229,0.4398,-0.1055
1.5135,0.4767,0.5242,0.3241,0.9583,-1.0129,1.1183,0.0956,0.2738,0.106,0.776,-0.1346,1.0265,-0.2229,0.4398,-0.1055
1.6164,0.5761,0.5673,0.3601,1.0409,-1.008,1.2726,0.1016,0.4026,0.1459,0.935,-0.0851,1.0803,-0.1715,0.5299,-0.0748
1.6164,0.5761,0.5673,0.3601,1.0409,-1.008,1.2726,0.1016,0.4026,0.1459,0.935,-0.0851,1.0803,-0.1715,0.5299,-0.0748
1.4901,0.6755,0.6194,0.3588,1.0538,-0.9954,1.3223,0.1448,0.5772,0.1789,1.0867,-0.044,1.3742,-0.2044,0.6703,-0.0615
1.4901,0.6755,0.6194,0.3588,1.0538,-0.9954,1.3223,0.1448,0.5772,0.1789,1.0867,-0.044,1.3742,-0.2044,0.6703,-0.0615
1.2883,0.7194,0.7101,0.3268,1.0824,-1.0055,1.3167,0.1817,0.6718,0.2148,1.2071,-0.0211,1.6446,-0.2644,0.7851,-0.0642
1.2883,0.7194,0.7101,0.3268,1.0824,-1.0055,1.3167,0.1817,0.6718,0.2148,1.2071,-0.0211,1.6446,-0.2644,0.7851,-0.0642
1.3134,0.6832,0.7626,0.3254,1.0538,-0.9954,1.3272,0.1955,0.7273,0.2212,1.2805,-0.0171,1.6893,-0.2624,0.7735,-0.0474
1.3134,0.6832,0.7626,0.3254,1.0538,-0.9954,1.3272,0.1955,0.7273,0.2212,1.2805,-0.0171,1.6893,-0.2624,0.7735,-0.0474
1.2134,0.6641,0.7389,0.3595,1.0538,-0.9954,1.3352,0.1839,0.8444,0.1973,1.299,0.0003,1.7178,-0.2367,0.7619,-0.0306
1.2134,0.6641,0.7389,0.3595,1.0538,-0.9954,1.3352,0.1839,0.8444,0.1973,1.299,0.0003,1.7178,-0.2367,0.7619,-0.0306
1.2134,0.6641,0.7389,0.3595,1.0538,-0.9954,1.3352,0.1839,0.8444,0.1973,1.299,0.0003,1.7178,-0.2367,0.7619,-0.0306
1.2633,0.6736,0.7231,0.3823,1.1032,-1.0043,1.3617,0.1745,0.9086,0.192,1.3285,0.0019,1.6848,-0.1892,0.9512,-0.0848
1.2633,0.6736,0.7231,0.3823,1.1032,-1.0043,1.3617,0.1745,0.9086,0.192,1.3285,0.0019,1.6848,-0.1892,0.9512,-0.0848
1.2633,0.6736,0.7231,0.3823,1.1032,-1.0043,1.3617,0.1745,0.9086,0.192,1.3285,0.0019,1.6848,-0.1892,0.9512,-0.0848
1.3385,0.6471,0.6776,0.3984,1.2469,-1.0551,1.3617,0.1745,0.839,0.2341,1.2897,-0.0084,1.6401,-0.1913,1.0017,-0.1027
1.3385,0.6471,0.6776,0.3984,1.2469,-1.0551,1.3617,0.1745,0.839,0.2341,1.2897,-0.0084,1.6401,-0.1913,1.0017,-0.1027
1.6164,0.5761,0.6776,0.3984,1.2233,-1.021,1.3698,0.163,0.7299,0.2464,1.2621,-0.0345,1.4902,-0.1742,0.8738,-0.0828
1.6164,0.5761,0.6776,0.3984,1.2233,-1.021,1.3698,0.163,0.7299,0.2464,1.2621,-0.0345,1.4902,-0.1742,0.8738,-0.0828
1.6164,0.5761,0.6776,0.3984,1.2233,-1.021,1.3698,0.163,0.7299,0.2464,1.2621,-0.0345,1.4902,-0.1742,0.8738,-0.0828
1.7442,0.5583,0.6855,0.387,1.1866,-0.9994,1.3963,0.1536,0.6823,0.2284,1.2235,-0.0448,1.2977,-0.1596,0.7351,-0.0465
1.7442,0.5583,0.6855,0.387,1.1866,-0.9994,1.3963,0.1536,0.6823,0.2284,1.2235,-0.0448,1.2977,-0.1596,0.7351,-0.0465
1.6938,0.6309,0.6934,0.3756,1.1161,-0.9917,1.4495,0.1348,0.6877,0.1918,1.1687,-0.0313,1.314,-0.1832,0.7351,-0.0465
1.6938,0.6309,0.6934,0.3756,1.1161,-0.9917,1.4495,0.1348,0.6877,0.1918,1.1687,-0.0313,1.314,-0.1832,0.7351,-0.0465
1.6938,0.6309,0.6934,0.3756,1.1161,-0.9917,1.4495,0.1348,0.6877,0.1918,1.1687,-0.0313,1.314,-0.1832,0.7351,-0.0465
1.6938,0.6309,0.6934,0.3756,1.1161,-0.9917,1.4495,0.1348,0.6877,0.1918,1.1687,-0.0313,1.314,-0.1832,0.7351,-0.0465
1.5662,0.6486,0.7013,0.3642,1.0953,-0.9929,1.4043,0.142,0.6692,0.1896,1.154,-0.0321,1.3905,-0.2279,0.6853,-0.0289
1.5662,0.6486,0.7013,0.3642,1.0953,-0.9929,1.4043,0.142,0.6692,0.1896,1.154,-0.0321,1.3905,-0.2279,0.6853,-0.0289
1.4649,0.7119,0.7152,0.3937,1.1448,-1.0018,1.3698,0.163,0.7752,0.1522,1.1504,-0.0487,1.4182,-0.2022,0.7467,-0.0632
1.4649,0.7119,0.7152,0.3937,1.1448,-1.0018,1.3698,0.163,0.7752,0.1522,1.1504,-0.0487,1.4182,-0.2022,0.7467,-0.0632
1.4649,0.7119,0.7152,0.3937,1.1448,-1.0018,1.3698,0.163,0.7752,0.1522,1.1504,-0.0487,1.4182,-0.2022,0.7467,-0.0632
1.4649,0.7119,0.7152,0.3937,1.2023,-1.0222,1.3513,0.1608,0.7407,0.173,1.1267,-0.0582,1.3742,-0.2044,0.7467,-0.0632
1.4649,0.7119,0.7152,0.3937,1.2023,-1.0222,1.3513,0.1608,0.7407,0.173,1.1267,-0.0582,1.3742,-0.2044,0.7467,-0.0632
1.4649,0.7119,0.7152,0.3937,1.2023,-1.0222,1.3513,0.1608,0.7407,0.173,1.1267,-0.0582,1.3742,-0.2044,0.7467,-0.0632
1.4901,0.6755,0.6855,0.387,1.1657,-1.0006,1.3143,0.1564,0.7036,0.1688,1.1285,-0.0825,1.3028,-0.2324,0.6587,-0.0448
1.4901,0.6755,0.6855,0.387,1.1657,-1.0006,1.3143,0.1564,0.7036,0.1688,1.1285,-0.0825,1.3028,-0.2324,0.6587,-0.0448
1.5662,0.6486,0.6184,0.3849,1.0874,-0.9816,1.3014,0.1174,0.5667,0.1653,1.0867,-0.1092,1.1127,-0.2182,0.4576,-0.0241
1.5662,0.6486,0.6184,0.3849,1.0874,-0.9816,1.3014,0.1174,0.5667,0.1653,1.0867,-0.1092,1.1127,-0.2182,0.4576,-0.0241
1.5662,0.6486,0.6184,0.3849,1.0874,-0.9816,1.3014,0.1174,0.5667,0.1653,1.0867,-0.1092,1.1127,-0.2182,0.4576,-0.0241
1.4394,0.666,0.5741,0.3748,1.0616,-1.0067,1.2646,0.1131,0.5301,0.161,1.0324,-0.0959,1.1883,-0.2625,0.4806,-0.0574
1.4394,0.666,0.5741,0.3748,1.0616,-1.0067,1.2646,0.1131,0.5301,0.161,1.0324,-0.0959,1.1883,-0.2625,0.4806,-0.0574
1.2883,0.6376,0.531,0.3388,0.9583,-1.0129,1.1309,0.1343,0.465,0.141,0.935,-0.0851,1.2367,-0.3322,0.4169,-0.0724
1.2883,0.6376,0.531,0.3388,0.9583,-1.0129,1.1309,0.1343,0.465,0.141,0.935,-0.0851,1.2367,-0.3322,0.4169,-0.0724
1.0646,0.6354,0.5017,0.3321,0.9249,-1.0267,1.0502,0.1369,0.4547,0.1275,0.8919,-0.0876,1.2641,-0.3068,0.4284,-0.089
1.1141,0.564,0.4568,0.3479,0.8556,-1.0192,1.014,0.1324,0.4522,0.1027,0.8597,-0.1056,1.1883,-0.2625,0.3534,-0.0875
1.1141,0.564,0.4568,0.3479,0.8556,-1.0192,1.014,0.1324,0.4522,0.1027,0.8597,-0.1056,1.1883,-0.2625,0.3534,-0.0875
1.1141,0.564,0.4568,0.3479,0.8556,-1.0192,1.014,0.1324,0.4522,0.1027,0.8597,-0.1056,1.1883,-0.2625,0.3534,-0.0875
1.1141,0.564,0.412,0.3638,0.8995,-1.0517,1.0038,0.1188,0.4861,0.0821,0.8365,-0.115,1.156,-0.2158,0.4628,-0.1386
1.1141,0.564,0.412,0.3638,0.8995,-1.0517,1.0038,0.1188,0.4861,0.0821,0.8365,-0.115,1.156,-0.2158,0.4628,-0.1386
1.1141,0.564,0.3974,0.3604,0.8995,-1.0517,0.9598,0.1257,0.4419,0.0892,0.7991,-0.1252,1.1127,-0.2182,0.5119,-0.1559
1.1141,0.564,0.3974,0.3604,0.8995,-1.0517,0.9598,0.1257,0.4419,0.0892,0.7991,-0.1252,1.1127,-0.2182,0.5119,-0.1559
1.1141,0.564,0.3974,0.3604,0.8995,-1.0517,0.9598,0.1257,0.4419,0.0892,0.7991,-0.1252,1.1127,-0.2182,0.5119,-0.1559
1.3376,0.485,0.3829,0.357,0.8839,-1.0292,0.9238,0.1212,0.3875,0.0828,0.7814,-0.1424,0.9675,-0.202,0.4252,-0.1378
1.3376,0.485,0.3829,0.357,0.8839,-1.0292,0.9238,0.1212,0.3875,0.0828,0.7814,-0.1424,0.9675,-0.202,0.4252,-0.1378
1.3884,0.5751,0.3093,0.366,0.8069,-1.0105,0.9295,0.0849,0.2895,0.0834,0.7353,-0.1611,0.8981,-0.2301,0.2902,-0.1025
1.3884,0.5751,0.3093,0.366,0.8069,-1.0105,0.9295,0.0849,0.2895,0.0834,0.7353,-0.1611,0.8981,-0.2301,0.2902,-0.1025
1.3884,0.5751,0.3093,0.366,0.8069,-1.0105,0.9295,0.0849,0.2895,0.0834,0.7353,-0.1611,0.8981,-0.2301,0.2902,-0.1025
1.1885,0.6186,0.2959,0.3368,0.7536,-1.0256,0.8577,0.076,0.2535,0.0791,0.707,-0.1628,1.0158,-0.2717,0.3017,-0.119
1.1885,0.6186,0.2959,0.3368,0.7536,-1.0256,0.8577,0.076,0.2535,0.0791,0.707,-0.1628,1.0158,-0.2717,0.3017,-0.119
1.0398,0.6712,0.3115,0.3143,0.713,-1.0282,0.7963,0.0806,0.2177,0.0748,0.6787,-0.1644,1.0748,-0.2926,0.3131,-0.1354
1.0398,0.6712,0.3115,0.3143,0.713,-1.0282,0.7963,0.0806,0.2177,0.0748,0.6787,-0.1644,1.0748,-0.2926,0.3131,-0.1354
1.0646,0.6354,0.2515,0.3525,0.7005,-1.0407,0.7174,0.0829,0.2076,0.0614,0.6558,-0.1737,1.1018,-0.2671,0.2645,-0.1183
1.0646,0.6354,0.2515,0.3525,0.7005,-1.0407,0.7174,0.0829,0.2076,0.0614,0.6558,-0.1737,1.1018,-0.2671,0.2645,-0.1183
1.0153,0.6258,0.2072,0.3681,0.688,-1.0531,0.6643,0.0761,0.2231,0.039,0.6082,-0.1685,1.0857,-0.2438,0.2759,-0.1347
1.0153,0.6258,0.2072,0.3681,0.688,-1.0531,0.6643,0.0761,0.2231,0.039,0.6082,-0.1685,1.0857,-0.2438,0.2759,-0.1347
0.9662,0.6162,0.1707,0.3726,0.7237,-1.0742,0.6368,0.0603,0.1796,0.0459,0.5467,-0.1642,1.0857,-0.2438,0.4334,-0.2028
0.9909,0.5806,0.1707,0.3726,0.7721,-1.0828,0.6544,0.0626,0.1284,0.064,0.4994,-0.1591,1.0427,-0.2462,0.4447,-0.2191
0.9909,0.5806,0.1707,0.3726,0.7721,-1.0828,0.6544,0.0626,0.1284,0.064,0.4994,-0.1591,1.0427,-0.2462,0.4447,-0.2191
1.1884,0.5377,0.2437,0.3637,0.8381,-1.0554,0.7174,0.0829,0.0419,0.0777,0.5047,-0.1668,0.973,-0.274,0.3586,-0.2011
1.1884,0.5377,0.2437,0.3637,0.8381,-1.0554,0.7174,0.0829,0.0419,0.0777,0.5047,-0.1668,0.973,-0.274,0.3586,-0.2011
1.1884,0.5377,0.2437,0.3637,0.8381,-1.0554,0.7174,0.0829,0.0419,0.0777,0.5047,-0.1668,0.973,-0.274,0.3586,-0.2011
1.288,0.5564,0.3015,0.3773,0.8839,-1.0292,0.8835,0.0669,0.0951,0.0842,0.5975,-0.1532,0.9142,-0.2533,0.3359,-0.1683
1.288,0.5564,0.3015,0.3773,0.8839,-1.0292,0.8835,0.0669,0.0951,0.0842,0.5975,-0.1532,0.9142,-0.2533,0.3359,-0.1683
1.3385,0.6471,0.3963,0.3864,0.9789,-1.0117,1.0638,0.089,0.2021,0.0973,0.7085,-0.1225,0.9408,-0.2277,0.3389,-0.1197
1.3888,0.6566,0.485,0.3806,1.0124,-0.9979,1.1571,0.1251,0.3561,0.1281,0.8578,-0.0814,1.0696,-0.2205,0.4398,-0.1055
1.3888,0.6566,0.485,0.3806,1.0124,-0.9979,1.1571,0.1251,0.3561,0.1281,0.8578,-0.0814,1.0696,-0.2205,0.4398,-0.1055
1.4394,0.666,0.5358,0.4055,1.0459,-0.984,1.2143,0.1569,0.4753,0.1545,0.9709,-0.0505,1.1831,-0.1901,0.4922,-0.074
1.4394,0.666,0.5358,0.4055,1.0459,-0.984,1.2143,0.1569,0.4753,0.1545,0.9709,-0.0505,1.1831,-0.1901,0.4922,-0.074
1.4394,0.666,0.5358,0.4055,1.0459,-0.984,1.2143,0.1569,0.4753,0.1545,0.9709,-0.0505,1.1831,-0.1901,0.4922,-0.074
1.389,0.7387,0.5721,0.4271,1.0588,-0.9715,1.2799,0.1773,0.6377,0.1489,1.0812,-0.0362,1.1941,-0.1408,0.5562,-0.059
1.389,0.7387,0.5721,0.4271,1.0588,-0.9715,1.2799,0.1773,0.6377,0.1489,1.0812,-0.0362,1.1941,-0.1408,0.5562,-0.059
1.4396,0.7483,0.6163,0.4373,1.129,-0.9791,1.3352,0.1839,0.7513,0.1867,1.1632,-0.0234,1.2213,-0.1148,0.6703,-0.0615
1.4396,0.7483,0.6163,0.4373,1.129,-0.9791,1.3352,0.1839,0.7513,0.1867,1.1632,-0.0234,1.2213,-0.1148,0.6703,-0.0615
1.5157,0.7214,0.6539,0.4326,1.1499,-0.9779,1.3722,0.1883,0.7725,0.214,1.2126,-0.029,1.1777,-0.1172,0.6471,-0.028
1.5157,0.7214,0.6539,0.4326,1.1499,-0.9779,1.3722,0.1883,0.7725,0.214,1.2126,-0.029,1.1777,-0.1172,0.6471,-0.028
1.5667,0.731,0.6608,0.4475,1.1629,-0.9653,1.4093,0.1927,0.7831,0.2276,1.2676,-0.0424,1.1506,-0.1432,0.6355,-0.0113
1.5413,0.7675,0.6608,0.4475,1.1629,-0.9653,1.444,0.1717,0.8097,0.2182,1.297,-0.0409,1.1669,-0.1667,0.5858,0.0063
1.5413,0.7675,0.6608,0.4475,1.1629,-0.9653,1.444,0.1717,0.8097,0.2182,1.297,-0.0409,1.1669,-0.1667,0.5858,0.0063
1.3637,0.7751,0.6084,0.4487,1.1003,-0.969,1.3988,0.1789,0.8097,0.2182,1.2915,-0.0329,1.2429,-0.2112,0.5858,0.0063
1.3637,0.7751,0.6084,0.4487,1.1003,-0.969,1.3988,0.1789,0.8097,0.2182,1.2915,-0.0329,1.2429,-0.2112,0.5858,0.0063
1.3637,0.7751,0.6084,0.4487,1.1003,-0.969,1.3988,0.1789,0.8097,0.2182,1.2915,-0.0329,1.2429,-0.2112,0.5858,0.0063
1.188,0.7822,0.6095,0.4225,1.0301,-0.9613,1.3617,0.1745,0.7991,0.2046,1.2768,-0.0337,1.3028,-0.2324,0.5974,-0.0105
1.188,0.7822,0.6095,0.4225,1.0301,-0.9613,1.3617,0.1745,0.7991,0.2046,1.2768,-0.0337,1.3028,-0.2324,0.5974,-0.0105
1.1884,0.7001,0.5642,0.4385,0.9888,-0.9639,1.3248,0.1701,0.8071,0.193,1.2529,-0.0432,1.3466,-0.2301,0.5594,-0.0097
1.2633,0.6736,0.5563,0.4499,1.0173,-0.9739,1.3167,0.1817,0.8417,0.1721,1.2382,-0.044,1.314,-0.1832,0.6587,-0.0448
1.2633,0.6736,0.5563,0.4499,1.0173,-0.9739,1.3167,0.1817,0.8417,0.1721,1.2382,-0.044,1.314,-0.1832,0.6587,-0.0448
1.2383,0.7097,0.5563,0.4499,1.0745,-0.9942,1.3167,0.1817,0.8151,0.1815,1.2089,-0.0455,1.314,-0.1832,0.7201,-0.0791
1.2383,0.7097,0.5563,0.4499,1.0745,-0.9942,1.3167,0.1817,0.8151,0.1815,1.2089,-0.0455,1.314,-0.1832,0.7201,-0.0791
1.2383,0.7097,0.5563,0.4499,1.0745,-0.9942,1.3167,0.1817,0.8151,0.1815,1.2089,-0.0455,1.314,-0.1832,0.7201,-0.0791
1.3134,0.6832,0.5563,0.4499,1.0953,-0.9929,1.3352,0.1839,0.7884,0.1909,1.2143,-0.0534,1.314,-0.1832,0.7467,-0.0632
1.3134,0.6832,0.5563,0.4499,1.0953,-0.9929,1.3352,0.1839,0.7884,0.1909,1.2143,-0.0534,1.314,-0.1832,0.7467,-0.0632
1.4645,0.6298,0.5642,0.4385,1.0588,-0.9715,1.2822,0.2026,0.7699,0.1888,1.2307,-0.0771,1.2266,-0.1878,0.6355,-0.0113
1.4645,0.6298,0.5642,0.4385,1.0588,-0.9715,1.2822,0.2026,0.7699,0.1888,1.2307,-0.0771,1.2266,-0.1878,0.6355,-0.0113
1.6927,0.5492,0.5642,0.4385,1.0223,-0.95,1.3087,0.1933,0.7247,0.196,1.2161,-0.0779,1.2266,-0.1878,0.6471,-0.028
1.6927,0.5492,0.5642,0.4385,1.0223,-0.95,1.3087,0.1933,0.7247,0.196,1.2161,-0.0779,1.2266,-0.1878,0.6471,-0.028
1.6676,0.5854,0.5494,0.4351,0.973,-0.9412,1.3513,0.1608,0.7407,0.173,1.1759,-0.0637,1.1669,-0.1667,0.609,-0.0272
1.6676,0.5854,0.5494,0.4351,0.973,-0.9412,1.3513,0.1608,0.7407,0.173,1.1759,-0.0637,1.1669,-0.1667,0.609,-0.0272
1.6676,0.5854,0.5494,0.4351,0.973,-0.9412,1.3513,0.1608,0.7407,0.173,1.1759,-0.0637,1.1669,-0.1667,0.609,-0.0272
1.5662,0.6486,0.5268,0.4431,0.9966,-0.9752,1.3593,0.1492,0.7327,0.1845,1.1759,-0.0637,1.1941,-0.1408,0.7085,-0.0624
1.5662,0.6486,0.5268,0.4431,0.9966,-0.9752,1.3593,0.1492,0.7327,0.1845,1.1759,-0.0637,1.1941,-0.1408,0.7085,-0.0624
1.5662,0.6486,0.5268,0.4431,0.9966,-0.9752,1.3593,0.1492,0.7327,0.1845,1.1759,-0.0637,1.1941,-0.1408,0.7085,-0.0624
1.2883,0.6376,0.529,0.3908,0.8809,-0.9941,1.1618,0.1755,0.6772,0.1781,1.1031,-0.0676,1.4345,-0.2257,0.7085,-0.0624
1.2883,0.6376,0.529,0.3908,0.8809,-0.9941,1.1618,0.1755,0.6772,0.1781,1.1031,-0.0676,1.4345,-0.2257,0.7085,-0.0624
1.2883,0.6376,0.529,0.3908,0.8809,-0.9941,1.1618,0.1755,0.6772,0.1781,1.1031,-0.0676,1.4345,-0.2257,0.7085,-0.0624
1.2383,0.6281,0.4839,0.4067,0.84,-0.9967,1.0808,0.178,0.6826,0.1416,1.0704,-0.0857,1.4182,-0.2022,0.6206,-0.0439
1.1885,0.6186,0.4389,0.4226,0.8556,-1.0192,1.0343,0.1598,0.6799,0.1167,1.0179,-0.0967,1.3742,-0.2044,0.6437,-0.0773
1.1389,0.6091,0.4243,0.4192,0.8712,-1.0417,0.9721,0.1645,0.6247,0.1104,0.9602,-0.0999,1.3303,-0.2067,0.6553,-0.094
1.1389,0.6091,0.4243,0.4192,0.8712,-1.0417,0.9721,0.1645,0.6247,0.1104,0.9602,-0.0999,1.3303,-0.2067,0.6553,-0.094
1.1389,0.6091,0.3873,0.4237,0.8352,-1.0205,0.9181,0.1577,0.5069,0.1091,0.8991,-0.1195,1.1994,-0.2135,0.5299,-0.0748
1.1389,0.6091,0.3873,0.4237,0.8352,-1.0205,0.9181,0.1577,0.5069,0.1091,0.8991,-0.1195,1.1994,-0.2135,0.5299,-0.0748
1.1389,0.6091,0.3873,0.4237,0.8352,-1.0205,0.9181,0.1577,0.5069,0.1091,0.8991,-0.1195,1.1994,-0.2135,0.5299,-0.0748
1.1636,0.5734,0.3504,0.4282,0.8147,-1.0217,0.9159,0.1326,0.434,0.1005,0.867,-0.1375,1.1127,-0.2182,0.443,-0.0566
1.1636,0.5734,0.3504,0.4282,0.8147,-1.0217,0.9159,0.1326,0.434,0.1005,0.867,-0.1375,1.1127,-0.2182,0.443,-0.0566
1.1636,0.5734,0.3504,0.4282,0.8147,-1.0217,0.9159,0.1326,0.434,0.1005,0.867,-0.1375,1.1127,-0.2182,0.443,-0.0566
1.114,0.6449,0.3359,0.4248,0.7865,-1.0118,0.9497,0.1121,0.3616,0.092,0.8098,-0.1407,1.0265,-0.2229,0.3794,-0.0717
1.0646,0.6354,0.2924,0.4145,0.7458,-1.0144,0.8979,0.1304,0.3255,0.0877,0.7618,-0.1355,1.0857,-0.2438,0.4284,-0.089
0.9905,0.6615,0.3081,0.392,0.7052,-1.017,0.8542,0.1372,0.2637,0.0925,0.7051,-0.1388,1.0427,-0.2462,0.3909,-0.0882
0.9905,0.6615,0.3081,0.392,0.7052,-1.017,0.8542,0.1372,0.2637,0.0925,0.7051,-0.1388,1.0427,-0.2462,0.3909,-0.0882
1.0153,0.6258,0.2936,0.3885,0.6927,-1.0295,0.8105,0.1441,0.2793,0.07,0.6821,-0.1481,1.0265,-0.2229,0.4023,-0.1048
1.0153,0.6258,0.2936,0.3885,0.6927,-1.0295,0.8105,0.1441,0.2793,0.07,0.6821,-0.1481,1.0265,-0.2229,0.4023,-0.1048
1.0153,0.6258,0.2936,0.3885,0.6927,-1.0295,0.8105,0.1441,0.2793,0.07,0.6821,-0.1481,1.0265,-0.2229,0.4023,-0.1048
0.9905,0.6615,0.2636,0.4077,0.6647,-1.0196,0.8263,0.1213,0.2949,0.0475,0.6451,-0.1584,0.9675,-0.202,0.3763,-0.1205
0.9905,0.6615,0.2636,0.4077,0.6647,-1.0196,0.8263,0.1213,0.2949,0.0475,0.6451,-0.1584,0.9675,-0.202,0.3763,-0.1205
1.0646,0.6354,0.2413,0.4155,0.7285,-1.0506,0.7827,0.1282,0.2949,0.0475,0.5975,-0.1532,0.9086,-0.1812,0.4367,-0.1543
1.0153,0.6258,0.2125,0.4087,0.744,-1.0729,0.7294,0.1213,0.2076,0.0614,0.5327,-0.1651,0.8234,-0.1862,0.3618,-0.1527
1.0153,0.6258,0.2125,0.4087,0.744,-1.0729,0.7294,0.1213,0.2076,0.0614,0.5327,-0.1651,0.8234,-0.1862,0.3618,-0.1527
1.0153,0.6258,0.2125,0.4087,0.744,-1.0729,0.7294,0.1213,0.2076,0.0614,0.5327,-0.1651,0.8234,-0.1862,0.3618,-0.1527
1.0401,0.5901,0.1838,0.4019,0.7082,-1.0518,0.6939,0.1168,0.1107,0.0618,0.5014,-0.1829,0.7708,-0.2375,0.2501,-0.1504
1.0401,0.5901,0.1838,0.4019,0.7082,-1.0518,0.6939,0.1168,0.1107,0.0618,0.5014,-0.1829,0.7708,-0.2375,0.2501,-0.1504
1.1636,0.5734,0.1903,0.4165,0.7208,-1.0394,0.7372,0.11,0.0751,0.0575,0.512,-0.1983,0.7286,-0.24,0.1647,-0.1326
1.1636,0.5734,0.1903,0.4165,0.7208,-1.0394,0.7372,0.11,0.0751,0.0575,0.512,-0.1983,0.7286,-0.24,0.1647,-0.1326
1.1636,0.5734,0.1903,0.4165,0.7208,-1.0394,0.7372,0.11,0.0751,0.0575,0.512,-0.1983,0.7286,-0.24,0.1647,-0.1326
1.1389,0.6091,0.2191,0.4234,0.7255,-1.0157,0.8342,0.11,0.0751,0.0575,0.5347,-0.1889,0.7286,-0.24,0.1278,-0.1319
1.1389,0.6091,0.2191,0.4234,0.7255,-1.0157,0.8342,0.11,0.0751,0.0575,0.5347,-0.1889,0.7286,-0.24,0.1278,-0.1319
1.0894,0.5996,0.2702,0.4224,0.7662,-1.0131,0.8721,0.1395,0.1462,0.0662,0.6169,-0.16,0.9462,-0.2995,0.2017,-0.1333
1.0153,0.6258,0.3583,0.4169,0.8195,-0.998,0.9721,0.1645,0.2715,0.0813,0.7422,-0.1285,1.0748,-0.2926,0.2645,-0.1183
1.0153,0.6258,0.3583,0.4169,0.8195,-0.998,0.9721,0.1645,0.2715,0.0813,0.7422,-0.1285,1.0748,-0.2926,0.2645,-0.1183
1.1389,0.6091,0.4232,0.4453,0.8653,-0.9715,1.0808,0.178,0.434,0.1005,0.8829,-0.0962,1.1722,-0.2392,0.3161,-0.0868
1.1389,0.6091,0.4232,0.4453,0.8653,-0.9715,1.0808,0.178,0.434,0.1005,0.8829,-0.0962,1.1722,-0.2392,0.3161,-0.0868
1.1885,0.6186,0.4512,0.4784,0.9269,-0.9677,1.1984,0.1799,0.6431,0.1125,1.0649,-0.0779,1.2539,-0.1619,0.5037,-0.0906
1.1885,0.6186,0.4512,0.4784,0.9269,-0.9677,1.1984,0.1799,0.6431,0.1125,1.0649,-0.0779,1.2539,-0.1619,0.5037,-0.0906
1.1885,0.6186,0.4512,0.4784,0.9269,-0.9677,1.1984,0.1799,0.6431,0.1125,1.0649,-0.0779,1.2539,-0.1619,0.5037,-0.0906
1.2134,0.6641,0.5178,0.4807,1.0173,-0.9739,1.2822,0.2026,0.7646,0.1386,1.1559,-0.0566,1.3415,-0.1573,0.6553,-0.094
1.2134,0.6641,0.5178,0.4807,1.0173,-0.9739,1.2822,0.2026,0.7646,0.1386,1.1559,-0.0566,1.3415,-0.1573,0.6553,-0.094
1.3385,0.6471,0.5472,0.4876,1.0301,-0.9613,1.3376,0.2093,0.831,0.1585,1.229,-0.0527,1.2813,-0.136,0.7085,-0.0624
1.3385,0.6471,0.5472,0.4876,1.0301,-0.9613,1.3376,0.2093,0.831,0.1585,1.229,-0.0527,1.2813,-0.136,0.7085,-0.0624
1.5403,0.603,0.5846,0.483,1.0351,-0.9373,1.3932,0.2159,0.8417,0.1721,1.2932,-0.0575,1.2977,-0.1596,0.6853,-0.0289
1.5403,0.603,0.5846,0.483,1.0351,-0.9373,1.3932,0.2159,0.8417,0.1721,1.2932,-0.0575,1.2977,-0.1596,0.6853,-0.0289
1.5403,0.603,0.5846,0.483,1.0351,-0.9373,1.3932,0.2159,0.8417,0.1721,1.2932,-0.0575,1.2977,-0.1596,0.6853,-0.0289
1.4142,0.7023,0.5926,0.4716,0.973,-0.9412,1.4385,0.2087,0.9273,0.1941,1.3505,-0.0299,1.4018,-0.1786,0.8003,-0.0315
1.4142,0.7023,0.5926,0.4716,0.973,-0.9412,1.4385,0.2087,0.9273,0.1941,1.3505,-0.0299,1.4018,-0.1786,0.8003,-0.0315
1.2883,0.7194,0.6232,0.4521,0.9396,-0.9551,1.3852,0.2276,0.9461,0.1962,1.3653,-0.0291,1.5837,-0.2429,0.7886,-0.0147
1.2883,0.7194,0.6232,0.4521,0.9396,-0.9551,1.3852,0.2276,0.9461,0.1962,1.3653,-0.0291,1.5837,-0.2429,0.7886,-0.0147
1.2883,0.7194,0.6232,0.4521,0.9396,-0.9551,1.3852,0.2276,0.9461,0.1962,1.3653,-0.0291,1.5837,-0.2429,0.7886,-0.0147
1.3134,0.6832,0.6153,0.4635,0.919,-0.9564,1.34,0.2347,0.9542,0.1847,1.3505,-0.0299,1.5673,-0.2193,0.7386,0.003
1.3134,0.6832,0.6221,0.4784,0.9475,-0.9664,1.3135,0.2441,0.989,0.1636,1.3505,-0.0299,1.5955,-0.1935,0.7886,-0.0147
1.2633,0.6736,0.5994,0.4864,0.9838,-0.9878,1.3215,0.2325,0.9702,0.1615,1.321,-0.0314,1.5345,-0.172,0.9008,-0.067
1.2633,0.6736,0.5994,0.4864,0.9838,-0.9878,1.3215,0.2325,0.9702,0.1615,1.321,-0.0314,1.5345,-0.172,0.9008,-0.067
1.2883,0.6376,0.6073,0.475,1.0124,-0.9979,1.3031,0.2303,0.9246,0.1689,1.297,-0.0409,1.5066,-0.1978,0.9008,-0.067
1.2883,0.6376,0.6073,0.475,1.0124,-0.9979,1.3031,0.2303,0.9246,0.1689,1.297,-0.0409,1.5066,-0.1978,0.9008,-0.067
1.2883,0.6376,0.6073,0.475,1.0124,-0.9979,1.3031,0.2303,0.9246,0.1689,1.297,-0.0409,1.5066,-0.1978,0.9008,-0.067
1.3884,0.5751,0.5846,0.483,1.0045,-0.9865,1.2846,0.228,0.8417,0.1721,1.2785,-0.0582,1.4182,-0.2022,0.8003,-0.0315
1.3884,0.5751,0.5846,0.483,1.0045,-0.9865,1.2846,0.228,0.8417,0.1721,1.2785,-0.0582,1.4182,-0.2022,0.8003,-0.0315
1.5643,0.4858,0.5926,0.4716,0.9966,-0.9752,1.3007,0.2048,0.7778,0.1773,1.295,-0.0819,1.314,-0.1832,0.7619,-0.0306
1.6153,0.4949,0.5846,0.483,0.9888,-0.9639,1.3537,0.1861,0.7938,0.1543,1.2693,-0.0669,1.2703,-0.1855,0.7119,-0.0129
1.6153,0.4949,0.5846,0.483,0.9888,-0.9639,1.3537,0.1861,0.7938,0.1543,1.2693,-0.0669,1.2703,-0.1855,0.7119,-0.0129
1.6153,0.4949,0.5846,0.483,0.9888,-0.9639,1.3537,0.1861,0.7938,0.1543,1.2693,-0.0669,1.2703,-0.1855,0.7119,-0.0129
1.6164,0.5761,0.5846,0.483,0.9888,-0.9639,1.3722,0.1883,0.8017,0.1428,1.2235,-0.0448,1.2703,-0.1855,0.7619,-0.0306
1.6164,0.5761,0.5846,0.483,0.9888,-0.9639,1.3722,0.1883,0.8017,0.1428,1.2235,-0.0448,1.2703,-0.1855,0.7619,-0.0306
1.4139,0.6204,0.5631,0.4647,0.9348,-0.979,1.3007,0.2048,0.7831,0.1407,1.1796,-0.0471,1.3466,-0.2301,0.662,0.0047
1.3635,0.611,0.5642,0.4385,0.8653,-0.9715,1.2374,0.2097,0.7646,0.1386,1.1358,-0.0495,1.4508,-0.2493,0.662,0.0047
1.3635,0.611,0.5642,0.4385,0.8653,-0.9715,1.2374,0.2097,0.7646,0.1386,1.1358,-0.0495,1.4508,-0.2493,0.662,0.0047
1.3635,0.611,0.5642,0.4385,0.8653,-0.9715,1.2374,0.2097,0.7646,0.1386,1.1358,-0.0495,1.4508,-0.2493,0.662,0.0047
1.2883,0.6376,0.5336,0.4579,0.8526,-0.9841,1.2007,0.2052,0.7884,0.1043,1.1085,-0.0755,1.4182,-0.2022,0.6736,-0.0121
1.2883,0.6376,0.5336,0.4579,0.8526,-0.9841,1.2007,0.2052,0.7884,0.1043,1.1085,-0.0755,1.4182,-0.2022,0.6736,-0.0121
1.2883,0.6376,0.5336,0.4579,0.8526,-0.9841,1.2007,0.2052,0.7884,0.1043,1.1085,-0.0755,1.4182,-0.2022,0.6736,-0.0121
1.2633,0.6736,0.5257,0.4693,0.8526,-0.9841,1.156,0.2123,0.8229,0.0834,1.0849,-0.0849,1.2977,-0.1596,0.6969,-0.0456
1.2383,0.7097,0.5178,0.4807,0.9377,-1.0142,1.1378,0.21,0.8043,0.0814,1.0523,-0.1029,1.1941,-0.1408,0.7699,-0.0967
1.2383,0.7097,0.5178,0.4807,0.9377,-1.0142,1.1378,0.21,0.8043,0.0814,1.0523,-0.1029,1.1941,-0.1408,0.7699,-0.0967
1.2633,0.6736,0.511,0.4659,0.9093,-1.0041,1.1013,0.2055,0.7222,0.0845,1.0197,-0.1209,1.1235,-0.1691,0.6819,-0.0782
1.2633,0.6736,0.511,0.4659,0.9093,-1.0041,1.1013,0.2055,0.7222,0.0845,1.0197,-0.1209,1.1235,-0.1691,0.6819,-0.0782
1.2883,0.6376,0.4738,0.4704,0.8888,-1.0054,1.0729,0.1895,0.6405,0.0876,1.007,-0.1459,1.0534,-0.1972,0.5942,-0.0598
1.2883,0.6376,0.4738,0.4704,0.8888,-1.0054,1.0729,0.1895,0.6405,0.0876,1.007,-0.1459,1.0534,-0.1972,0.5942,-0.0598
1.2883,0.6376,0.4738,0.4704,0.8888,-1.0054,1.0729,0.1895,0.6405,0.0876,1.007,-0.1459,1.0534,-0.1972,0.5942,-0.0598
1.2633,0.6736,0.4591,0.467,0.8605,-0.9954,1.1412,0.148,0.567,0.0792,0.9386,-0.1335,0.9675,-0.202,0.4691,-0.0407
1.2633,0.6736,0.4591,0.467,0.8605,-0.9954,1.1412,0.148,0.567,0.0792,0.9386,-0.1335,0.9675,-0.202,0.4691,-0.0407
0.9657,0.6973,0.3795,0.4351,0.7662,-1.0131,1.0502,0.1369,0.4419,0.0892,0.8616,-0.1297,1.1018,-0.2671,0.4169,-0.0724
0.9657,0.6973,0.3795,0.4351,0.7662,-1.0131,1.0502,0.1369,0.4419,0.0892,0.8616,-0.1297,1.1018,-0.2671,0.4169,-0.0724
0.9657,0.6973,0.3795,0.4351,0.7662,-1.0131,1.0502,0.1369,0.4419,0.0892,0.8616,-0.1297,1.1018,-0.2671,0.4169,-0.0724
0.9905,0.6615,0.3873,0.4237,0.7177,-1.0044,0.9721,0.1645,0.3875,0.0828,0.7991,-0.1252,1.1612,-0.288,0.342,-0.071
0.9905,0.6615,0.3873,0.4237,0.7177,-1.0044,0.9721,0.1645,0.3875,0.0828,0.7991,-0.1252,1.1612,-0.288,0.342,-0.071
0.9662,0.6162,0.3425,0.4395,0.685,-1.0183,0.9181,0.1577,0.411,0.049,0.7618,-0.1355,1.145,-0.2648,0.3161,-0.0868
0.9662,0.6162,0.3425,0.4395,0.685,-1.0183,0.9181,0.1577,0.411,0.049,0.7618,-0.1355,1.145,-0.2648,0.3161,-0.0868
0.9909,0.5806,0.2755,0.4632,0.6647,-1.0196,0.8821,0.1532,0.4422,0.004,0.7299,-0.1534,1.0857,-0.2438,0.3275,-0.1033
0.9909,0.5806,0.2755,0.4632,0.6647,-1.0196,0.8821,0.1532,0.4422,0.004,0.7299,-0.1534,1.0857,-0.2438,0.3275,-0.1033
0.9419,0.5711,0.2244,0.4642,0.6802,-1.0419,0.7947,0.1668,0.4085,0.0244,0.6875,-0.1559,1.0265,-0.2229,0.4367,-0.1543
0.9419,0.5711,0.2244,0.4642,0.6802,-1.0419,0.7947,0.1668,0.4085,0.0244,0.6875,-0.1559,1.0265,-0.2229,0.4367,-0.1543
0.9419,0.5711,0.2244,0.4642,0.6802,-1.0419,0.7947,0.1668,0.4085,0.0244,0.6875,-0.1559,1.0265,-0.2229,0.4367,-0.1543
0.9909,0.5806,0.21,0.4607,0.7082,-1.0518,0.7591,0.1622,0.3207,0.0384,0.6169,-0.16,0.9408,-0.2277,0.3992,-0.1535
0.9909,0.5806,0.21,0.4607,0.7082,-1.0518,0.7591,0.1622,0.3207,0.0384,0.6169,-0.16,0.9408,-0.2277,0.3992,-0.1535
0.9909,0.5806,0.21,0.4607,0.7082,-1.0518,0.7591,0.1622,0.3207,0.0384,0.6169,-0.16,0.9408,-0.2277,0.3992,-0.1535
1.1139,0.4836,0.1969,0.4312,0.6445,-1.0209,0.757,0.1372,0.1874,0.0347,0.6067,-0.2086,0.7446,-0.263,0.1675,-0.084
1.1139,0.4836,0.1969,0.4312,0.6445,-1.0209,0.757,0.1372,0.1874,0.0347,0.6067,-0.2086,0.7446,-0.263,0.1675,-0.084
1.1884,0.5377,0.2479,0.4303,0.6492,-0.9972,0.8879,0.1167,0.1695,0.0326,0.5854,-0.1779,0.7446,-0.263,0.1675,-0.084
1.1389,0.6091,0.2912,0.4406,0.7177,-1.0044,0.9778,0.1279,0.2333,0.0523,0.668,-0.149,0.7971,-0.2119,0.2302,-0.0689
1.1389,0.6091,0.2912,0.4406,0.7177,-1.0044,0.9778,0.1279,0.2333,0.0523,0.668,-0.149,0.7971,-0.2119,0.2302,-0.0689
1.0646,0.6354,0.3649,0.4316,0.7302,-0.9919,1.0343,0.1598,0.3592,0.0673,0.8133,-0.1244,1.1018,-0.2671,0.342,-0.071
1.0646,0.6354,0.3649,0.4316,0.7302,-0.9919,1.0343,0.1598,0.3592,0.0673,0.8133,-0.1244,1.1018,-0.2671,0.342,-0.071
1.0646,0.6354,0.4535,0.426,0.7631,-0.978,1.0649,0.201,0.4783,0.0935,0.9746,-0.0991,1.3352,-0.2792,0.4806,-0.0574
1.0646,0.6354,0.4535,0.426,0.7631,-0.978,1.0649,0.201,0.4783,0.0935,0.9746,-0.0991,1.3352,-0.2792,0.4806,-0.0574
1.0646,0.6354,0.4535,0.426,0.7631,-0.978,1.0649,0.201,0.4783,0.0935,0.9746,-0.0991,1.3352,-0.2792,0.4806,-0.0574
1.0646,0.6354,0.4535,0.426,0.7631,-0.978,1.0649,0.201,0.4783,0.0935,0.9746,-0.0991,1.3352,-0.2792,0.4806,-0.0574
1.0646,0.6354,0.4896,0.4476,0.8039,-0.9754,1.1115,0.2193,0.6247,0.1104,1.094,-0.0763,1.3742,-0.2044,0.5447,-0.0423
1.0646,0.6354,0.4896,0.4476,0.8039,-0.9754,1.1115,0.2193,0.6247,0.1104,1.094,-0.0763,1.3742,-0.2044,0.5447,-0.0423
1.1885,0.6186,0.5404,0.4727,0.8653,-0.9715,1.211,0.2191,0.7963,0.0928,1.1905,-0.0629,1.4459,-0.1764,0.6703,-0.0615
1.1636,0.6545,0.5393,0.499,0.9426,-0.9903,1.2478,0.2235,0.8657,0.1376,1.273,-0.0503,1.4738,-0.1505,0.8352,-0.0818
1.2383,0.6281,0.5393,0.499,0.9554,-0.9777,1.2846,0.228,0.8871,0.1648,1.3025,-0.0488,1.4902,-0.1742,0.8621,-0.066
1.2383,0.6281,0.5393,0.499,0.9554,-0.9777,1.2846,0.228,0.8871,0.1648,1.3025,-0.0488,1.4902,-0.1742,0.8621,-0.066
1.3635,0.611,0.554,0.5025,0.9888,-0.9639,1.3215,0.2325,0.8604,0.1742,1.3227,-0.0559,1.4018,-0.1786,0.8003,-0.0315
1.3635,0.611,0.554,0.5025,0.9888,-0.9639,1.3215,0.2325,0.8604,0.1742,1.3227,-0.0559,1.4018,-0.1786,0.8003,-0.0315
1.3635,0.611,0.554,0.5025,0.9888,-0.9639,1.3215,0.2325,0.8604,0.1742,1.3227,-0.0559,1.4018,-0.1786,0.8003,-0.0315
1.5403,0.603,0.5767,0.4945,0.9809,-0.9525,1.3666,0.2254,0.8684,0.1627,1.3429,-0.0631,1.314,-0.1832,0.7502,-0.0138
1.5403,0.603,0.5767,0.4945,0.9809,-0.9525,1.3666,0.2254,0.8684,0.1627,1.3429,-0.0631,1.314,-0.1832,0.7502,-0.0138
1.5152,0.6392,0.5846,0.483,0.9603,-0.9538,1.3932,0.2159,0.8497,0.1606,1.3227,-0.0559,1.2703,-0.1855,0.7502,-0.0138
1.3385,0.6471,0.5857,0.4567,0.8985,-0.9576,1.3215,0.2325,0.8764,0.1512,1.308,-0.0567,1.3905,-0.2279,0.7386,0.003
1.3385,0.6471,0.5857,0.4567,0.8985,-0.9576,1.3215,0.2325,0.8764,0.1512,1.308,-0.0567,1.3905,-0.2279,0.7386,0.003
1.3385,0.6471,0.5857,0.4567,0.8985,-0.9576,1.3215,0.2325,0.8764,0.1512,1.308,-0.0567,1.3905,-0.2279,0.7386,0.003
1.3385,0.6471,0.6163,0.4373,0.8574,-0.9602,1.2766,0.2396,0.839,0.147,1.284,-0.0661,1.3303,-0.2067,0.6387,0.0383
1.3385,0.6471,0.6163,0.4373,0.8574,-0.9602,1.2766,0.2396,0.839,0.147,1.284,-0.0661,1.3303,-0.2067,0.6387,0.0383
1.3385,0.6471,0.6153,0.4635,0.8574,-0.9602,1.2766,0.2396,0.8923,0.1281,1.2748,-0.0748,1.3415,-0.1573,0.6006,0.0391
1.3385,0.6471,0.6153,0.4635,0.8574,-0.9602,1.2766,0.2396,0.8923,0.1281,1.2748,-0.0748,1.3415,-0.1573,0.6006,0.0391
1.3385,0.6471,0.6153,0.4635,0.8574,-0.9602,1.2766,0.2396,0.8923,0.1281,1.2748,-0.0748,1.3415,-0.1573,0.6006,0.0391
1.3888,0.6566,0.6221,0.4784,0.8779,-0.9589,1.3031,0.2303,0.9083,0.1052,1.2454,-0.0763,1.2213,-0.1148,0.6122,0.0223
1.3888,0.6566,0.6221,0.4784,0.8779,-0.9589,1.3031,0.2303,0.9083,0.1052,1.2454,-0.0763,1.2213,-0.1148,0.6122,0.0223
1.3385,0.6471,0.6221,0.4784,0.9348,-0.979,1.3031,0.2303,0.919,0.1187,1.2454,-0.0763,1.2213,-0.1148,0.7235,-0.0297
1.4139,0.6204,0.6221,0.4784,0.919,-0.9564,1.2846,0.228,0.8736,0.1261,1.2563,-0.0921,1.1506,-0.1432,0.6853,-0.0289
1.5145,0.5577,0.6073,0.475,0.919,-0.9564,1.3007,0.2048,0.7831,0.1407,1.2325,-0.1015,1.0803,-0.1715,0.5594,-0.0097
1.5145,0.5577,0.6073,0.475,0.919,-0.9564,1.3007,0.2048,0.7831,0.1407,1.2325,-0.1015,1.0803,-0.1715,0.5594,-0.0097
1.5654,0.5669,0.5846,0.483,0.9681,-0.9651,1.3272,0.1955,0.7805,0.1157,1.2124,-0.0944,1.0965,-0.1948,0.5215,-0.0089
1.5654,0.5669,0.5846,0.483,0.9681,-0.9651,1.3272,0.1955,0.7805,0.1157,1.2124,-0.0944,1.0965,-0.1948,0.5215,-0.0089
1.5654,0.5669,0.5846,0.483,0.9681,-0.9651,1.3272,0.1955,0.7805,0.1157,1.2124,-0.0944,1.0965,-0.1948,0.5215,-0.0089
1.4645,0.6298,0.5551,0.4761,0.9554,-0.9777,1.3272,0.1955,0.7434,0.1115,1.1777,-0.0881,1.1722,-0.2392,0.5447,-0.0423
1.4645,0.6298,0.5551,0.4761,0.9554,-0.9777,1.3272,0.1955,0.7434,0.1115,1.1777,-0.0881,1.1722,-0.2392,0.5447,-0.0423
1.2883,0.6376,0.5189,0.4545,0.922,-0.9916,1.2454,0.1982,0.7063,0.1074,1.1394,-0.0982,1.3077,-0.3047,0.5184,-0.0582
1.2883,0.6376,0.5189,0.4545,0.922,-0.9916,1.2454,0.1982,0.7063,0.1074,1.1394,-0.0982,1.3077,-0.3047,0.5184,-0.0582
1.1885,0.6186,0.4896,0.4476,0.8526,-0.9841,1.1824,0.203,0.6694,0.1032,1.0812,-0.1014,1.3676,-0.3258,0.4806,-0.0574
1.1885,0.6186,0.4896,0.4476,0.8526,-0.9841,1.1824,0.203,0.6694,0.1032,1.0812,-0.1014,1.3676,-0.3258,0.4806,-0.0574
1.1389,0.6091,0.467,0.4556,0.8117,-0.9867,1.1538,0.187,0.6931,0.069,1.0287,-0.1123,1.2915,-0.2814,0.3939,-0.0393
1.1389,0.6091,0.467,0.4556,0.8117,-0.9867,1.1538,0.187,0.6931,0.069,1.0287,-0.1123,1.2915,-0.2814,0.3939,-0.0393
1.114,0.6449,0.422,0.4715,0.8195,-0.998,1.1355,0.1847,0.701,0.0576,0.9908,-0.1225,1.2915,-0.2814,0.5037,-0.0906
1.114,0.6449,0.422,0.4715,0.8195,-0.998,1.1355,0.1847,0.701,0.0576,0.9908,-0.1225,1.2915,-0.2814,0.5037,-0.0906
1.114,0.6449,0.422,0.4715,0.8195,-0.998,1.1355,0.1847,0.701,0.0576,0.9908,-0.1225,1.2915,-0.2814,0.5037,-0.0906
1.0646,0.6354,0.4007,0.4532,0.8069,-1.0105,1.0729,0.1895,0.63,0.0741,0.9584,-0.1405,1.1883,-0.2625,0.5152,-0.1072
1.0646,0.6354,0.4007,0.4532,0.8069,-1.0105,1.0729,0.1895,0.63,0.0741,0.9584,-0.1405,1.1883,-0.2625,0.5152,-0.1072
1.0894,0.5996,0.4019,0.4271,0.7506,-0.9906,1.0105,0.1942,0.5749,0.0679,0.9458,-0.1654,1.0427,-0.2462,0.4775,-0.1063
1.0894,0.5996,0.4019,0.4271,0.7506,-0.9906,1.0105,0.1942,0.5749,0.0679,0.9458,-0.1654,1.0427,-0.2462,0.4775,-0.1063
1.2875,0.4758,0.3728,0.4203,0.6741,-0.9721,0.9563,0.1874,0.5201,0.0616,0.9279,-0.1824,0.9408,-0.2277,0.342,-0.071
1.2875,0.4758,0.3661,0.4056,0.6336,-0.9747,0.9462,0.1737,0.4836,0.0574,0.8885,-0.1685,0.8821,-0.2069,0.342,-0.071
1.1884,0.5377,0.3292,0.4101,0.6212,-0.9873,0.9101,0.1691,0.4473,0.0532,0.8491,-0.1546,0.9408,-0.2277,0.3534,-0.0875
1.1884,0.5377,0.3292,0.4101,0.6212,-0.9873,0.9101,0.1691,0.4473,0.0532,0.8491,-0.1546,0.9408,-0.2277,0.3534,-0.0875
1.1884,0.5377,0.3292,0.4101,0.6212,-0.9873,0.9101,0.1691,0.4473,0.0532,0.8491,-0.1546,0.9408,-0.2277,0.3534,-0.0875
1.1884,0.5377,0.3292,0.4101,0.6212,-0.9873,0.9101,0.1691,0.4473,0.0532,0.8491,-0.1546,0.9408,-0.2277,0.3534,-0.0875
1.0401,0.5097,0.3081,0.392,0.5763,-1.0137,0.8384,0.16,0.4032,0.0603,0.8206,-0.1562,1.0588,-0.2694,0.3649,-0.104
1.0401,0.5097,0.3081,0.392,0.5763,-1.0137,0.8384,0.16,0.4032,0.0603,0.8206,-0.1562,1.0588,-0.2694,0.3649,-0.104
0.9176,0.5263,0.2936,0.3885,0.5084,-1.0065,0.7591,0.1622,0.3929,0.0469,0.7921,-0.1579,1.1018,-0.2671,0.3649,-0.104
0.9176,0.5263,0.2936,0.3885,0.5084,-1.0065,0.7591,0.1622,0.3929,0.0469,0.7921,-0.1579,1.1018,-0.2671,0.3649,-0.104
0.8689,0.5168,0.2714,0.3964,0.4884,-1.0079,0.7235,0.1576,0.3904,0.0223,0.7299,-0.1534,1.0427,-0.2462,0.3275,-0.1033
0.8689,0.5168,0.2714,0.3964,0.4884,-1.0079,0.7235,0.1576,0.3904,0.0223,0.7299,-0.1534,1.0427,-0.2462,0.3275,-0.1033
0.8689,0.5168,0.2281,0.3862,0.5238,-1.0288,0.6526,0.1484,0.2847,0.0342,0.6611,-0.1814,0.9997,-0.2485,0.3504,-0.1362
0.8689,0.5168,0.2281,0.3862,0.5238,-1.0288,0.6526,0.1484,0.2847,0.0342,0.6611,-0.1814,0.9997,-0.2485,0.3504,-0.1362
0.8689,0.5168,0.2281,0.3862,0.5238,-1.0288,0.6526,0.1484,0.2847,0.0342,0.6611,-0.1814,0.9997,-0.2485,0.3504,-0.1362
1.0155,0.4651,0.206,0.394,0.5238,-1.0288,0.6683,0.1258,0.213,0.0257,0.6295,-0.1993,0.9142,-0.2533,0.2273,-0.1176
1.0155,0.4651,0.206,0.394,0.5238,-1.0288,0.6683,0.1258,0.213,0.0257,0.6295,-0.1993,0.9142,-0.2533,0.2273,-0.1176
1.0401,0.5097,0.206,0.394,0.5161,-1.0177,0.7451,0.0987,0.1494,0.006,0.5927,-0.2094,0.8291,-0.2581,0.1647,-0.1326
1.0401,0.5097,0.206,0.394,0.5161,-1.0177,0.7451,0.0987,0.1494,0.006,0.5927,-0.2094,0.8291,-0.2581,0.1647,-0.1326
1.0155,0.5451,0.2281,0.3862,0.5439,-1.0275,0.7649,0.1259,0.1571,-0.0052,0.568,-0.1949,0.8291,-0.2581,0.1534,-0.1162
1.0155,0.5451,0.2281,0.3862,0.5439,-1.0275,0.7649,0.1259,0.1571,-0.0052,0.568,-0.1949,0.8291,-0.2581,0.1534,-0.1162
0.9419,0.5711,0.287,0.3739,0.564,-1.0262,0.8284,0.1463,0.185,0.0102,0.6135,-0.1762,0.989,-0.2972,0.1675,-0.084
0.9419,0.5711,0.287,0.3739,0.564,-1.0262,0.8284,0.1463,0.185,0.0102,0.6135,-0.1762,0.989,-0.2972,0.1675,-0.084
1.1141,0.564,0.3661,0.4056,0.629,-0.9985,0.9202,0.1828,0.3002,0.0118,0.7211,-0.1619,0.9997,-0.2485,0.1817,-0.0517
1.1141,0.564,0.3661,0.4056,0.629,-0.9985,0.9202,0.1828,0.3002,0.0118,0.7211,-0.1619,0.9997,-0.2485,0.1817,-0.0517
1.1389,0.6091,0.4165,0.4305,0.7099,-0.9932,1.0286,0.1965,0.4967,0.0102,0.8527,-0.1383,1.0104,-0.1996,0.2445,-0.0365
1.1389,0.6091,0.4165,0.4305,0.7099,-0.9932,1.0286,0.1965,0.4967,0.0102,0.8527,-0.1383,1.0104,-0.1996,0.2445,-0.0365
1.3133,0.6016,0.4749,0.4442,0.8117,-0.9867,1.1378,0.21,0.6273,0.0494,0.98,-0.1069,1.0372,-0.1739,0.4054,-0.0559
1.3133,0.6016,0.4749,0.4442,0.8117,-0.9867,1.1378,0.21,0.6273,0.0494,0.98,-0.1069,1.0372,-0.1739,0.4054,-0.0559
1.3385,0.6471,0.5415,0.4465,0.9299,-1.0029,1.2294,0.2213,0.7328,0.098,1.0903,-0.0928,1.0048,-0.1271,0.4806,-0.0574
1.3385,0.6471,0.5415,0.4465,0.9299,-1.0029,1.2294,0.2213,0.7328,0.098,1.0903,-0.0928,1.0048,-0.1271,0.4806,-0.0574
1.3888,0.6566,0.5789,0.4419,0.9554,-0.9777,1.2581,0.2374,0.7619,0.1136,1.1485,-0.0896,0.9352,-0.1555,0.4315,-0.04
1.3888,0.6566,0.5789,0.4419,0.9554,-0.9777,1.2581,0.2374,0.7619,0.1136,1.1485,-0.0896,0.9352,-0.1555,0.4315,-0.04
1.5403,0.603,0.5937,0.4453,0.9475,-0.9664,1.3296,0.2209,0.7725,0.1272,1.2325,-0.1015,0.9352,-0.1555,0.3708,-0.006
1.5403,0.603,0.5937,0.4453,0.9475,-0.9664,1.3296,0.2209,0.7725,0.1272,1.2325,-0.1015,0.9352,-0.1555,0.3708,-0.006
1.4901,0.6755,0.6016,0.4339,0.976,-0.9765,1.4013,0.2043,0.7991,0.1178,1.2362,-0.085,0.8924,-0.158,0.3334,-0.0053
1.4901,0.6755,0.6016,0.4339,0.976,-0.9765,1.4013,0.2043,0.7991,0.1178,1.2362,-0.085,0.8924,-0.158,0.3334,-0.0053
1.3637,0.6927,0.5868,0.4305,0.9554,-0.9777,1.3747,0.2137,0.8097,0.1313,1.2509,-0.0842,1.0696,-0.2205,0.3334,-0.0053
1.3637,0.6927,0.5868,0.4305,0.9554,-0.9777,1.3747,0.2137,0.8097,0.1313,1.2509,-0.0842,1.0696,-0.2205,0.3334,-0.0053
1.1137,0.7265,0.5731,0.4009,0.8858,-0.9702,1.2846,0.228,0.7911,0.1292,1.2161,-0.0779,1.1883,-0.2625,0.3334,-0.0053
1.1137,0.7265,0.5731,0.4009,0.8858,-0.9702,1.2846,0.228,0.7911,0.1292,1.2161,-0.0779,1.1883,-0.2625,0.3334,-0.0053
1.0891,0.6808,0.5505,0.4089,0.8165,-0.9628,1.2478,0.2235,0.7991,0.1178,1.1923,-0.0873,1.2156,-0.2369,0.296,-0.0047
1.0891,0.6808,0.5505,0.4089,0.8165,-0.9628,1.2478,0.2235,0.7991,0.1178,1.1923,-0.0873,1.2156,-0.2369,0.296,-0.0047
1.0646,0.6354,0.5054,0.4249,0.7678,-0.9542,1.2294,0.2213,0.8788,0.0896,1.1831,-0.0959,1.1831,-0.1901,0.3564,-0.0385
1.0646,0.6354,0.5054,0.4249,0.7678,-0.9542,1.2294,0.2213,0.8788,0.0896,1.1831,-0.0959,1.1831,-0.1901,0.3564,-0.0385
1.114,0.6449,0.4749,0.4442,0.8243,-0.9741,1.2213,0.2329,0.8975,0.0916,1.1685,-0.0967,1.1669,-0.1667,0.5037,-0.0906
1.114,0.6449,0.4749,0.4442,0.8243,-0.9741,1.2213,0.2329,0.8975,0.0916,1.1685,-0.0967,1.1669,-0.1667,0.5037,-0.0906
1.114,0.6449,0.4749,0.4442,0.8243,-0.9741,1.2213,0.2329,0.8975,0.0916,1.1685,-0.0967,1.1669,-0.1667,0.5037,-0.0906
1.0646,0.6354,0.4524,0.4522,0.8243,-0.9741,1.203,0.2306,0.8788,0.0896,1.1594,-0.1053,1.1235,-0.1691,0.4922,-0.074
1.2381,0.5471,0.4457,0.4374,0.7882,-0.9528,1.1846,0.2284,0.8336,0.0969,1.1703,-0.121,1.0965,-0.1948,0.3939,-0.0393
1.363,0.5299,0.4457,0.4374,0.7522,-0.9316,1.211,0.2191,0.8149,0.0949,1.1703,-0.121,1.0965,-0.1948,0.3449,-0.0219
1.363,0.5299,0.4457,0.4374,0.7522,-0.9316,1.211,0.2191,0.8149,0.0949,1.1703,-0.121,1.0965,-0.1948,0.3449,-0.0219
1.4389,0.5844,0.4457,0.4374,0.7522,-0.9316,1.2374,0.2097,0.7884,0.1043,1.1648,-0.1132,0.9942,-0.1763,0.3564,-0.0385
1.4389,0.5844,0.4457,0.4374,0.7522,-0.9316,1.2374,0.2097,0.7884,0.1043,1.1648,-0.1132,0.9942,-0.1763,0.3564,-0.0385
1.2883,0.6376,0.4468,0.4113,0.7193,-0.9455,1.1743,0.2145,0.7805,0.1157,1.1394,-0.0982,1.1127,-0.2182,0.3679,-0.0551
1.2883,0.6376,0.4468,0.4113,0.7193,-0.9455,1.1743,0.2145,0.7805,0.1157,1.1394,-0.0982,1.1127,-0.2182,0.3679,-0.0551
1.2883,0.6376,0.4468,0.4113,0.7193,-0.9455,1.1743,0.2145,0.7805,0.1157,1.1394,-0.0982,1.1127,-0.2182,0.3679,-0.0551
1.1885,0.6186,0.4782,0.366,0.6585,-0.9496,1.0933,0.217,0.7619,0.1136,1.1303,-0.1069,1.2318,-0.2602,0.3679,-0.0551
1.1885,0.6186,0.4782,0.366,0.6585,-0.9496,1.0933,0.217,0.7619,0.1136,1.1303,-0.1069,1.2318,-0.2602,0.3679,-0.0551
1.0894,0.5996,0.4636,0.3626,0.6258,-0.9635,1.0388,0.2102,0.7513,0.1001,1.1066,-0.1162,1.2591,-0.2346,0.3679,-0.0551
1.0894,0.5996,0.4636,0.3626,0.6258,-0.9635,1.0388,0.2102,0.7513,0.1001,1.1066,-0.1162,1.2591,-0.2346,0.3679,-0.0551
1.0894,0.5996,0.4636,0.3626,0.6258,-0.9635,1.0388,0.2102,0.7513,0.1001,1.1066,-0.1162,1.2591,-0.2346,0.3679,-0.0551
1.0894,0.5996,0.4255,0.3931,0.6258,-0.9635,0.9945,0.2172,0.7407,0.0866,1.083,-0.1256,1.2266,-0.1878,0.4284,-0.089
1.0894,0.5996,0.4255,0.3931,0.6258,-0.9635,0.9945,0.2172,0.7407,0.0866,1.083,-0.1256,1.2266,-0.1878,0.4284,-0.089
1.0894,0.5996,0.4255,0.3931,0.6258,-0.9635,0.9945,0.2172,0.7407,0.0866,1.083,-0.1256,1.2266,-0.1878,0.4284,-0.089
0.9419,0.5711,0.3371,0.3988,0.685,-1.0183,0.8943,0.192,0.6668,0.0783,0.9872,-0.1389,1.1398,-0.1925,0.5381,-0.1403
0.9419,0.5711,0.3371,0.3988,0.685,-1.0183,0.8943,0.192,0.6668,0.0783,0.9872,-0.1389,1.1398,-0.1925,0.5381,-0.1403
0.9419,0.5711,0.3371,0.3988,0.685,-1.0183,0.8943,0.192,0.6668,0.0783,0.9872,-0.1389,1.1398,-0.1925,0.5381,-0.1403
1.1139,0.4836,0.3159,0.3807,0.6492,-0.9972,0.8584,0.1874,0.5226,0.0864,0.9064,-0.1514,0.9675,-0.202,0.3649,-0.104
1.1634,0.4929,0.3015,0.3773,0.6212,-0.9873,0.9001,0.1554,0.4497,0.0779,0.8742,-0.1693,0.8659,-0.1837,0.2416,-0.0854
1.1634,0.4929,0.3015,0.3773,0.6212,-0.9873,0.9001,0.1554,0.4497,0.0779,0.8742,-0.1693,0.8659,-0.1837,0.2416,-0.0854
1.1636,0.5734,0.2648,0.3817,0.5855,-0.9662,0.9339,0.1349,0.4213,0.0624,0.8313,-0.1717,0.8234,-0.1862,0.2531,-0.1018
1.1636,0.5734,0.2648,0.3817,0.5855,-0.9662,0.9339,0.1349,0.4213,0.0624,0.8313,-0.1717,0.8234,-0.1862,0.2531,-0.1018
1.1141,0.564,0.2581,0.3671,0.553,-0.9801,0.8821,0.1532,0.367,0.056,0.769,-0.1672,0.9142,-0.2533,0.2159,-0.1011
1.1141,0.564,0.2581,0.3671,0.553,-0.9801,0.8821,0.1532,0.367,0.056,0.769,-0.1672,0.9142,-0.2533,0.2159,-0.1011
1.1141,0.564,0.2581,0.3671,0.553,-0.9801,0.8821,0.1532,0.367,0.056,0.769,-0.1672,0.9142,-0.2533,0.2159,-0.1011
1.0401,0.5901,0.2959,0.3368,0.5129,-0.9828,0.8305,0.1714,0.3309,0.0518,0.7406,-0.1688,0.989,-0.2972,0.2045,-0.0847
1.0401,0.5901,0.2959,0.3368,0.5129,-0.9828,0.8305,0.1714,0.3309,0.0518,0.7406,-0.1688,0.989,-0.2972,0.2045,-0.0847
1.0401,0.5901,0.2959,0.3368,0.5129,-0.9828,0.8305,0.1714,0.3309,0.0518,0.7406,-0.1688,0.989,-0.2972,0.2045,-0.0847
1.0401,0.5901,0.2659,0.3559,0.4451,-0.9758,0.7255,0.1827,0.3879,-0.0023,0.7142,-0.1944,0.9408,-0.2277,0.1675,-0.084
1.0401,0.5901,0.2659,0.3559,0.4451,-0.9758,0.7255,0.1827,0.3879,-0.0023,0.7142,-0.1944,0.9408,-0.2277,0.1675,-0.084
0.9415,0.6519,0.2437,0.3637,0.5084,-1.0065,0.7078,0.1804,0.3957,-0.0135,0.6718,-0.1968,0.8981,-0.2301,0.1903,-0.1169
0.9415,0.6519,0.2437,0.3637,0.5084,-1.0065,0.7078,0.1804,0.3957,-0.0135,0.6718,-0.1968,0.8981,-0.2301,0.1903,-0.1169
0.9415,0.6519,0.2293,0.3603,0.5562,-1.015,0.6723,0.1757,0.344,0.0047,0.6489,-0.2061,0.7971,-0.2119,0.213,-0.1497
0.9415,0.6519,0.2293,0.3603,0.5562,-1.015,0.6723,0.1757,0.344,0.0047,0.6489,-0.2061,0.7971,-0.2119,0.213,-0.1497
0.9415,0.6519,0.2293,0.3603,0.5562,-1.015,0.6723,0.1757,0.344,0.0047,0.6489,-0.2061,0.7971,-0.2119,0.213,-0.1497
1.0894,0.5996,0.2215,0.3715,0.5608,-0.9913,0.6802,0.1644,0.2387,0.0166,0.6367,-0.2307,0.6865,-0.2425,0.091,-0.1313
1.0894,0.5996,0.2215,0.3715,0.5608,-0.9913,0.6802,0.1644,0.2387,0.0166,0.6367,-0.2307,0.6865,-0.2425,0.091,-0.1313
1.1141,0.564,0.2137,0.3828,0.553,-0.9801,0.757,0.1372,0.185,0.0102,0.6279,-0.2392,0.6026,-0.2476,-0.0302,-0.1131
1.1141,0.564,0.2137,0.3828,0.553,-0.9801,0.757,0.1372,0.185,0.0102,0.6279,-0.2392,0.6026,-0.2476,-0.0302,-0.1131
1.0894,0.5996,0.2203,0.3974,0.6212,-0.9873,0.8284,0.1463,0.185,0.0102,0.6261,-0.2154,0.6026,-0.2476,-0.0779,-0.0962
1.0894,0.5996,0.2203,0.3974,0.6212,-0.9873,0.8284,0.1463,0.185,0.0102,0.6261,-0.2154,0.6026,-0.2476,-0.0779,-0.0962
1.0894,0.5996,0.2203,0.3974,0.6212,-0.9873,0.8284,0.1463,0.185,0.0102,0.6261,-0.2154,0.6026,-0.2476,-0.0779,-0.0962
0.8686,0.5971,0.3003,0.4032,0.6258,-0.9635,0.9563,0.1874,0.3465,0.0293,0.7921,-0.1579,0.9036,-0.3018,-0.0276,-0.0646
0.8686,0.5971,0.3003,0.4032,0.6258,-0.9635,0.9563,0.1874,0.3465,0.0293,0.7921,-0.1579,0.9036,-0.3018,-0.0276,-0.0646
1.0155,0.5451,0.3359,0.4248,0.6507,-0.9383,1.0649,0.201,0.5097,0.0482,0.9386,-0.1335,0.9997,-0.2485,0.0824,-0.0663
1.0155,0.5451,0.3359,0.4248,0.6507,-0.9383,1.0649,0.201,0.5097,0.0482,0.9386,-0.1335,0.9997,-0.2485,0.0824,-0.0663
1.0401,0.5901,0.3716,0.4464,0.7397,-0.9442,1.156,0.2123,0.701,0.0576,1.0523,-0.1029,1.0372,-0.1739,0.2788,-0.0861
1.0401,0.5901,0.3716,0.4464,0.7397,-0.9442,1.156,0.2123,0.701,0.0576,1.0523,-0.1029,1.0372,-0.1739,0.2788,-0.0861
1.1389,0.6091,0.4232,0.4453,0.793,-0.9289,1.195,0.2422,0.7884,0.1043,1.1485,-0.0896,1.021,-0.1505,0.4284,-0.089
1.3382,0.5657,0.4682,0.4294,0.8056,-0.9163,1.2317,0.2467,0.8363,0.1219,1.2325,-0.1015,0.9618,-0.1296,0.3939,-0.0393
1.3382,0.5657,0.4682,0.4294,0.8056,-0.9163,1.2317,0.2467,0.8363,0.1219,1.2325,-0.1015,0.9618,-0.1296,0.3939,-0.0393
1.4895,0.5937,0.4749,0.4442,0.7898,-0.8936,1.2685,0.2512,0.8923,0.1281,1.2857,-0.0906,0.9618,-0.1296,0.4199,-0.0234
1.4895,0.5937,0.4749,0.4442,0.7898,-0.8936,1.2685,0.2512,0.8923,0.1281,1.2857,-0.0906,0.9618,-0.1296,0.4199,-0.0234
1.4895,0.5937,0.4749,0.4442,0.7898,-0.8936,1.2685,0.2512,0.8923,0.1281,1.2857,-0.0906,0.9618,-0.1296,0.4199,-0.0234
1.4645,0.6298,0.5132,0.4135,0.749,-0.8963,1.234,0.2722,0.9218,0.1438,1.3299,-0.0883,1.0641,-0.148,0.446,-0.0074
1.4645,0.6298,0.5132,0.4135,0.749,-0.8963,1.234,0.2722,0.9218,0.1438,1.3299,-0.0883,1.0641,-0.148,0.446,-0.0074
1.4645,0.6298,0.5132,0.4135,0.749,-0.8963,1.234,0.2722,0.9218,0.1438,1.3299,-0.0883,1.0641,-0.148,0.446,-0.0074
1.3888,0.6566,0.5516,0.3828,0.7365,-0.909,1.2156,0.2699,0.9138,0.1553,1.3392,-0.0796,1.2266,-0.1878,0.446,-0.0074
1.3888,0.6566,0.5516,0.3828,0.7365,-0.909,1.2156,0.2699,0.9138,0.1553,1.3392,-0.0796,1.2266,-0.1878,0.446,-0.0074
1.2383,0.6281,0.5211,0.4021,0.6834,-0.9243,1.1262,0.284,0.9406,0.1459,1.3097,-0.0812,1.2813,-0.136,0.4953,-0.0248
1.2383,0.6281,0.5211,0.4021,0.6834,-0.9243,1.1262,0.284,0.9406,0.1459,1.3097,-0.0812,1.2813,-0.136,0.4953,-0.0248
1.2383,0.6281,0.5211,0.4021,0.6834,-0.9243,1.1262,0.284,0.9406,0.1459,1.3097,-0.0812,1.2813,-0.136,0.4953,-0.0248
1.1636,0.6545,0.5132,0.4135,0.7115,-0.9343,1.1159,0.2701,0.9754,0.1249,1.295,-0.0819,1.2649,-0.1124,0.6437,-0.0773
1.1636,0.6545,0.5132,0.4135,0.7115,-0.9343,1.1159,0.2701,0.9754,0.1249,1.295,-0.0819,1.2649,-0.1124,0.6437,-0.0773
1.1636,0.6545,0.5132,0.4135,0.7115,-0.9343,1.1159,0.2701,0.9754,0.1249,1.295,-0.0819,1.2649,-0.1124,0.6437,-0.0773
1.1885,0.6186,0.4907,0.4215,0.7397,-0.9442,1.1503,0.2492,0.9378,0.1208,1.2454,-0.0763,1.2213,-0.1148,0.6553,-0.094
1.3382,0.5657,0.4907,0.4215,0.7443,-0.9203,1.1686,0.2515,0.8736,0.1261,1.227,-0.0936,1.1506,-0.1432,0.6057,-0.0764
1.3382,0.5657,0.4907,0.4215,0.7443,-0.9203,1.1686,0.2515,0.8736,0.1261,1.227,-0.0936,1.1506,-0.1432,0.6057,-0.0764
1.3884,0.5751,0.4986,0.4101,0.7083,-0.899,1.211,0.2191,0.8442,0.1105,1.2124,-0.0944,1.1073,-0.1456,0.5184,-0.0582
1.3884,0.5751,0.4986,0.4101,0.7083,-0.899,1.211,0.2191,0.8442,0.1105,1.2124,-0.0944,1.1073,-0.1456,0.5184,-0.0582
1.3884,0.5751,0.4986,0.4101,0.7083,-0.899,1.211,0.2191,0.8442,0.1105,1.2124,-0.0944,1.1073,-0.1456,0.5184,-0.0582
1.3635,0.611,0.4839,0.4067,0.7162,-0.9103,1.2294,0.2213,0.8256,0.1084,1.1977,-0.0951,1.0641,-0.148,0.5184,-0.0582
1.3635,0.611,0.4839,0.4067,0.7162,-0.9103,1.2294,0.2213,0.8256,0.1084,1.1977,-0.0951,1.0641,-0.148,0.5184,-0.0582
1.3635,0.611,0.4839,0.4067,0.7162,-0.9103,1.2294,0.2213,0.8256,0.1084,1.1977,-0.0951,1.0641,-0.148,0.5184,-0.0582
1.2883,0.6376,0.53,0.3647,0.6755,-0.913,1.1423,0.2608,0.754,0.1251,1.154,-0.0975,1.1831,-0.1901,0.4199,-0.0234
1.2883,0.6376,0.53,0.3647,0.6755,-0.913,1.1423,0.2608,0.754,0.1251,1.154,-0.0975,1.1831,-0.1901,0.4199,-0.0234
1.2633,0.6736,0.5143,0.3874,0.6755,-0.913,1.1159,0.2701,0.8149,0.0949,1.1503,-0.1139,1.2266,-0.1878,0.4315,-0.04
1.2633,0.6736,0.5143,0.3874,0.6755,-0.913,1.1159,0.2701,0.8149,0.0949,1.1503,-0.1139,1.2266,-0.1878,0.4315,-0.04
1.2633,0.6736,0.5143,0.3874,0.6755,-0.913,1.1159,0.2701,0.8149,0.0949,1.1503,-0.1139,1.2266,-0.1878,0.4315,-0.04
1.3134,0.6832,0.5211,0.4021,0.7318,-0.9329,1.1503,0.2492,0.7963,0.0928,1.1066,-0.1162,1.1073,-0.1456,0.4922,-0.074
1.3134,0.6832,0.5211,0.4021,0.7318,-0.9329,1.1503,0.2492,0.7963,0.0928,1.1066,-0.1162,1.1073,-0.1456,0.4922,-0.074
1.3385,0.6471,0.4693,0.4033,0.7726,-0.9302,1.0773,0.2401,0.6958,0.0939,1.0359,-0.1443,0.9513,-0.1788,0.342,-0.071
1.3385,0.6471,0.4693,0.4033,0.7726,-0.9302,1.0773,0.2401,0.6958,0.0939,1.0359,-0.1443,0.9513,-0.1788,0.342,-0.071
1.3385,0.6471,0.4693,0.4033,0.7726,-0.9302,1.0773,0.2401,0.6958,0.0939,1.0359,-0.1443,0.9513,-0.1788,0.342,-0.071
1.2633,0.6736,0.4401,0.3965,0.7522,-0.9316,1.1013,0.2055,0.6221,0.0855,0.998,-0.1545,0.8073,-0.163,0.2188,-0.0524
1.2633,0.6736,0.4401,0.3965,0.7522,-0.9316,1.1013,0.2055,0.6221,0.0855,0.998,-0.1545,0.8073,-0.163,0.2188,-0.0524
1.2134,0.6641,0.3963,0.3864,0.7193,-0.9455,1.0649,0.201,0.6116,0.0721,0.9638,-0.1483,0.8659,-0.1837,0.1817,-0.0517
1.2134,0.6641,0.3963,0.3864,0.7193,-0.9455,1.0649,0.201,0.6116,0.0721,0.9638,-0.1483,0.8659,-0.1837,0.1817,-0.0517
1.0646,0.6354,0.3605,0.3649,0.6585,-0.9496,1.0025,0.2057,0.5122,0.0729,0.892,-0.1522,0.9142,-0.2533,0.1192,-0.0669
1.0646,0.6354,0.3605,0.3649,0.6585,-0.9496,1.0025,0.2057,0.5122,0.0729,0.892,-0.1522,0.9142,-0.2533,0.1192,-0.0669
1.0401,0.5901,0.346,0.3615,0.6103,-0.941,0.9663,0.2011,0.4836,0.0574,0.8491,-0.1546,0.8981,-0.2301,0.0824,-0.0663
1.0401,0.5901,0.346,0.3615,0.6103,-0.941,0.9663,0.2011,0.4836,0.0574,0.8491,-0.1546,0.8981,-0.2301,0.0824,-0.0663
0.9909,0.5806,0.3015,0.3773,0.5699,-0.9438,0.9303,0.1966,0.5175,0.0369,0.8063,-0.157,0.9408,-0.2277,0.142,-0.0998
0.9909,0.5806,0.3015,0.3773,0.5699,-0.9438,0.9303,0.1966,0.5175,0.0369,0.8063,-0.157,0.9408,-0.2277,0.142,-0.0998
0.9419,0.5711,0.2726,0.3705,0.5855,-0.9662,0.8943,0.192,0.4993,0.0348,0.7832,-0.1664,0.8821,-0.2069,0.2387,-0.134
0.9419,0.5711,0.2726,0.3705,0.5855,-0.9662,0.8943,0.192,0.4993,0.0348,0.7832,-0.1664,0.8821,-0.2069,0.2387,-0.134
0.9419,0.5711,0.2726,0.3705,0.5855,-0.9662,0.8943,0.192,0.4993,0.0348,0.7832,-0.1664,0.8821,-0.2069,0.2387,-0.134
1.0155,0.5451,0.2581,0.3671,0.5777,-0.955,0.8505,0.1988,0.4551,0.0419,0.7602,-0.1757,0.8395,-0.2094,0.1903,-0.1169
1.1634,0.4929,0.2293,0.3603,0.5219,-0.9353,0.7889,0.2033,0.411,0.049,0.7762,-0.1989,0.7971,-0.2119,0.142,-0.0998
1.2875,0.4758,0.215,0.3569,0.5019,-0.9367,0.7968,0.1919,0.3929,0.0469,0.7816,-0.2066,0.7971,-0.2119,0.142,-0.0998
1.2875,0.4758,0.215,0.3569,0.5019,-0.9367,0.7968,0.1919,0.3929,0.0469,0.7816,-0.2066,0.7971,-0.2119,0.142,-0.0998
1.2133,0.5828,0.1862,0.3501,0.4618,-0.9394,0.769,0.1759,0.3748,0.0448,0.7283,-0.1936,0.7388,-0.1913,0.1051,-0.0992
1.2133,0.5828,0.1862,0.3501,0.4618,-0.9394,0.769,0.1759,0.3748,0.0448,0.7283,-0.1936,0.7388,-0.1913,0.1051,-0.0992
1.1389,0.6091,0.2018,0.3277,0.4574,-0.9632,0.6999,0.1918,0.3387,0.0405,0.6947,-0.1875,0.8395,-0.2094,0.1165,-0.1156
1.1389,0.6091,0.2018,0.3277,0.4574,-0.9632,0.6999,0.1918,0.3387,0.0405,0.6947,-0.1875,0.8395,-0.2094,0.1165,-0.1156
0.9173,0.6066,0.2173,0.3054,0.4175,-0.966,0.6644,0.1871,0.3027,0.0363,0.6718,-0.1968,0.8395,-0.2094,0.0797,-0.1149
0.9173,0.6066,0.2173,0.3054,0.4175,-0.966,0.6644,0.1871,0.3027,0.0363,0.6718,-0.1968,0.8395,-0.2094,0.0797,-0.1149
0.9173,0.6066,0.2173,0.3054,0.4175,-0.966,0.6644,0.1871,0.3027,0.0363,0.6718,-0.1968,0.8395,-0.2094,0.0797,-0.1149
0.9173,0.6066,0.2449,0.3379,0.4496,-0.952,0.692,0.2031,0.2847,0.0342,0.647,-0.1823,0.8395,-0.2094,-0.005,-0.0973
0.9173,0.6066,0.2449,0.3379,0.4496,-0.952,0.692,0.2031,0.2847,0.0342,0.647,-0.1823,0.8395,-0.2094,-0.005,-0.0973
0.9173,0.6066,0.2449,0.3379,0.4496,-0.952,0.692,0.2031,0.2847,0.0342,0.647,-0.1823,0.8395,-0.2094,-0.005,-0.0973
0.9662,0.6162,0.2726,0.3705,0.5297,-0.9465,0.7889,0.2033,0.3826,0.0335,0.7406,-0.1688,0.9086,-0.1812,0.1051,-0.0992
0.9662,0.6162,0.2726,0.3705,0.5297,-0.9465,0.7889,0.2033,0.3826,0.0335,0.7406,-0.1688,0.9086,-0.1812,0.1051,-0.0992
1.0398,0.6712,0.3885,0.3977,0.724,-0.9216,0.9967,0.2425,0.5775,0.0927,0.9512,-0.1085,0.978,-0.153,0.3161,-0.0868
1.0398,0.6712,0.3885,0.3977,0.724,-0.9216,0.9967,0.2425,0.5775,0.0927,0.9512,-0.1085,0.978,-0.153,0.3161,-0.0868
1.0398,0.6712,0.3885,0.3977,0.724,-0.9216,0.9967,0.2425,0.5775,0.0927,0.9512,-0.1085,0.978,-0.153,0.3161,-0.0868
1.3133,0.6016,0.4547,0.3999,0.7694,-0.8949,1.0795,0.2655,0.6694,0.1032,1.0903,-0.0928,0.9618,-0.1296,0.319,-0.0378
1.3133,0.6016,0.4547,0.3999,0.7694,-0.8949,1.0795,0.2655,0.6694,0.1032,1.0903,-0.0928,0.9618,-0.1296,0.319,-0.0378
1.3133,0.6016,0.4547,0.3999,0.7694,-0.8949,1.0795,0.2655,0.6694,0.1032,1.0903,-0.0928,0.9618,-0.1296,0.319,-0.0378
1.5904,0.5309,0.5132,0.4135,0.815,-0.8681,1.2156,0.2699,0.754,0.1251,1.2015,-0.0786,0.9456,-0.1062,0.3449,-0.0219
1.5913,0.6123,0.5426,0.4203,0.8276,-0.8554,1.3505,0.2486,0.9003,0.1166,1.273,-0.0503,1.0315,-0.1011,0.3968,0.01
1.5913,0.6123,0.5426,0.4203,0.8276,-0.8554,1.3505,0.2486,0.9003,0.1166,1.273,-0.0503,1.0315,-0.1011,0.3968,0.01
1.592,0.6944,0.5947,0.4191,0.8686,-0.8527,1.4086,0.2809,0.9486,0.1343,1.3265,-0.0393,1.0315,-0.1011,0.4837,-0.0082
1.592,0.6944,0.5947,0.4191,0.8686,-0.8527,1.4086,0.2809,0.9486,0.1343,1.3265,-0.0393,1.0315,-0.1011,0.4837,-0.0082
1.592,0.6944,0.6628,0.395,0.8402,-0.8426,1.4191,0.2949,1.005,0.1405,1.3505,-0.0299,1.2104,-0.1643,0.4983,0.0245
1.592,0.6944,0.6628,0.395,0.8402,-0.8426,1.4191,0.2949,1.005,0.1405,1.3505,-0.0299,1.2104,-0.1643,0.4983,0.0245
1.6173,0.658,0.7004,0.3904,0.8481,-0.854,1.411,0.3066,1.0348,0.1562,1.3856,-0.0363,1.2213,-0.1148,0.5246,0.0406
1.6173,0.658,0.7004,0.3904,0.8481,-0.854,1.411,0.3066,1.0348,0.1562,1.3856,-0.0363,1.2213,-0.1148,0.5246,0.0406
1.6173,0.658,0.7004,0.3904,0.8481,-0.854,1.411,0.3066,1.0348,0.1562,1.3856,-0.0363,1.2213,-0.1148,0.5246,0.0406
1.5157,0.7214,0.6845,0.4132,0.8481,-0.854,1.411,0.3066,1.1267,0.1412,1.4004,-0.0355,1.1885,-0.0676,0.5129,0.0573
1.5157,0.7214,0.6845,0.4132,0.8481,-0.854,1.411,0.3066,1.1267,0.1412,1.4004,-0.0355,1.1885,-0.0676,0.5129,0.0573
1.5157,0.7214,0.6845,0.4132,0.8481,-0.854,1.411,0.3066,1.1267,0.1412,1.4004,-0.0355,1.1885,-0.0676,0.5129,0.0573
1.4904,0.7579,0.7063,0.4314,1.0193,-0.9145,1.4028,0.3183,1.1296,0.1664,1.3763,-0.045,1.0852,-0.0489,0.6736,-0.0121
1.4904,0.7579,0.7063,0.4314,1.0193,-0.9145,1.4028,0.3183,1.1296,0.1664,1.3763,-0.045,1.0852,-0.0489,0.6736,-0.0121
1.4904,0.7579,0.7063,0.4314,1.0193,-0.9145,1.4028,0.3183,1.1296,0.1664,1.3763,-0.045,1.0852,-0.0489,0.6736,-0.0121
1.5157,0.7214,0.7063,0.4314,1.0035,-0.8917,1.411,0.3066,1.0376,0.1814,1.378,-0.0695,1.0315,-0.1011,0.5362,0.0238
1.5157,0.7214,0.7063,0.4314,1.0035,-0.8917,1.411,0.3066,1.0376,0.1814,1.378,-0.0695,1.0315,-0.1011,0.5362,0.0238
1.5157,0.7214,0.7063,0.4314,1.0035,-0.8917,1.411,0.3066,1.0376,0.1814,1.378,-0.0695,1.0315,-0.1011,0.5362,0.0238
1.7454,0.6403,0.7212,0.4347,0.9797,-0.8574,1.4564,0.2994,0.9434,0.171,1.3835,-0.0774,0.9618,-0.1296,0.3737,0.0433
1.7454,0.6403,0.7212,0.4347,0.9797,-0.8574,1.4564,0.2994,0.9434,0.171,1.3835,-0.0774,0.9618,-0.1296,0.3737,0.0433
1.6432,0.7039,0.7292,0.4233,1.0004,-0.8561,1.5182,0.2687,0.9326,0.1574,1.3522,-0.0544,0.9618,-0.1296,0.3853,0.0266
1.6432,0.7039,0.7292,0.4233,1.0004,-0.8561,1.5182,0.2687,0.9326,0.1574,1.3522,-0.0544,0.9618,-0.1296,0.3853,0.0266
1.6179,0.7405,0.7292,0.4233,0.9797,-0.8574,1.5451,0.2592,0.9326,0.1574,1.3265,-0.0393,1.1235,-0.1691,0.4837,-0.0082
1.6179,0.7405,0.7292,0.4233,0.9797,-0.8574,1.5451,0.2592,0.9326,0.1574,1.3265,-0.0393,1.1235,-0.1691,0.4837,-0.0082
1.3134,0.7654,0.6925,0.4018,0.9256,-0.8728,1.4459,0.2854,0.9138,0.1553,1.2768,-0.0337,1.319,-0.2558,0.4953,-0.0248
1.3134,0.7654,0.6925,0.4018,0.9256,-0.8728,1.4459,0.2854,0.9138,0.1553,1.2768,-0.0337,1.319,-0.2558,0.4953,-0.0248
1.1633,0.7362,0.7013,0.3642,0.8276,-0.8554,1.3819,0.2904,0.9031,0.1417,1.2529,-0.0432,1.4393,-0.2983,0.4953,-0.0248
1.1633,0.7362,0.7013,0.3642,0.8276,-0.8554,1.3819,0.2904,0.9031,0.1417,1.2529,-0.0432,1.4393,-0.2983,0.4953,-0.0248
1.1633,0.7362,0.7013,0.3642,0.8276,-0.8554,1.3819,0.2904,0.9031,0.1417,1.2529,-0.0432,1.4393,-0.2983,0.4953,-0.0248
1.1387,0.6905,0.6559,0.3803,0.7866,-0.8581,1.3181,0.2952,0.8923,0.1281,1.2345,-0.0605,1.3303,-0.2067,0.446,-0.0074
1.1387,0.6905,0.6559,0.3803,0.7866,-0.8581,1.3181,0.2952,0.8923,0.1281,1.2345,-0.0605,1.3303,-0.2067,0.446,-0.0074
1.1387,0.6905,0.6253,0.3997,0.7662,-0.8595,1.3262,0.2836,0.927,0.1072,1.2106,-0.07,1.2813,-0.136,0.4837,-0.0082
1.1387,0.6905,0.6253,0.3997,0.7662,-0.8595,1.3262,0.2836,0.927,0.1072,1.2106,-0.07,1.2813,-0.136,0.4837,-0.0082
1.1387,0.6905,0.6253,0.3997,0.7662,-0.8595,1.3262,0.2836,0.927,0.1072,1.2106,-0.07,1.2813,-0.136,0.4837,-0.0082
1.2134,0.6641,0.5731,0.4009,0.8103,-0.8922,1.2362,0.2978,0.927,0.1072,1.1631,-0.0888,1.118,-0.0961,0.6703,-0.0615
1.2134,0.6641,0.5731,0.4009,0.8103,-0.8922,1.2362,0.2978,0.927,0.1072,1.1631,-0.0888,1.118,-0.0961,0.6703,-0.0615
1.4389,0.5844,0.5584,0.3975,0.8024,-0.8809,1.2178,0.2955,0.8709,0.1011,1.1648,-0.1132,1.0478,-0.1246,0.571,-0.0264
1.4389,0.5844,0.5584,0.3975,0.8024,-0.8809,1.2178,0.2955,0.8709,0.1011,1.1648,-0.1132,1.0478,-0.1246,0.571,-0.0264
1.6164,0.5761,0.5437,0.3942,0.7741,-0.8709,1.242,0.2606,0.8336,0.0969,1.1411,-0.1225,1.0048,-0.1271,0.4837,-0.0082
1.6164,0.5761,0.5437,0.3942,0.7741,-0.8709,1.242,0.2606,0.8336,0.0969,1.1411,-0.1225,1.0048,-0.1271,0.4837,-0.0082
1.5913,0.6123,0.5369,0.3794,0.7254,-0.8623,1.2317,0.2467,0.7884,0.1043,1.1212,-0.1155,1.0641,-0.148,0.4953,-0.0248
1.4394,0.666,0.53,0.3647,0.6926,-0.8764,1.1686,0.2515,0.7513,0.1001,1.0867,-0.1092,1.1831,-0.1901,0.4576,-0.0241
1.4394,0.666,0.53,0.3647,0.6926,-0.8764,1.1686,0.2515,0.7513,0.1001,1.0867,-0.1092,1.1831,-0.1901,0.4576,-0.0241
1.3134,0.6832,0.5536,0.3308,0.6802,-0.8891,1.1057,0.2562,0.7222,0.0845,1.0432,-0.1116,1.3028,-0.2324,0.4576,-0.0241
1.3134,0.6832,0.5536,0.3308,0.6802,-0.8891,1.1057,0.2562,0.7222,0.0845,1.0432,-0.1116,1.3028,-0.2324,0.4576,-0.0241
1.3134,0.6832,0.5536,0.3308,0.6802,-0.8891,1.1057,0.2562,0.7222,0.0845,1.0432,-0.1116,1.3028,-0.2324,0.4576,-0.0241
1.2883,0.6376,0.5457,0.3421,0.6677,-0.9017,1.0351,0.2725,0.6773,0.0918,1.0143,-0.1131,1.3028,-0.2324,0.3708,-0.006
1.2883,0.6376,0.5457,0.3421,0.6677,-0.9017,1.0351,0.2725,0.6773,0.0918,1.0143,-0.1131,1.3028,-0.2324,0.3708,-0.006
1.2883,0.6376,0.5457,0.3421,0.6677,-0.9017,1.0351,0.2725,0.6773,0.0918,1.0143,-0.1131,1.3028,-0.2324,0.3708,-0.006
1.2383,0.6281,0.5075,0.3727,0.6474,-0.9031,1.0068,0.2563,0.6747,0.0669,0.9764,-0.1233,1.2266,-0.1878,0.3449,-0.0219
1.1885,0.6186,0.4625,0.3886,0.6755,-0.913,0.9786,0.2402,0.6378,0.0628,0.9332,-0.1257,1.1669,-0.1667,0.4545,-0.0732
1.1885,0.6186,0.4625,0.3886,0.6755,-0.913,0.9786,0.2402,0.6378,0.0628,0.9332,-0.1257,1.1669,-0.1667,0.4545,-0.0732
1.114,0.6449,0.403,0.4011,0.7397,-0.9442,0.9504,0.2241,0.5854,0.0813,0.901,-0.1437,1.1235,-0.1691,0.5152,-0.1072
1.114,0.6449,0.403,0.4011,0.7397,-0.9442,0.9504,0.2241,0.5854,0.0813,0.901,-0.1437,1.1235,-0.1691,0.5152,-0.1072
1.1885,0.6186,0.3885,0.3977,0.7522,-0.9316,0.9324,0.2218,0.4861,0.0821,0.8348,-0.1554,0.9942,-0.1763,0.3794,-0.0717
1.1885,0.6186,0.3885,0.3977,0.7522,-0.9316,0.9324,0.2218,0.4861,0.0821,0.8348,-0.1554,0.9942,-0.1763,0.3794,-0.0717
1.1885,0.6186,0.3885,0.3977,0.7522,-0.9316,0.9324,0.2218,0.4861,0.0821,0.8348,-0.1554,0.9942,-0.1763,0.3794,-0.0717
1.3382,0.5657,0.3672,0.3796,0.7162,-0.9103,0.9043,0.2057,0.3772,0.0694,0.7939,-0.1818,0.7489,-0.1424,0.2188,-0.0524
1.3382,0.5657,0.3672,0.3796,0.7162,-0.9103,0.9043,0.2057,0.3772,0.0694,0.7939,-0.1818,0.7489,-0.1424,0.2188,-0.0524
1.3884,0.5751,0.3605,0.3649,0.6802,-0.8891,0.9462,0.1737,0.3129,0.0497,0.7567,-0.192,0.6645,-0.1476,0.1817,-0.0517
1.3888,0.6566,0.3605,0.3649,0.6802,-0.8891,0.9981,0.1553,0.2847,0.0342,0.723,-0.1859,0.6645,-0.1476,0.1931,-0.0682
1.3888,0.6566,0.3605,0.3649,0.6802,-0.8891,0.9981,0.1553,0.2847,0.0342,0.723,-0.1859,0.6645,-0.1476,0.1931,-0.0682
1.3134,0.6832,0.346,0.3615,0.6318,-0.8805,0.9822,0.1782,0.2667,0.0321,0.6893,-0.1798,0.7388,-0.1913,0.1931,-0.0682
1.3134,0.6832,0.346,0.3615,0.6318,-0.8805,0.9822,0.1782,0.2667,0.0321,0.6893,-0.1798,0.7388,-0.1913,0.1931,-0.0682
1.2633,0.6736,0.4276,0.3412,0.652,-0.8791,0.9945,0.2172,0.2847,0.0342,0.6981,-0.1713,0.8981,-0.2301,0.1817,-0.0517
1.2633,0.6736,0.4276,0.3412,0.652,-0.8791,0.9945,0.2172,0.2847,0.0342,0.6981,-0.1713,0.8981,-0.2301,0.1817,-0.0517
1.3385,0.6471,0.5085,0.3467,0.6972,-0.8523,1.0511,0.2494,0.3567,0.0426,0.7529,-0.144,0.9836,-0.2253,0.1588,-0.0187
1.3385,0.6471,0.5085,0.3467,0.6972,-0.8523,1.0511,0.2494,0.3567,0.0426,0.7529,-0.144,0.9836,-0.2253,0.1588,-0.0187
1.3888,0.6566,0.5663,0.3862,0.7787,-0.8467,1.1525,0.2747,0.5619,0.0298,0.8848,-0.1203,1.0803,-0.1715,0.2587,-0.004
1.3888,0.6566,0.5663,0.3862,0.7787,-0.8467,1.1525,0.2747,0.5619,0.0298,0.8848,-0.1203,1.0803,-0.1715,0.2587,-0.004
1.4901,0.6755,0.647,0.4178,0.9019,-0.8386,1.2812,0.2907,0.7459,0.0504,1.0125,-0.0889,1.0747,-0.0986,0.3593,0.0106
1.541,0.685,0.7063,0.4314,0.9845,-0.8332,1.4005,0.2926,0.8975,0.0916,1.1267,-0.0582,1.1016,-0.0726,0.5099,0.0078
1.541,0.685,0.7063,0.4314,0.9845,-0.8332,1.4005,0.2926,0.8975,0.0916,1.1267,-0.0582,1.1016,-0.0726,0.5099,0.0078
1.6686,0.6674,0.759,0.43,1.0308,-0.8062,1.4669,0.3134,0.9754,0.1249,1.2583,-0.0511,1.0852,-0.0489,0.5246,0.0406
1.6686,0.6674,0.759,0.43,1.0308,-0.8062,1.4669,0.3134,0.9754,0.1249,1.2583,-0.0511,1.0852,-0.0489,0.5246,0.0406
1.6686,0.6674,0.759,0.43,1.0308,-0.8062,1.4669,0.3134,0.9754,0.1249,1.2583,-0.0511,1.0852,-0.0489,0.5246,0.0406
1.849,0.6588,0.7958,0.4517,1.0853,-0.7907,1.5689,0.3129,1.0159,0.1541,1.367,-0.0536,1.0852,-0.0489,0.5013,0.0741
1.849,0.6588,0.7958,0.4517,1.0853,-0.7907,1.5689,0.3129,1.0159,0.1541,1.367,-0.0536,1.0852,-0.0489,0.5013,0.0741
1.849,0.6588,0.7958,0.4517,1.0853,-0.7907,1.5689,0.3129,1.0159,0.1541,1.367,-0.0536,1.0852,-0.0489,0.5013,0.0741
1.9533,0.6774,0.8488,0.4503,1.1191,-0.7764,1.6796,0.3004,1.0646,0.1719,1.4505,-0.0412,1.1122,-0.0227,0.5392,0.0734
1.9533,0.6774,0.8488,0.4503,1.1191,-0.7764,1.6796,0.3004,1.0646,0.1719,1.4505,-0.0412,1.1122,-0.0227,0.5392,0.0734
1.798,0.7323,0.8338,0.4469,1.1271,-0.788,1.6714,0.3122,1.1025,0.176,1.4692,-0.0238,1.2321,-0.0651,0.5275,0.0903
1.798,0.7323,0.8338,0.4469,1.1271,-0.788,1.6714,0.3122,1.1025,0.176,1.4692,-0.0238,1.2321,-0.0651,0.5275,0.0903
1.592,0.6944,0.8727,0.4158,1.0356,-0.7818,1.6525,0.31,1.1406,0.1801,1.473,-0.0071,1.4078,-0.0554,0.5421,0.1233
1.592,0.6944,0.8727,0.4158,1.0356,-0.7818,1.6525,0.31,1.1406,0.1801,1.473,-0.0071,1.4078,-0.0554,0.5421,0.1233
1.592,0.6944,0.8727,0.4158,1.0356,-0.7818,1.6525,0.31,1.1406,0.1801,1.473,-0.0071,1.4078,-0.0554,0.5421,0.1233
1.6686,0.6674,0.8798,0.4307,1.0645,-0.792,1.6986,0.3026,1.2139,0.163,1.4935,-0.0143,1.4355,-0.0292,0.6036,0.0888
1.6686,0.6674,0.8798,0.4307,1.0645,-0.792,1.6986,0.3026,1.2139,0.163,1.4935,-0.0143,1.4355,-0.0292,0.6036,0.0888
1.6686,0.6674,0.8798,0.4307,1.0645,-0.792,1.6986,0.3026,1.2139,0.163,1.4935,-0.0143,1.4355,-0.0292,0.6036,0.0888
1.5667,0.731,0.8718,0.4422,1.0933,-0.8022,1.6822,0.3263,1.2522,0.167,1.4935,-0.0143,1.5243,-0.0244,0.8306,0.0341
1.592,0.6944,0.8718,0.4422,1.1142,-0.8009,1.7011,0.3285,1.2058,0.1746,1.4637,-0.0158,1.4964,-0.0507,0.8693,0.0332
1.7454,0.6403,0.8868,0.4456,1.1142,-0.8009,1.6822,0.3263,1.2139,0.163,1.4896,-0.031,1.4521,-0.0531,0.8575,0.0502
1.7454,0.6403,0.8868,0.4456,1.1142,-0.8009,1.6822,0.3263,1.2139,0.163,1.4896,-0.031,1.4521,-0.0531,0.8575,0.0502
1.7454,0.6403,0.8868,0.4456,1.1142,-0.8009,1.6822,0.3263,1.2139,0.163,1.4896,-0.031,1.4521,-0.0531,0.8575,0.0502
1.8743,0.6223,0.8718,0.4422,1.0853,-0.7907,1.7093,0.3167,1.2029,0.1493,1.4747,-0.0317,1.4078,-0.0554,0.7451,0.1027
1.8743,0.6223,0.8718,0.4422,1.0853,-0.7907,1.7093,0.3167,1.2029,0.1493,1.4747,-0.0317,1.4078,-0.0554,0.7451,0.1027
1.8743,0.6223,0.8718,0.4422,1.0853,-0.7907,1.7093,0.3167,1.2029,0.1493,1.4747,-0.0317,1.4078,-0.0554,0.7451,0.1027
1.6947,0.7134,0.8568,0.4388,1.0436,-0.7933,1.6904,0.3145,1.1948,0.1609,1.4692,-0.0238,1.513,-0.0746,0.7954,0.0849
1.592,0.6944,0.9037,0.3962,1.01,-0.8075,1.5902,0.3409,1.1948,0.1609,1.4692,-0.0238,1.6353,-0.1178,0.8458,0.0671
1.592,0.6944,0.9037,0.3962,1.01,-0.8075,1.5902,0.3409,1.1948,0.1609,1.4692,-0.0238,1.6353,-0.1178,0.8458,0.0671
1.592,0.6944,0.9187,0.3996,0.9813,-0.7974,1.5443,0.3482,1.1486,0.1685,1.4394,-0.0253,1.5741,-0.0962,0.7569,0.0858
1.592,0.6944,0.9187,0.3996,0.9813,-0.7974,1.5443,0.3482,1.1486,0.1685,1.4394,-0.0253,1.5741,-0.0962,0.7569,0.0858
1.592,0.6944,0.9187,0.3996,0.9813,-0.7974,1.5443,0.3482,1.1486,0.1685,1.4394,-0.0253,1.5741,-0.0962,0.7569,0.0858
1.6173,0.658,0.8877,0.4192,0.932,-0.7886,1.5337,0.3342,1.1647,0.1453,1.4246,-0.026,1.6022,-0.07,0.7569,0.0858
1.6173,0.658,0.8877,0.4192,0.932,-0.7886,1.5337,0.3342,1.1647,0.1453,1.4246,-0.026,1.6022,-0.07,0.7569,0.0858
1.6173,0.658,0.8877,0.4192,0.932,-0.7886,1.5337,0.3342,1.1647,0.1453,1.4246,-0.026,1.6022,-0.07,0.7569,0.0858
1.6173,0.658,0.8568,0.4388,1.026,-0.8305,1.5207,0.2944,1.1537,0.1316,1.356,-0.0378,1.6022,-0.07,0.8927,-0.0006
1.6173,0.658,0.8568,0.4388,1.026,-0.8305,1.5207,0.2944,1.1537,0.1316,1.356,-0.0378,1.6022,-0.07,0.8927,-0.0006
1.592,0.6944,0.8418,0.4354,1.0835,-0.8508,1.5019,0.2922,1.0617,0.1467,1.3172,-0.048,1.513,-0.0746,0.8541,0.0003
1.592,0.6944,0.8418,0.4354,1.0835,-0.8508,1.5019,0.2922,1.0617,0.1467,1.3172,-0.048,1.513,-0.0746,0.8541,0.0003
1.6938,0.6309,0.8197,0.4172,1.0676,-0.8279,1.4377,0.2971,0.9326,0.1574,1.2638,-0.059,1.4244,-0.0792,0.7269,0.0198
1.6938,0.6309,0.8197,0.4172,1.0676,-0.8279,1.4377,0.2971,0.9326,0.1574,1.2638,-0.059,1.4244,-0.0792,0.7269,0.0198
1.8224,0.613,0.8197,0.4172,1.0388,-0.8177,1.4995,0.2665,0.8657,0.1376,1.2253,-0.0692,1.3362,-0.084,0.6006,0.0391
1.7454,0.6403,0.7818,0.422,1.018,-0.819,1.4808,0.2643,0.8097,0.1313,1.196,-0.0708,1.2923,-0.0864,0.6122,0.0223
1.7454,0.6403,0.7818,0.422,1.018,-0.819,1.4808,0.2643,0.8097,0.1313,1.196,-0.0708,1.2923,-0.0864,0.6122,0.0223
1.7454,0.6403,0.7818,0.422,1.018,-0.819,1.4808,0.2643,0.8097,0.1313,1.196,-0.0708,1.2923,-0.0864,0.6122,0.0223
1.6938,0.6309,0.7749,0.4071,0.9845,-0.8332,1.4353,0.2715,0.7805,0.1157,1.1267,-0.0582,1.3087,-0.1101,0.5129,0.0573
1.6938,0.6309,0.7749,0.4071,0.9845,-0.8332,1.4353,0.2715,0.7805,0.1157,1.1267,-0.0582,1.3087,-0.1101,0.5129,0.0573
1.5662,0.6486,0.7758,0.3809,0.9431,-0.8359,1.3714,0.2764,0.7434,0.1115,1.1031,-0.0676,1.4131,-0.1291,0.5129,0.0573
1.5662,0.6486,0.7758,0.3809,0.9431,-0.8359,1.3714,0.2764,0.7434,0.1115,1.1031,-0.0676,1.4131,-0.1291,0.5129,0.0573
1.6425,0.6216,0.7679,0.3924,0.9431,-0.8359,1.3529,0.2742,0.7778,0.0908,1.0794,-0.0771,1.3967,-0.1053,0.5129,0.0573
1.6425,0.6216,0.7679,0.3924,0.9431,-0.8359,1.3529,0.2742,0.7778,0.0908,1.0794,-0.0771,1.3967,-0.1053,0.5129,0.0573
1.5662,0.6486,0.7222,0.4085,0.9225,-0.8372,1.3424,0.2603,0.7592,0.0887,1.036,-0.0795,1.2923,-0.0864,0.5362,0.0238
1.541,0.685,0.7073,0.4051,0.959,-0.8587,1.3239,0.258,0.7513,0.1001,1.0125,-0.0889,1.2321,-0.0651,0.6587,-0.0448
1.541,0.685,0.7073,0.4051,0.959,-0.8587,1.3239,0.258,0.7513,0.1001,1.0125,-0.0889,1.2321,-0.0651,0.6587,-0.0448
1.541,0.685,0.7073,0.4051,0.959,-0.8587,1.3239,0.258,0.7513,0.1001,1.0125,-0.0889,1.2321,-0.0651,0.6587,-0.0448
1.4901,0.6755,0.6925,0.4018,0.959,-0.8587,1.2604,0.2629,0.6694,0.1032,0.9602,-0.0999,1.118,-0.0961,0.5099,0.0078
1.4901,0.6755,0.6925,0.4018,0.959,-0.8587,1.2604,0.2629,0.6694,0.1032,0.9602,-0.0999,1.118,-0.0961,0.5099,0.0078
1.4901,0.6755,0.6925,0.4018,0.959,-0.8587,1.2604,0.2629,0.6694,0.1032,0.9602,-0.0999,1.118,-0.0961,0.5099,0.0078
1.719,0.5946,0.6618,0.4212,0.9511,-0.8473,1.242,0.2606,0.5958,0.0948,0.9278,-0.1179,0.9885,-0.1036,0.3477,0.0273
1.719,0.5946,0.6618,0.4212,0.9511,-0.8473,1.242,0.2606,0.5958,0.0948,0.9278,-0.1179,0.9885,-0.1036,0.3477,0.0273
1.719,0.5946,0.6618,0.4212,0.9511,-0.8473,1.242,0.2606,0.5958,0.0948,0.9278,-0.1179,0.9885,-0.1036,0.3477,0.0273
1.719,0.5946,0.5947,0.4191,0.8892,-0.8513,1.2294,0.2213,0.5147,0.0977,0.8848,-0.1203,0.9293,-0.0827,0.2729,0.0286
1.719,0.5946,0.5947,0.4191,0.8892,-0.8513,1.2294,0.2213,0.5147,0.0977,0.8848,-0.1203,0.9293,-0.0827,0.2729,0.0286
1.719,0.5946,0.5947,0.4191,0.8892,-0.8513,1.2294,0.2213,0.5147,0.0977,0.8848,-0.1203,0.9293,-0.0827,0.2729,0.0286
1.5662,0.6486,0.5879,0.4043,0.8481,-0.854,1.1846,0.2284,0.4783,0.0935,0.8168,-0.1081,1.0048,-0.1271,0.2587,-0.004
1.5662,0.6486,0.5879,0.4043,0.8481,-0.854,1.1846,0.2284,0.4783,0.0935,0.8168,-0.1081,1.0048,-0.1271,0.2587,-0.004
1.3134,0.6832,0.5741,0.3748,0.7866,-0.8581,1.1035,0.2309,0.4316,0.0758,0.7653,-0.1191,1.0372,-0.1739,0.1958,-0.0193
1.3134,0.6832,0.5741,0.3748,0.7866,-0.8581,1.1035,0.2309,0.4316,0.0758,0.7653,-0.1191,1.0372,-0.1739,0.1958,-0.0193
1.3134,0.6832,0.5741,0.3748,0.7866,-0.8581,1.1035,0.2309,0.4316,0.0758,0.7653,-0.1191,1.0372,-0.1739,0.1958,-0.0193
1.1636,0.6545,0.485,0.3806,0.6972,-0.8523,0.9765,0.2149,0.4188,0.0377,0.6855,-0.1319,1.0641,-0.148,0.1702,-0.0352
1.1636,0.6545,0.485,0.3806,0.6972,-0.8523,0.9765,0.2149,0.4188,0.0377,0.6855,-0.1319,1.0641,-0.148,0.1702,-0.0352
1.1636,0.6545,0.485,0.3806,0.6972,-0.8523,0.9765,0.2149,0.4188,0.0377,0.6855,-0.1319,1.0641,-0.148,0.1702,-0.0352
1.1636,0.6545,0.4625,0.3886,0.7615,-0.8836,0.9584,0.2126,0.4007,0.0356,0.6432,-0.1344,0.9885,-0.1036,0.2302,-0.0689
1.1636,0.6545,0.4625,0.3886,0.7615,-0.8836,0.9584,0.2126,0.4007,0.0356,0.6432,-0.1344,0.9885,-0.1036,0.2302,-0.0689
1.1885,0.6186,0.4625,0.3886,0.7741,-0.8709,0.9765,0.2149,0.3387,0.0405,0.5868,-0.1378,0.9028,-0.1087,0.1817,-0.0517
1.1885,0.6186,0.4625,0.3886,0.7741,-0.8709,0.9765,0.2149,0.3387,0.0405,0.5868,-0.1378,0.9028,-0.1087,0.1817,-0.0517
1.4389,0.5844,0.5143,0.3874,0.8197,-0.844,1.0489,0.224,0.3207,0.0384,0.6203,-0.1438,0.8601,-0.1113,0.1333,-0.0346
1.4389,0.5844,0.5143,0.3874,0.8197,-0.844,1.0489,0.224,0.3207,0.0384,0.6203,-0.1438,0.8601,-0.1113,0.1333,-0.0346
1.5403,0.603,0.5731,0.4009,0.8449,-0.8184,1.1846,0.2284,0.3929,0.0469,0.7031,-0.1147,0.9028,-0.1087,0.0989,0.0149
1.541,0.685,0.6549,0.4064,0.9066,-0.8143,1.3054,0.2558,0.5044,0.0843,0.8435,-0.0822,1.0478,-0.1246,0.1985,0.0298
1.541,0.685,0.6549,0.4064,0.9066,-0.8143,1.3054,0.2558,0.5044,0.0843,0.8435,-0.0822,1.0478,-0.1246,0.1985,0.0298
1.592,0.6944,0.745,0.4004,0.932,-0.7886,1.3738,0.3021,0.6352,0.1239,0.9997,-0.0489,1.2213,-0.1148,0.3362,0.044
1.592,0.6944,0.745,0.4004,0.932,-0.7886,1.3738,0.3021,0.6352,0.1239,0.9997,-0.0489,1.2213,-0.1148,0.3362,0.044
1.6686,0.6674,0.7968,0.4253,0.9654,-0.7744,1.432,0.3346,0.7938,0.1543,1.1632,-0.0234,1.3197,-0.0602,0.4257,0.0755
1.6686,0.6674,0.7968,0.4253,0.9654,-0.7744,1.432,0.3346,0.7938,0.1543,1.1632,-0.0234,1.3197,-0.0602,0.4257,0.0755
1.72,0.6768,0.8338,0.4469,1.0356,-0.7818,1.515,0.3319,0.9702,0.1615,1.264,0.0067,1.4355,-0.0292,0.5889,0.0559
1.72,0.6768,0.8338,0.4469,1.0356,-0.7818,1.515,0.3319,0.9702,0.1615,1.264,0.0067,1.4355,-0.0292,0.5889,0.0559
1.6947,0.7134,0.8558,0.4652,1.1062,-0.7893,1.5443,0.3482,1.0485,0.1951,1.347,0.0194,1.4799,-0.0268,0.7152,0.0367
1.6947,0.7134,0.8558,0.4652,1.1062,-0.7893,1.5443,0.3482,1.0485,0.1951,1.347,0.0194,1.4799,-0.0268,0.7152,0.0367
1.7717,0.6861,0.8939,0.4605,1.132,-0.7635,1.5902,0.3409,1.0594,0.2088,1.397,0.0138,1.4189,-0.0053,0.6918,0.0704
2.0043,0.604,0.917,0.4523,1.1159,-0.7404,1.6361,0.3336,1.0973,0.2129,1.4415,0.0161,1.4799,-0.0268,0.7302,0.0696
2.0043,0.604,0.917,0.4523,1.1159,-0.7404,1.6361,0.3336,1.0973,0.2129,1.4415,0.0161,1.4799,-0.0268,0.7302,0.0696
2.0043,0.604,0.917,0.4523,1.1159,-0.7404,1.6361,0.3336,1.0973,0.2129,1.4415,0.0161,1.4799,-0.0268,0.7302,0.0696
2.1096,0.6222,0.9241,0.4672,1.1449,-0.7506,1.7093,0.3167,1.1244,0.2034,1.4658,0.0256,1.4189,-0.0053,0.7686,0.0688
2.1096,0.6222,0.9241,0.4672,1.1449,-0.7506,1.7093,0.3167,1.1244,0.2034,1.4658,0.0256,1.4189,-0.0053,0.7686,0.0688
2.1096,0.6222,0.9241,0.4672,1.1449,-0.7506,1.7093,0.3167,1.1244,0.2034,1.4658,0.0256,1.4189,-0.0053,0.7686,0.0688
1.9533,0.6774,0.9321,0.4557,1.124,-0.7519,1.7284,0.3189,1.1244,0.2034,1.4398,0.0409,1.4799,-0.0268,0.8189,0.0511
1.9533,0.6774,0.9321,0.4557,1.124,-0.7519,1.7284,0.3189,1.1244,0.2034,1.4398,0.0409,1.4799,-0.0268,0.8189,0.0511
1.9011,0.6681,0.9481,0.4326,1.1191,-0.7764,1.6822,0.3263,1.1244,0.2034,1.4249,0.0401,1.5855,-0.0461,0.8575,0.0502
1.9011,0.6681,0.9632,0.436,1.0982,-0.7778,1.6822,0.3263,1.1325,0.1917,1.4007,0.0305,1.5689,-0.0221,0.8189,0.0511
1.9011,0.6681,0.9632,0.436,1.0982,-0.7778,1.6822,0.3263,1.1325,0.1917,1.4007,0.0305,1.5689,-0.0221,0.8189,0.0511
1.8756,0.7049,0.9703,0.4509,1.1271,-0.788,1.674,0.3381,1.1515,0.1938,1.3859,0.0297,1.5523,0.002,0.8575,0.0502
1.8756,0.7049,0.9703,0.4509,1.1271,-0.788,1.674,0.3381,1.1515,0.1938,1.3859,0.0297,1.5523,0.002,0.8575,0.0502
1.8756,0.7049,0.9935,0.4427,1.185,-0.8085,1.674,0.3381,1.1515,0.1938,1.3766,0.021,1.5077,-0.0004,0.9198,0.0154
1.8756,0.7049,0.9935,0.4427,1.185,-0.8085,1.674,0.3381,1.1515,0.1938,1.3766,0.021,1.5077,-0.0004,0.9198,0.0154
1.9788,0.6406,0.9935,0.4427,1.206,-0.8072,1.655,0.3359,1.0783,0.2109,1.3525,0.0114,1.4355,-0.0292,0.8189,0.0511
1.9788,0.6406,0.9935,0.4427,1.206,-0.8072,1.655,0.3359,1.0783,0.2109,1.3525,0.0114,1.4355,-0.0292,0.8189,0.0511
2.0568,0.6131,0.9703,0.4509,1.169,-0.7853,1.6632,0.324,1.0135,0.2162,1.3691,-0.0124,1.3472,-0.034,0.7302,0.0696
2.0568,0.6131,0.9703,0.4509,1.169,-0.7853,1.6632,0.324,1.0135,0.2162,1.3691,-0.0124,1.3472,-0.034,0.7302,0.0696
2.0313,0.6498,0.9703,0.4509,1.182,-0.7724,1.7257,0.293,0.9757,0.212,1.3285,0.0019,1.2429,-0.0151,0.6036,0.0888
2.0313,0.6498,0.9703,0.4509,1.182,-0.7724,1.7257,0.293,0.9757,0.212,1.3285,0.0019,1.2429,-0.0151,0.6036,0.0888
2.0313,0.6498,0.9703,0.4509,1.182,-0.7724,1.7257,0.293,0.9757,0.212,1.3285,0.0019,1.2429,-0.0151,0.6036,0.0888
2.0313,0.6498,0.9552,0.4475,1.19,-0.784,1.7257,0.293,0.9649,0.1983,1.3082,0.0091,1.2429,-0.0151,0.5655,0.0896
1.7717,0.6861,0.9561,0.4211,1.1271,-0.788,1.6607,0.2982,0.9461,0.1962,1.2677,0.0234,1.4244,-0.0792,0.5772,0.0727
1.7717,0.6861,0.9561,0.4211,1.1271,-0.788,1.6607,0.2982,0.9461,0.1962,1.2677,0.0234,1.4244,-0.0792,0.5772,0.0727
1.592,0.6944,0.9259,0.4144,1.0853,-0.7907,1.6229,0.2938,0.9086,0.192,1.2291,0.013,1.4244,-0.0792,0.5392,0.0734
1.592,0.6944,0.9259,0.4144,1.0853,-0.7907,1.6229,0.2938,0.9086,0.192,1.2291,0.013,1.4244,-0.0792,0.5392,0.0734
1.592,0.6944,0.9259,0.4144,1.0853,-0.7907,1.6229,0.2938,0.9086,0.192,1.2291,0.013,1.4244,-0.0792,0.5392,0.0734
1.6173,0.658,0.8798,0.4307,1.0436,-0.7933,1.5852,0.2893,0.9782,0.15,1.2053,0.0035,1.4521,-0.0531,0.5889,0.0559
1.6173,0.658,0.8798,0.4307,1.0436,-0.7933,1.5852,0.2893,0.9782,0.15,1.2053,0.0035,1.4521,-0.0531,0.5889,0.0559
1.6173,0.658,0.8338,0.4469,1.0804,-0.815,1.5394,0.2966,0.8978,0.1784,1.1431,-0.0164,1.3307,-0.0102,0.6387,0.0383
1.6173,0.658,0.8338,0.4469,1.0804,-0.815,1.5394,0.2966,0.8978,0.1784,1.1431,-0.0164,1.3307,-0.0102,0.6387,0.0383
1.6425,0.6216,0.751,0.4415,1.0388,-0.8177,1.4272,0.2832,0.7593,0.1752,1.1376,-0.0739,1.1721,-0.0439,0.5246,0.0406
1.6425,0.6216,0.751,0.4415,1.0388,-0.8177,1.4272,0.2832,0.7593,0.1752,1.1376,-0.0739,1.1721,-0.0439,0.5246,0.0406
1.6425,0.6216,0.751,0.4415,1.0388,-0.8177,1.4272,0.2832,0.7593,0.1752,1.1376,-0.0739,1.1721,-0.0439,0.5246,0.0406
1.7958,0.5675,0.7669,0.4186,1.01,-0.8075,1.4167,0.2692,0.7301,0.1595,1.0831,-0.0606,1.0688,-0.0253,0.4867,0.0413
1.7958,0.5675,0.7669,0.4186,1.01,-0.8075,1.4167,0.2692,0.7301,0.1595,1.0831,-0.0606,1.0688,-0.0253,0.4867,0.0413
1.8997,0.5857,0.752,0.4152,0.9813,-0.7974,1.4329,0.2459,0.6931,0.1552,1.0341,-0.0551,1.1885,-0.0676,0.4983,0.0245
1.8997,0.5857,0.752,0.4152,0.9813,-0.7974,1.4329,0.2459,0.6931,0.1552,1.0341,-0.0551,1.1885,-0.0676,0.4983,0.0245
1.8997,0.5857,0.752,0.4152,0.9813,-0.7974,1.4329,0.2459,0.6931,0.1552,1.0341,-0.0551,1.1885,-0.0676,0.4983,0.0245
1.7717,0.6861,0.7143,0.4199,0.9479,-0.8116,1.3876,0.2531,0.6562,0.151,0.9997,-0.0489,1.3855,-0.155,0.4606,0.0252
1.7717,0.6861,0.7143,0.4199,0.9479,-0.8116,1.3876,0.2531,0.6562,0.151,0.9997,-0.0489,1.3855,-0.155,0.4606,0.0252
1.541,0.685,0.7083,0.379,0.8528,-0.8299,1.2156,0.2699,0.6615,0.1146,0.9078,-0.046,1.3967,-0.1053,0.3853,0.0266
1.541,0.685,0.7083,0.379,0.8528,-0.8299,1.2156,0.2699,0.6615,0.1146,0.9078,-0.046,1.3967,-0.1053,0.3853,0.0266
1.541,0.685,0.7083,0.379,0.8528,-0.8299,1.2156,0.2699,0.6615,0.1146,0.9078,-0.046,1.3967,-0.1053,0.3853,0.0266
1.5152,0.6392,0.6776,0.3984,0.8118,-0.8326,1.1342,0.2724,0.651,0.1011,0.8845,-0.0555,1.3967,-0.1053,0.4953,-0.0248
1.5152,0.6392,0.6776,0.3984,0.8118,-0.8326,1.1342,0.2724,0.651,0.1011,0.8845,-0.0555,1.3967,-0.1053,0.4953,-0.0248
1.4645,0.6298,0.6095,0.4225,0.8197,-0.844,1.1057,0.2562,0.651,0.1011,0.8416,-0.058,1.3526,-0.1077,0.6057,-0.0764
1.4645,0.6298,0.6095,0.4225,0.8197,-0.844,1.1057,0.2562,0.651,0.1011,0.8416,-0.058,1.3526,-0.1077,0.6057,-0.0764
1.3635,0.611,0.5573,0.4237,0.8434,-0.8782,1.0671,0.2263,0.5721,0.1289,0.7987,-0.0605,1.3087,-0.1101,0.6173,-0.0931
1.3635,0.611,0.5573,0.4237,0.8434,-0.8782,1.0671,0.2263,0.5721,0.1289,0.7987,-0.0605,1.3087,-0.1101,0.6173,-0.0931
1.3133,0.6016,0.5279,0.4169,0.8513,-0.8895,1.0126,0.2195,0.4547,0.1275,0.7526,-0.0795,1.1777,-0.1172,0.4922,-0.074
1.3133,0.6016,0.5279,0.4169,0.8513,-0.8895,1.0126,0.2195,0.4547,0.1275,0.7526,-0.0795,1.1777,-0.1172,0.4922,-0.074
1.4133,0.5392,0.4986,0.4101,0.8434,-0.8782,0.9844,0.2034,0.408,0.1097,0.7295,-0.0889,1.0315,-0.1011,0.3679,-0.0551
1.4133,0.5392,0.4986,0.4101,0.8434,-0.8782,0.9844,0.2034,0.408,0.1097,0.7295,-0.0889,1.0315,-0.1011,0.3679,-0.0551
1.6153,0.4949,0.4839,0.4067,0.8434,-0.8782,0.9743,0.1897,0.3357,0.1011,0.648,-0.0777,0.9456,-0.1062,0.2932,-0.0537
1.6153,0.4949,0.4839,0.4067,0.8434,-0.8782,0.9743,0.1897,0.3357,0.1011,0.648,-0.0777,0.9456,-0.1062,0.2932,-0.0537
1.6415,0.54,0.4771,0.392,0.7866,-0.8581,1.0083,0.169,0.3255,0.0877,0.6003,-0.0725,0.9456,-0.1062,0.2559,-0.053
1.6415,0.54,0.4771,0.392,0.7866,-0.8581,1.0083,0.169,0.3255,0.0877,0.6003,-0.0725,0.9456,-0.1062,0.2559,-0.053
1.5152,0.6392,0.4479,0.3852,0.7458,-0.8609,0.9721,0.1645,0.2895,0.0834,0.5581,-0.0752,1.0803,-0.1715,0.2073,-0.0359
1.5152,0.6392,0.4479,0.3852,0.7458,-0.8609,0.9721,0.1645,0.2895,0.0834,0.5581,-0.0752,1.0803,-0.1715,0.2073,-0.0359
1.5152,0.6392,0.4479,0.3852,0.7458,-0.8609,0.9721,0.1645,0.2895,0.0834,0.5581,-0.0752,1.0803,-0.1715,0.2073,-0.0359
1.4645,0.6298,0.449,0.3592,0.6847,-0.865,0.8763,0.1897,0.2535,0.0791,0.5213,-0.0855,1.0641,-0.148,0.2188,-0.0524
1.4645,0.6298,0.449,0.3592,0.6847,-0.865,0.8763,0.1897,0.2535,0.0791,0.5213,-0.0855,1.0641,-0.148,0.2188,-0.0524
1.3884,0.5751,0.4052,0.3491,0.5835,-0.872,0.7433,0.185,0.241,0.0411,0.4482,-0.1062,0.9293,-0.0827,0.1675,-0.084
1.3884,0.5751,0.4052,0.3491,0.5835,-0.872,0.7433,0.185,0.241,0.0411,0.4482,-0.1062,0.9293,-0.0827,0.1675,-0.084
1.3884,0.5751,0.4052,0.3491,0.5835,-0.872,0.7433,0.185,0.241,0.0411,0.4482,-0.1062,0.9293,-0.0827,0.1675,-0.084
1.3884,0.5751,0.4042,0.3751,0.5959,-0.8593,0.7611,0.1873,0.2333,0.0523,0.4429,-0.0985,0.8114,-0.0411,0.2759,-0.1347
1.3884,0.5751,0.4042,0.3751,0.5959,-0.8593,0.7611,0.1873,0.2333,0.0523,0.4429,-0.0985,0.8114,-0.0411,0.2759,-0.1347
1.3884,0.5751,0.4042,0.3751,0.5959,-0.8593,0.7611,0.1873,0.2333,0.0523,0.4429,-0.0985,0.8114,-0.0411,0.2759,-0.1347
1.4389,0.5844,0.4176,0.4045,0.7129,-0.875,0.8147,0.1942,0.2637,0.0925,0.5213,-0.0855,0.8703,-0.0619,0.3389,-0.1197
1.4389,0.5844,0.4176,0.4045,0.7129,-0.875,0.8147,0.1942,0.2637,0.0925,0.5213,-0.0855,0.8703,-0.0619,0.3389,-0.1197
1.4895,0.5937,0.4986,0.4101,0.8434,-0.8782,0.9483,0.1988,0.32,0.1237,0.6567,-0.0691,0.8276,-0.0645,0.3161,-0.0868
1.4895,0.5937,0.4986,0.4101,0.8434,-0.8782,0.9483,0.1988,0.32,0.1237,0.6567,-0.0691,0.8276,-0.0645,0.3161,-0.0868
1.7442,0.5583,0.6163,0.4373,0.9479,-0.8116,1.203,0.2306,0.5772,0.1789,0.9526,-0.0026,0.9559,-0.0566,0.3334,-0.0053
1.7442,0.5583,0.6163,0.4373,0.9479,-0.8116,1.203,0.2306,0.5772,0.1789,0.9526,-0.0026,0.9559,-0.0566,0.3334,-0.0053
1.7442,0.5583,0.6163,0.4373,0.9479,-0.8116,1.203,0.2306,0.5772,0.1789,0.9526,-0.0026,0.9559,-0.0566,0.3334,-0.0053
1.8477,0.5766,0.6301,0.4669,0.9734,-0.7859,1.3932,0.2159,0.6797,0.2033,1.061,0.0365,1.0584,-0.0751,0.4084,-0.0067
1.8477,0.5766,0.6301,0.4669,0.9734,-0.7859,1.3932,0.2159,0.6797,0.2033,1.061,0.0365,1.0584,-0.0751,0.4084,-0.0067
1.7717,0.6861,0.6597,0.4738,1.0436,-0.7933,1.5132,0.2175,0.7725,0.214,1.1375,0.0574,1.2813,-0.136,0.446,-0.0074
1.7717,0.6861,0.6597,0.4738,1.0436,-0.7933,1.5132,0.2175,0.7725,0.214,1.1375,0.0574,1.2813,-0.136,0.446,-0.0074
1.72,0.6768,0.6984,0.4428,1.0436,-0.7933,1.5157,0.2431,0.8284,0.2204,1.1557,0.075,1.4295,-0.1527,0.4837,-0.0082
1.5157,0.7214,0.7441,0.4267,1.0149,-0.7832,1.4726,0.276,0.9113,0.2173,1.2052,0.0695,1.4244,-0.0792,0.5099,0.0078
1.5157,0.7214,0.7441,0.4267,1.0149,-0.7832,1.4726,0.276,0.9113,0.2173,1.2052,0.0695,1.4244,-0.0792,0.5099,0.0078
1.6173,0.658,0.7739,0.4334,0.9861,-0.773,1.4645,0.2877,1.0376,0.1814,1.2199,0.0703,1.4521,-0.0531,0.5858,0.0063
1.6173,0.658,0.7739,0.4334,0.9861,-0.773,1.4645,0.2877,1.0376,0.1814,1.2199,0.0703,1.4521,-0.0531,0.5858,0.0063
1.6173,0.658,0.7739,0.4334,0.9861,-0.773,1.4645,0.2877,1.0376,0.1814,1.2199,0.0703,1.4521,-0.0531,0.5858,0.0063
1.6425,0.6216,0.7351,0.4645,0.9574,-0.7629,1.4726,0.276,1.0835,0.1739,1.2401,0.0632,1.4355,-0.0292,0.7351,-0.0465
1.6425,0.6216,0.7351,0.4645,0.9574,-0.7629,1.4726,0.276,1.0835,0.1739,1.2401,0.0632,1.4355,-0.0292,0.7351,-0.0465
1.6173,0.658,0.7271,0.4759,1.0436,-0.7933,1.4645,0.2877,1.0594,0.2088,1.2309,0.0544,1.3747,-0.0077,0.8236,-0.0651
