1.6611,0.2009,2.0817,0.4571,1.5302,-0.2173,2.2339,-0.0236,1.3386,-0.1974,0.8522,0.1542,0.3583,-0.3138,0.904,-0.3194
1.3993,0.215,2.0624,0.388,1.2692,-0.3318,2.0704,0.0419,1.311,-0.2023,0.742,0.1716,0.5543,-0.3919,0.9995,-0.3659
1.3993,0.215,2.0624,0.388,1.2692,-0.3318,2.0704,0.0419,1.311,-0.2023,0.742,0.1716,0.5543,-0.3919,0.9995,-0.3659
1.3993,0.215,2.0624,0.388,1.2692,-0.3318,2.0704,0.0419,1.311,-0.2023,0.742,0.1716,0.5543,-0.3919,0.9995,-0.3659
1.2881,0.2153,2.1218,0.3347,1.0737,-0.292,2.0399,0.0373,1.2975,-0.1829,0.7519,0.1573,0.5543,-0.3919,0.9879,-0.349
1.2881,0.2153,2.1218,0.3347,1.0737,-0.292,2.0399,0.0373,1.2975,-0.1829,0.7519,0.1573,0.5543,-0.3919,0.9879,-0.349
1.3486,0.168,2.092,0.3776,1.0737,-0.292,2.0762,0.0092,1.5449,-0.2702,0.8041,0.1174,0.4785,-0.312,0.9947,-0.3132
1.3486,0.168,2.092,0.3776,1.0737,-0.292,2.0762,0.0092,1.5449,-0.2702,0.8041,0.1174,0.4785,-0.312,0.9947,-0.3132
1.3486,0.168,2.092,0.3776,1.0737,-0.292,2.0762,0.0092,1.5449,-0.2702,0.8041,0.1174,0.4785,-0.312,0.9947,-0.3132
1.4589,0.129,2.0522,0.4349,1.1207,-0.2794,2.1208,-0.0066,1.6977,-0.3096,0.8267,0.1201,0.4622,-0.2884,1.1095,-0.341
1.4589,0.129,2.0522,0.4349,1.1207,-0.2794,2.1208,-0.0066,1.6977,-0.3096,0.8267,0.1201,0.4622,-0.2884,1.1095,-0.341
1.5208,0.1201,2.0027,0.4742,1.1679,-0.2667,2.1361,-0.0043,1.7542,-0.3001,0.8168,0.1344,0.4622,-0.2884,1.3217,-0.416
1.5208,0.1201,2.0027,0.4742,1.1679,-0.2667,2.1361,-0.0043,1.7542,-0.3001,0.8168,0.1344,0.4622,-0.2884,1.3217,-0.416
1.5459,0.1242,1.9435,0.4951,1.4936,-0.4111,2.1138,0.0036,1.6864,-0.2024,0.8395,0.1371,0.4435,-0.2907,1.4811,-0.4595
1.534,0.1414,1.914,0.5055,1.8453,-0.506,2.1067,0.0137,1.5484,-0.0943,0.8069,0.1486,0.4248,-0.293,1.524,-0.4746
1.534,0.1414,1.914,0.5055,1.8453,-0.506,2.1067,0.0137,1.5484,-0.0943,0.8069,0.1486,0.4248,-0.293,1.524,-0.4746
1.534,0.1414,1.914,0.5055,1.8453,-0.506,2.1067,0.0137,1.5484,-0.0943,0.8069,0.1486,0.4248,-0.293,1.524,-0.4746
1.522,0.1586,1.8849,0.4832,2.0521,-0.6377,2.0692,0.0193,1.4514,-0.0452,0.7843,0.1458,0.4143,-0.307,1.4029,-0.3934
1.522,0.1586,1.8849,0.4832,2.0521,-0.6377,2.0692,0.0193,1.4514,-0.0452,0.7843,0.1458,0.4143,-0.307,1.4029,-0.3934
1.46,0.1675,1.9048,0.4545,1.9755,-0.6106,2.0165,0.0226,1.3403,-0.0653,0.7491,0.1261,0.3746,-0.3372,1.1778,-0.301
1.46,0.1675,1.9048,0.4545,1.9755,-0.6106,2.0165,0.0226,1.3403,-0.0653,0.7491,0.1261,0.3746,-0.3372,1.1778,-0.301
1.4708,0.1118,1.9151,0.4077,1.6444,-0.4644,1.9781,0.0057,1.2435,-0.105,0.8533,0.0464,0.3165,-0.3696,0.9359,-0.2284
1.4708,0.1118,1.9151,0.4077,1.6444,-0.4644,1.9781,0.0057,1.2435,-0.105,0.8533,0.0464,0.3165,-0.3696,0.9359,-0.2284
1.5684,0.0515,1.9448,0.3649,1.3647,-0.3068,1.9548,-0.009,1.2841,-0.1634,0.9152,-0.0075,0.2794,-0.3741,0.8336,-0.2179
1.5684,0.0515,1.9448,0.3649,1.3647,-0.3068,1.9548,-0.009,1.2841,-0.1634,0.9152,-0.0075,0.2794,-0.3741,0.8336,-0.2179
1.6662,-0.0089,1.9252,0.3611,1.1409,-0.2278,1.9607,-0.0414,1.3521,-0.2168,0.9281,0.0093,0.261,-0.3764,0.8153,-0.2371
1.6662,-0.0089,1.9252,0.3611,1.1409,-0.2278,1.9607,-0.0414,1.3521,-0.2168,0.9281,0.0093,0.261,-0.3764,0.8153,-0.2371
1.678,-0.026,1.9058,0.3572,0.9462,-0.1884,2.0037,-0.0794,1.3521,-0.2168,0.8661,0.0633,0.261,-0.3764,0.8388,-0.2709
1.5803,0.0344,1.8472,0.3779,0.8996,-0.2012,2.0327,-0.0973,1.3662,-0.1925,0.8366,0.1059,0.2448,-0.3531,0.8923,-0.3025
1.5803,0.0344,1.8472,0.3779,0.8996,-0.2012,2.0327,-0.0973,1.3662,-0.1925,0.8366,0.1059,0.2448,-0.3531,0.8923,-0.3025
1.5803,0.0344,1.8472,0.3779,0.8996,-0.2012,2.0327,-0.0973,1.3662,-0.1925,0.8366,0.1059,0.2448,-0.3531,0.8923,-0.3025
1.4578,0.0906,1.8278,0.374,0.8604,-0.304,1.9804,-0.0939,1.3527,-0.173,0.7942,0.1316,0.3246,-0.3813,0.9761,-0.3322
1.4578,0.0906,1.8278,0.374,0.8604,-0.304,1.9804,-0.0939,1.3527,-0.173,0.7942,0.1316,0.3246,-0.3813,0.9761,-0.3322
1.4578,0.0906,1.8278,0.374,0.8604,-0.304,1.9804,-0.0939,1.3527,-0.173,0.7942,0.1316,0.3246,-0.3813,0.9761,-0.3322
1.2607,0.0957,1.7894,0.3341,0.7292,-0.4306,1.8472,-0.0695,1.3804,-0.1681,0.7843,0.1458,0.4232,-0.4073,1.0182,-0.347
1.2607,0.0957,1.7894,0.3341,0.7292,-0.4306,1.8472,-0.0695,1.3804,-0.1681,0.7843,0.1458,0.4232,-0.4073,1.0182,-0.347
1.1264,0.0919,1.8188,0.2917,0.664,-0.4932,1.7586,-0.0609,1.3527,-0.173,0.8041,0.1174,0.4499,-0.4168,1.0299,-0.3639
1.1138,0.0707,1.8188,0.2917,0.5924,-0.4679,1.6853,-0.05,1.3386,-0.1974,0.7914,0.1004,0.3989,-0.3723,0.9576,-0.351
1.1138,0.0707,1.8188,0.2917,0.5924,-0.4679,1.6853,-0.05,1.3386,-0.1974,0.7914,0.1004,0.3989,-0.3723,0.9576,-0.351
1.1246,0.0159,1.7603,0.3444,0.521,-0.4427,1.6408,-0.0569,1.4344,-0.2459,0.7688,0.0977,0.3641,-0.3512,0.9274,-0.3531
1.1246,0.0159,1.7603,0.3444,0.521,-0.4427,1.6408,-0.0569,1.4344,-0.2459,0.7688,0.0977,0.3641,-0.3512,0.9274,-0.3531
1.1363,-0.0009,1.721,0.4011,0.5924,-0.4679,1.6112,-0.0614,1.5304,-0.2944,0.7041,0.1205,0.2841,-0.3229,0.9809,-0.3847
1.1363,-0.0009,1.721,0.4011,0.5924,-0.4679,1.6112,-0.0614,1.5304,-0.2944,0.7041,0.1205,0.2841,-0.3229,0.9809,-0.3847
1.1363,-0.0009,1.721,0.4011,0.5924,-0.4679,1.6112,-0.0614,1.5304,-0.2944,0.7041,0.1205,0.2841,-0.3229,0.9809,-0.3847
1.1723,-0.0137,1.7012,0.4295,0.7097,-0.4809,1.6398,-0.0791,1.5025,-0.2992,0.6817,0.1178,0.2471,-0.3275,1.1186,-0.446
1.1723,-0.0137,1.7012,0.4295,0.7097,-0.4809,1.6398,-0.0791,1.5025,-0.2992,0.6817,0.1178,0.2471,-0.3275,1.1186,-0.446
1.1723,-0.0137,1.7012,0.4295,0.7097,-0.4809,1.6398,-0.0791,1.5025,-0.2992,0.6817,0.1178,0.2471,-0.3275,1.1186,-0.446
1.1363,-0.0009,1.6338,0.4318,1.0979,-0.6465,1.6673,-0.1188,1.3527,-0.173,0.6468,0.098,0.2264,-0.3554,1.3843,-0.5526
1.1119,-0.005,1.5765,0.42,1.3178,-0.7242,1.623,-0.1255,1.2435,-0.105,0.6244,0.0953,0.216,-0.3693,1.3534,-0.5543
1.1119,-0.005,1.5765,0.42,1.3178,-0.7242,1.623,-0.1255,1.2435,-0.105,0.6244,0.0953,0.216,-0.3693,1.3534,-0.5543
1.1119,-0.005,1.5765,0.42,1.3178,-0.7242,1.623,-0.1255,1.2435,-0.105,0.6244,0.0953,0.216,-0.3693,1.3534,-0.5543
1.0274,-0.0006,1.5102,0.3901,1.4436,-0.8254,1.5504,-0.1148,1.1478,-0.1006,0.5576,0.0869,0.1873,-0.3854,1.203,-0.4759
1.0274,-0.0006,1.5102,0.3901,1.4436,-0.8254,1.5504,-0.1148,1.1478,-0.1006,0.5576,0.0869,0.1873,-0.3854,1.203,-0.4759
1.0274,-0.0006,1.5102,0.3901,1.4436,-0.8254,1.5504,-0.1148,1.1478,-0.1006,0.5576,0.0869,0.1873,-0.3854,1.203,-0.4759
0.955,-0.013,1.4631,0.3642,1.2231,-0.7475,1.5063,-0.1216,0.9848,-0.1309,0.4787,0.0618,0.0854,-0.4106,0.9205,-0.3887
0.955,-0.013,1.4631,0.3642,1.2231,-0.7475,1.5063,-0.1216,0.9848,-0.1309,0.4787,0.0618,0.0854,-0.4106,0.9205,-0.3887
1.0866,-0.0468,1.5497,0.3018,0.8408,-0.355,1.4995,-0.1118,0.7303,-0.2005,0.512,-0.0555,-0.1199,-0.3989,0.5643,-0.326
1.0866,-0.0468,1.5497,0.3018,0.8408,-0.355,1.4995,-0.1118,0.7303,-0.2005,0.512,-0.0555,-0.1199,-0.3989,0.5643,-0.326
1.268,-0.0729,1.6357,0.3032,0.8532,-0.2141,1.5876,-0.0981,0.7834,-0.2337,0.5341,-0.0528,-0.1018,-0.3966,0.5232,-0.3115
1.268,-0.0729,1.6357,0.3032,0.8532,-0.2141,1.5876,-0.0981,0.7834,-0.2337,0.5341,-0.0528,-0.1018,-0.3966,0.5232,-0.3115
1.268,-0.0729,1.6357,0.3032,0.8532,-0.2141,1.5876,-0.0981,0.7834,-0.2337,0.5341,-0.0528,-0.1018,-0.3966,0.5232,-0.3115
1.4278,-0.0657,1.7315,0.3225,0.9658,-0.1365,1.7713,-0.103,0.9433,-0.2902,0.5494,-0.0055,-0.0737,-0.3805,0.6054,-0.3406
1.4278,-0.0657,1.7315,0.3225,0.9658,-0.1365,1.7713,-0.103,0.9433,-0.2902,0.5494,-0.0055,-0.0737,-0.3805,0.6054,-0.3406
1.5288,-0.0118,1.8573,0.3315,1.1611,-0.1759,2.0012,-0.1239,1.0645,-0.2897,0.5354,0.0842,0.0089,-0.3574,0.7358,-0.3488
1.5288,-0.0118,1.8573,0.3315,1.1611,-0.1759,2.0012,-0.1239,1.0645,-0.2897,0.5354,0.0842,0.0089,-0.3574,0.7358,-0.3488
1.5949,0.0939,2.0036,0.3441,1.3038,-0.1373,2.2271,-0.1356,1.1593,-0.2943,0.5727,0.1349,0.1001,-0.3459,0.8788,-0.374
1.5949,0.0939,2.0036,0.3441,1.3038,-0.1373,2.2271,-0.1356,1.1593,-0.2943,0.5727,0.1349,0.1001,-0.3459,0.8788,-0.374
1.6491,0.2183,2.092,0.3776,1.4754,-0.1383,2.3954,-0.1341,1.2412,-0.2797,0.6075,0.1547,0.1918,-0.3344,0.939,-0.3699
1.6491,0.2183,2.092,0.3776,1.4754,-0.1383,2.3954,-0.1341,1.2412,-0.2797,0.6075,0.1547,0.1918,-0.3344,0.939,-0.3699
1.6491,0.2183,2.092,0.3776,1.4754,-0.1383,2.3954,-0.1341,1.2412,-0.2797,0.6075,0.1547,0.1918,-0.3344,0.939,-0.3699
1.6491,0.2183,2.092,0.3776,1.4754,-0.1383,2.3954,-0.1341,1.2412,-0.2797,0.6075,0.1547,0.1918,-0.3344,0.939,-0.3699
1.6491,0.2183,2.092,0.3776,1.4754,-0.1383,2.3954,-0.1341,1.2412,-0.2797,0.6075,0.1547,0.1918,-0.3344,0.939,-0.3699
1.6524,0.3358,2.1908,0.4294,1.6764,-0.1794,2.4479,-0.0377,1.4074,-0.207,0.7745,0.1601,0.4924,-0.3612,1.0555,-0.3091
1.6524,0.3358,2.1908,0.4294,1.6764,-0.1794,2.4479,-0.0377,1.4074,-0.207,0.7745,0.1601,0.4924,-0.3612,1.0555,-0.3091
1.5886,0.3054,2.2307,0.4045,1.6061,-0.2442,2.3446,0.0373,1.4495,-0.1778,0.797,0.1629,0.6379,-0.3949,1.0929,-0.2711
1.5745,0.2447,2.3105,0.3545,1.5362,-0.3085,2.2698,0.0715,1.4638,-0.1533,0.8423,0.1684,0.73,-0.4097,1.1423,-0.2499
1.5745,0.2447,2.3105,0.3545,1.5362,-0.3085,2.2698,0.0715,1.4638,-0.1533,0.8423,0.1684,0.73,-0.4097,1.1423,-0.2499
1.5745,0.2447,2.3105,0.3545,1.5362,-0.3085,2.2698,0.0715,1.4638,-0.1533,0.8423,0.1684,0.73,-0.4097,1.1423,-0.2499
1.6106,0.1926,2.3705,0.3333,1.5634,-0.3476,2.2473,0.0794,1.5052,-0.168,0.9502,0.1196,0.7246,-0.3722,1.173,-0.2479
1.6106,0.1926,2.3705,0.3333,1.5634,-0.3476,2.2473,0.0794,1.5052,-0.168,0.9502,0.1196,0.7246,-0.3722,1.173,-0.2479
1.6106,0.1926,2.3705,0.3333,1.5634,-0.3476,2.2473,0.0794,1.5052,-0.168,0.9502,0.1196,0.7246,-0.3722,1.173,-0.2479
1.6972,0.1489,2.3507,0.4275,1.6607,-0.3229,2.2994,0.0533,1.7542,-0.3001,0.9601,0.1053,0.5833,-0.2867,1.2085,-0.299
1.6972,0.1489,2.3507,0.4275,1.6607,-0.3229,2.2994,0.0533,1.7542,-0.3001,0.9601,0.1053,0.5833,-0.2867,1.2085,-0.299
1.7105,0.1704,2.3506,0.4603,1.808,-0.2857,2.322,0.0453,1.7974,-0.2712,0.9502,0.1196,0.5562,-0.2771,1.3365,-0.3443
1.7854,0.1439,2.4009,0.4535,2.1673,-0.3828,2.3743,0.0191,1.7294,-0.1731,0.9631,0.1366,0.5292,-0.2676,1.4651,-0.3897
1.7854,0.1439,2.4009,0.4535,2.1673,-0.3828,2.3743,0.0191,1.7294,-0.1731,0.9631,0.1366,0.5292,-0.2676,1.4651,-0.3897
1.7854,0.1439,2.4009,0.4535,2.1673,-0.3828,2.3743,0.0191,1.7294,-0.1731,0.9631,0.1366,0.5292,-0.2676,1.4651,-0.3897
1.748,0.1571,2.4312,0.4428,2.3747,-0.4261,2.404,0.0009,1.6601,-0.1189,0.9403,0.1338,0.5267,-0.2934,1.4222,-0.3745
1.748,0.1571,2.4312,0.4428,2.3747,-0.4261,2.404,0.0009,1.6601,-0.1189,0.9403,0.1338,0.5267,-0.2934,1.4222,-0.3745
1.6972,0.1489,2.4513,0.4138,2.3237,-0.438,2.3885,-0.0013,1.4781,-0.1288,0.9145,0.0999,0.4679,-0.326,1.2085,-0.299
1.6972,0.1489,2.4513,0.4138,2.3237,-0.438,2.3885,-0.0013,1.4781,-0.1288,0.9145,0.0999,0.4679,-0.326,1.2085,-0.299
1.6466,0.1407,2.4714,0.3848,2.1673,-0.3828,2.3885,-0.0013,1.3392,-0.1535,0.9638,0.0288,0.4176,-0.3701,1.0084,-0.2412
1.6705,0.1062,2.421,0.3917,1.9292,-0.2086,2.3729,-0.0036,1.1336,-0.1689,1.0357,-0.0394,0.3859,-0.4117,0.8219,-0.201
1.6705,0.1062,2.421,0.3917,1.9292,-0.2086,2.3729,-0.0036,1.1336,-0.1689,1.0357,-0.0394,0.3859,-0.4117,0.8219,-0.201
1.6705,0.1062,2.421,0.3917,1.9292,-0.2086,2.3729,-0.0036,1.1336,-0.1689,1.0357,-0.0394,0.3859,-0.4117,0.8219,-0.201
1.8079,0.0706,2.4009,0.4206,1.818,-0.0482,2.3885,-0.0013,1.1064,-0.1738,1.1011,-0.0625,0.3859,-0.4117,0.8336,-0.2179
1.8079,0.0706,2.4009,0.4206,1.818,-0.0482,2.3885,-0.0013,1.1064,-0.1738,1.1011,-0.0625,0.3859,-0.4117,0.8336,-0.2179
1.8949,0.0269,2.3607,0.4458,1.7406,-0.0209,2.4111,-0.0093,1.2285,-0.217,1.1045,-0.0316,0.407,-0.384,0.8336,-0.2179
1.9463,0.0348,2.3306,0.4564,1.7126,0.0194,2.5246,-0.0494,1.3103,-0.2459,1.0453,0.0536,0.4443,-0.3795,0.8638,-0.2158
1.9463,0.0348,2.3306,0.4564,1.7126,0.0194,2.5246,-0.0494,1.3103,-0.2459,1.0453,0.0536,0.4443,-0.3795,0.8638,-0.2158
1.9463,0.0348,2.3306,0.4564,1.7126,0.0194,2.5246,-0.0494,1.3103,-0.2459,1.0453,0.0536,0.4443,-0.3795,0.8638,-0.2158
1.8982,0.1041,2.3306,0.4564,1.8955,-0.0756,2.5929,-0.0736,1.4478,-0.2652,1.0287,0.1134,0.4736,-0.3634,1.032,-0.2752
1.8982,0.1041,2.3306,0.4564,1.8955,-0.0756,2.5929,-0.0736,1.4478,-0.2652,1.0287,0.1134,0.4736,-0.3634,1.032,-0.2752
1.7868,0.1828,2.3105,0.4526,2.0291,-0.1835,2.5858,-0.0634,1.4622,-0.241,0.9432,0.1652,0.5543,-0.3919,1.1706,-0.337
1.6478,0.1794,2.2906,0.416,1.8574,-0.2733,2.4792,-0.0334,1.4487,-0.2216,0.9105,0.1768,0.6812,-0.4279,1.2674,-0.384
1.6478,0.1794,2.2906,0.416,1.8574,-0.2733,2.4792,-0.0334,1.4487,-0.2216,0.9105,0.1768,0.6812,-0.4279,1.2674,-0.384
1.6478,0.1794,2.2906,0.416,1.8574,-0.2733,2.4792,-0.0334,1.4487,-0.2216,0.9105,0.1768,0.6812,-0.4279,1.2674,-0.384
1.485,0.1717,2.3105,0.3545,1.6335,-0.2836,2.3871,-0.024,1.4209,-0.2264,0.8749,0.1569,0.7246,-0.4609,1.2059,-0.3878
1.485,0.1717,2.3105,0.3545,1.6335,-0.2836,2.3871,-0.024,1.4209,-0.2264,0.8749,0.1569,0.7246,-0.4609,1.2059,-0.3878
1.485,0.1717,2.3105,0.3545,1.6335,-0.2836,2.3871,-0.024,1.4209,-0.2264,0.8749,0.1569,0.7246,-0.4609,1.2059,-0.3878
1.4351,0.1634,2.3505,0.3296,1.5575,-0.2567,2.3264,-0.0102,1.3797,-0.2119,0.8621,0.1399,0.6812,-0.4279,1.1942,-0.3709
1.4351,0.1634,2.3505,0.3296,1.5575,-0.2567,2.3264,-0.0102,1.3797,-0.2119,0.8621,0.1399,0.6812,-0.4279,1.1942,-0.3709
1.4708,0.1118,2.3205,0.3402,1.4336,-0.2426,2.3026,-0.0248,1.4756,-0.2604,0.8819,0.1114,0.6027,-0.3736,1.1518,-0.3559
1.4708,0.1118,2.3205,0.3402,1.4336,-0.2426,2.3026,-0.0248,1.4756,-0.2604,0.8819,0.1114,0.6027,-0.3736,1.1518,-0.3559
1.4708,0.1118,2.3205,0.3402,1.4336,-0.2426,2.3026,-0.0248,1.4756,-0.2604,0.8819,0.1114,0.6027,-0.3736,1.1518,-0.3559
1.5315,0.0645,2.2307,0.4045,1.5091,-0.2693,2.3012,-0.0474,1.6977,-0.3096,0.9145,0.0999,0.4948,-0.3355,1.3217,-0.416
1.5315,0.0645,2.2307,0.4045,1.5091,-0.2693,2.3012,-0.0474,1.6977,-0.3096,0.9145,0.0999,0.4948,-0.3355,1.3217,-0.416
1.5566,0.0686,2.2008,0.415,1.8133,-0.3768,2.2717,-0.0293,1.6436,-0.2316,0.8819,0.1114,0.4842,-0.3494,1.4382,-0.4443
1.5566,0.0686,2.2008,0.415,1.8133,-0.3768,2.2717,-0.0293,1.6436,-0.2316,0.8819,0.1114,0.4842,-0.3494,1.4382,-0.4443
1.4946,0.0776,2.1314,0.4178,1.9442,-0.4822,2.2044,-0.0055,1.5612,-0.1582,0.8493,0.1229,0.4736,-0.3634,1.4147,-0.4104
1.4946,0.0776,2.1314,0.4178,1.9442,-0.4822,2.2044,-0.0055,1.5612,-0.1582,0.8493,0.1229,0.4736,-0.3634,1.4147,-0.4104
1.4946,0.0776,2.1314,0.4178,1.9442,-0.4822,2.2044,-0.0055,1.5612,-0.1582,0.8493,0.1229,0.4736,-0.3634,1.4147,-0.4104
1.4815,0.0564,2.1315,0.3853,1.9442,-0.4822,2.1514,-0.0021,1.4359,-0.1582,0.8464,0.0917,0.4257,-0.3818,1.2864,-0.3651
1.4815,0.0564,2.1315,0.3853,1.9442,-0.4822,2.1514,-0.0021,1.4359,-0.1582,0.8464,0.0917,0.4257,-0.3818,1.2864,-0.3651
1.4815,0.0564,2.1315,0.3853,1.9442,-0.4822,2.1514,-0.0021,1.4359,-0.1582,0.8464,0.0917,0.4257,-0.3818,1.2864,-0.3651
1.5907,-0.0208,2.1514,0.3242,1.5302,-0.2173,2.089,-0.0335,1.3379,-0.241,0.9477,-0.019,0.3117,-0.4206,0.983,-0.2963
1.5907,-0.0208,2.1514,0.3242,1.5302,-0.2173,2.089,-0.0335,1.3379,-0.241,0.9477,-0.019,0.3117,-0.4206,0.983,-0.2963
1.6882,-0.081,2.1119,0.3166,1.3311,-0.1767,2.0504,-0.0503,1.4057,-0.2942,0.9575,-0.0331,0.2932,-0.4228,0.9225,-0.3004
1.7118,-0.1149,2.0823,0.3271,1.2085,-0.1631,2.0644,-0.0705,1.4747,-0.304,0.9085,0.0376,0.3117,-0.4206,0.9761,-0.3322
1.7118,-0.1149,2.0823,0.3271,1.2085,-0.1631,2.0644,-0.0705,1.4747,-0.304,0.9085,0.0376,0.3117,-0.4206,0.9761,-0.3322
1.6143,-0.0549,2.0528,0.3375,1.0397,-0.1626,2.1297,-0.1163,1.4612,-0.2846,0.8592,0.1086,0.3302,-0.4184,1.0299,-0.3639
1.6143,-0.0549,2.0528,0.3375,1.0397,-0.1626,2.1297,-0.1163,1.4612,-0.2846,0.8592,0.1086,0.3302,-0.4184,1.0299,-0.3639
1.6143,-0.0549,2.0528,0.3375,1.0397,-0.1626,2.1297,-0.1163,1.4612,-0.2846,0.8592,0.1086,0.3302,-0.4184,1.0299,-0.3639
1.4934,0.0393,2.0134,0.3622,1.0668,-0.2016,2.1589,-0.1342,1.4066,-0.2507,0.8069,0.1486,0.3036,-0.409,1.0415,-0.3807
1.4934,0.0393,2.0134,0.3622,1.0668,-0.2016,2.1589,-0.1342,1.4066,-0.2507,0.8069,0.1486,0.3036,-0.409,1.0415,-0.3807
1.395,0.0611,2.0135,0.3299,1.1744,-0.3568,2.1144,-0.1185,1.4209,-0.2264,0.7745,0.1601,0.3754,-0.4256,1.1258,-0.4105
1.395,0.0611,2.0135,0.3299,1.1744,-0.3568,2.1144,-0.1185,1.4209,-0.2264,0.7745,0.1601,0.3754,-0.4256,1.1258,-0.4105
1.395,0.0611,2.0135,0.3299,1.1744,-0.3568,2.1144,-0.1185,1.4209,-0.2264,0.7745,0.1601,0.3754,-0.4256,1.1258,-0.4105
1.2351,0.0535,1.9745,0.2901,1.1129,-0.5088,1.9873,-0.1039,1.3797,-0.2119,0.8168,0.1344,0.4635,-0.4655,1.1258,-0.4105
1.2351,0.0535,1.9745,0.2901,1.1129,-0.5088,1.9873,-0.1039,1.3797,-0.2119,0.8168,0.1344,0.4635,-0.4655,1.1258,-0.4105
1.2351,0.0535,1.9745,0.2901,1.1129,-0.5088,1.9873,-0.1039,1.3797,-0.2119,0.8168,0.1344,0.4635,-0.4655,1.1258,-0.4105
1.2351,0.0535,1.9745,0.2901,1.1129,-0.5088,1.9873,-0.1039,1.3797,-0.2119,0.8168,0.1344,0.4635,-0.4655,1.1258,-0.4105
1.0759,0.0077,1.9746,0.226,0.8539,-0.5318,1.8023,-0.0763,1.2835,-0.2072,0.8336,0.0748,0.4368,-0.4561,1.0953,-0.4124
1.0759,0.0077,1.9746,0.226,0.8539,-0.5318,1.8023,-0.0763,1.2835,-0.2072,0.8336,0.0748,0.4368,-0.4561,1.0953,-0.4124
1.1469,-0.0554,1.8865,0.3211,0.8738,-0.4817,1.7713,-0.103,1.4191,-0.3135,0.7757,0.0525,0.3036,-0.409,1.0462,-0.4331
1.1469,-0.0554,1.8865,0.3211,0.8738,-0.4817,1.7713,-0.103,1.4191,-0.3135,0.7757,0.0525,0.3036,-0.409,1.0462,-0.4331
1.1713,-0.0514,1.8573,0.3315,1.066,-0.521,1.7851,-0.1229,1.3781,-0.299,0.721,0.0612,0.2667,-0.4135,1.1535,-0.4963
1.1713,-0.0514,1.8573,0.3315,1.066,-0.521,1.7851,-0.1229,1.3781,-0.299,0.721,0.0612,0.2667,-0.4135,1.1535,-0.4963
1.1713,-0.0514,1.8379,0.3276,1.4082,-0.6131,1.8208,-0.1505,1.3237,-0.2652,0.6761,0.0557,0.2827,-0.4367,1.2189,-0.5447
1.1713,-0.0514,1.8379,0.3276,1.4082,-0.6131,1.8208,-0.1505,1.3237,-0.2652,0.6761,0.0557,0.2827,-0.4367,1.2189,-0.5447
1.1713,-0.0514,1.8379,0.3276,1.4082,-0.6131,1.8208,-0.1505,1.3237,-0.2652,0.6761,0.0557,0.2827,-0.4367,1.2189,-0.5447
1.1713,-0.0514,1.8379,0.3276,1.4082,-0.6131,1.8208,-0.1505,1.3237,-0.2652,0.6761,0.0557,0.2827,-0.4367,1.2189,-0.5447
1.2085,-0.0264,1.8573,0.3315,1.7557,-0.7071,1.8657,-0.1438,1.256,-0.2121,0.644,0.067,0.3253,-0.4692,1.1767,-0.5298
1.2085,-0.0264,1.8573,0.3315,1.7557,-0.7071,1.8657,-0.1438,1.256,-0.2121,0.644,0.067,0.3253,-0.4692,1.1767,-0.5298
1.3443,0.0149,2.0135,0.3299,1.9217,-0.533,2.0106,-0.0894,0.9846,-0.1745,0.6091,0.0475,0.2699,-0.4758,0.902,-0.4075
1.3443,0.0149,2.0135,0.3299,1.9217,-0.533,2.0106,-0.0894,0.9846,-0.1745,0.6091,0.0475,0.2699,-0.4758,0.902,-0.4075
1.3443,0.0149,2.0135,0.3299,1.9217,-0.533,2.0106,-0.0894,0.9846,-0.1745,0.6091,0.0475,0.2699,-0.4758,0.902,-0.4075
1.567,0.0132,2.1415,0.3385,1.8574,-0.2733,2.1183,-0.0515,0.944,-0.2037,0.7152,-0.0006,0.2883,-0.4736,0.7656,-0.3467
1.567,0.0132,2.1415,0.3385,1.8574,-0.2733,2.1183,-0.0515,0.944,-0.2037,0.7152,-0.0006,0.2883,-0.4736,0.7656,-0.3467
1.854,-0.0365,2.2507,0.3432,1.8241,-0.1413,2.2479,-0.0438,0.9976,-0.2371,0.7923,-0.0066,0.3278,-0.4438,0.8255,-0.3425
1.854,-0.0365,2.2507,0.3432,1.8241,-0.1413,2.2479,-0.0438,0.9976,-0.2371,0.7923,-0.0066,0.3278,-0.4438,0.8255,-0.3425
1.9941,-0.0341,2.3406,0.3765,1.818,-0.0482,2.4535,-0.0705,1.2139,-0.2846,0.8533,0.0464,0.4207,-0.4328,0.9459,-0.3342
1.9941,-0.0341,2.3406,0.3765,1.818,-0.0482,2.4535,-0.0705,1.2139,-0.2846,0.8533,0.0464,0.4207,-0.4328,0.9459,-0.3342
1.9941,-0.0341,2.3406,0.3765,1.818,-0.0482,2.4535,-0.0705,1.2139,-0.2846,0.8533,0.0464,0.4207,-0.4328,0.9459,-0.3342
2.0116,0.064,2.4412,0.3955,1.9454,-0.0628,2.6157,-0.0816,1.3504,-0.3038,0.8918,0.0971,0.4954,-0.424,1.1212,-0.3579
1.9891,0.1376,2.4715,0.4176,2.0235,-0.0904,2.6947,-0.0709,1.4747,-0.304,0.9076,0.1454,0.5705,-0.4153,1.2674,-0.384
1.9891,0.1376,2.4715,0.4176,2.0235,-0.0904,2.6947,-0.0709,1.4747,-0.304,0.9076,0.1454,0.5705,-0.4153,1.2674,-0.384
1.9392,0.1684,2.4715,0.4176,2.0013,-0.1434,2.6663,-0.0299,1.5035,-0.2556,0.9432,0.1652,0.7083,-0.4375,1.3601,-0.3783
1.9392,0.1684,2.4715,0.4176,2.0013,-0.1434,2.6663,-0.0299,1.5035,-0.2556,0.9432,0.1652,0.7083,-0.4375,1.3601,-0.3783
1.8757,0.1777,2.5422,0.3817,1.9292,-0.2086,2.6077,0.0296,1.5179,-0.2314,0.9432,0.1652,0.8361,-0.4738,1.4103,-0.3575
1.8757,0.1777,2.5422,0.3817,1.9292,-0.2086,2.6077,0.0296,1.5179,-0.2314,0.9432,0.1652,0.8361,-0.4738,1.4103,-0.3575
1.823,0.1306,2.5422,0.3817,1.962,-0.3401,2.5176,0.0848,1.5459,-0.2265,0.9432,0.1652,0.9646,-0.5103,1.4296,-0.3385
1.823,0.1306,2.5422,0.3817,1.962,-0.3401,2.5176,0.0848,1.5459,-0.2265,0.9432,0.1652,0.9646,-0.5103,1.4296,-0.3385
1.823,0.1306,2.5422,0.3817,1.962,-0.3401,2.5176,0.0848,1.5459,-0.2265,0.9432,0.1652,0.9646,-0.5103,1.4296,-0.3385
1.6586,0.1234,2.5824,0.3238,1.6879,-0.3621,2.4335,0.1067,1.4765,-0.2167,0.9631,0.1366,0.9728,-0.5221,1.4415,-0.3556
1.6453,0.1021,2.7142,0.2663,1.6391,-0.3743,2.3867,0.0999,1.4487,-0.2216,0.9829,0.108,0.918,-0.5027,1.3675,-0.3424
1.6453,0.1021,2.7142,0.2663,1.6391,-0.3743,2.3867,0.0999,1.4487,-0.2216,0.9829,0.108,0.918,-0.5027,1.3675,-0.3424
1.7317,0.0586,2.7853,0.2303,1.612,-0.3352,2.401,0.0793,1.49,-0.2362,1.0584,0.0705,0.8662,-0.4578,1.3793,-0.3594
1.7317,0.0586,2.7853,0.2303,1.612,-0.3352,2.401,0.0793,1.49,-0.2362,1.0584,0.0705,0.8662,-0.4578,1.3793,-0.3594
1.8319,0.0362,2.7858,0.2628,1.6823,-0.2711,2.4308,0.061,1.5583,-0.2897,1.0782,0.042,0.7409,-0.3958,1.3055,-0.3462
1.8319,0.0362,2.7858,0.2628,1.6823,-0.2711,2.4308,0.061,1.5583,-0.2897,1.0782,0.042,0.7409,-0.3958,1.3055,-0.3462
1.8319,0.0362,2.7858,0.2628,1.6823,-0.2711,2.4308,0.061,1.5583,-0.2897,1.0782,0.042,0.7409,-0.3958,1.3055,-0.3462
1.8949,0.0269,2.7456,0.3207,1.7039,-0.219,2.4536,0.053,1.7798,-0.3825,1.088,0.0278,0.662,-0.3412,1.2629,-0.3311
1.8949,0.0269,2.7456,0.3207,1.7039,-0.219,2.4536,0.053,1.7798,-0.3825,1.088,0.0278,0.662,-0.3412,1.2629,-0.3311
1.8949,0.0269,2.7456,0.3207,1.7039,-0.219,2.4536,0.053,1.7798,-0.3825,1.088,0.0278,0.662,-0.3412,1.2629,-0.3311
1.9343,0.0521,2.5936,0.5066,1.8518,-0.1812,2.5219,0.0288,2.1586,-0.5164,1.0782,0.042,0.5701,-0.3265,1.3291,-0.3802
1.9343,0.0521,2.5936,0.5066,1.8518,-0.1812,2.5219,0.0288,2.1586,-0.5164,1.0782,0.042,0.5701,-0.3265,1.3291,-0.3802
1.9343,0.0521,2.5936,0.5066,1.8518,-0.1812,2.5219,0.0288,2.1586,-0.5164,1.0782,0.042,0.5701,-0.3265,1.3291,-0.3802
1.936,0.0907,2.5427,0.5801,1.9513,-0.156,2.5833,0.0149,2.172,-0.5357,1.0157,0.0964,0.5594,-0.3405,1.4147,-0.4104
1.936,0.0907,2.5427,0.5801,1.9513,-0.156,2.5833,0.0149,2.172,-0.5357,1.0157,0.0964,0.5594,-0.3405,1.4147,-0.4104
1.9119,0.1254,2.5427,0.5801,2.0013,-0.1434,2.6291,-0.0013,2.0605,-0.4671,0.9631,0.1366,0.5487,-0.3545,1.5866,-0.4712
1.9119,0.1254,2.5427,0.5801,2.0013,-0.1434,2.6291,-0.0013,2.0605,-0.4671,0.9631,0.1366,0.5487,-0.3545,1.5866,-0.4712
1.8998,0.1428,2.5631,0.5506,2.2362,-0.2264,2.675,-0.0175,1.9086,-0.34,0.9859,0.1393,0.5487,-0.3545,1.748,-0.5154
1.8998,0.1428,2.5631,0.5506,2.2362,-0.2264,2.675,-0.0175,1.9086,-0.34,0.9859,0.1393,0.5487,-0.3545,1.748,-0.5154
1.9134,0.1643,2.6141,0.5105,2.7373,-0.3426,2.7138,-0.0234,1.7283,-0.2172,0.9532,0.1509,0.592,-0.3875,1.7915,-0.5307
1.8998,0.1428,2.6752,0.4557,2.9267,-0.44,2.7209,-0.0337,1.631,-0.168,0.9631,0.1366,0.6352,-0.4205,1.7244,-0.4813
1.8998,0.1428,2.6752,0.4557,2.9267,-0.44,2.7209,-0.0337,1.631,-0.168,0.9631,0.1366,0.6352,-0.4205,1.7244,-0.4813
1.8862,0.1214,2.6955,0.4264,2.8707,-0.3592,2.7051,-0.0359,1.4359,-0.1582,0.9798,0.0768,0.6299,-0.4716,1.5199,-0.4219
1.8862,0.1214,2.6955,0.4264,2.8707,-0.3592,2.7051,-0.0359,1.4359,-0.1582,0.9798,0.0768,0.6299,-0.4716,1.5199,-0.4219
1.9223,0.0694,2.6646,0.4043,2.5727,-0.1927,2.6505,-0.0321,1.2565,-0.1684,1.0291,0.0057,0.5787,-0.515,1.2556,-0.367
1.9223,0.0694,2.6646,0.4043,2.5727,-0.1927,2.6505,-0.0321,1.2565,-0.1684,1.0291,0.0057,0.5787,-0.515,1.2556,-0.367
2.0217,0.0081,2.6035,0.4259,2.305,-0.0673,2.6347,-0.0343,1.2151,-0.1977,1.0717,-0.02,0.56,-0.5171,1.0977,-0.324
2.0217,0.0081,2.6035,0.4259,2.305,-0.0673,2.6347,-0.0343,1.2151,-0.1977,1.0717,-0.02,0.56,-0.5171,1.0977,-0.324
2.0079,-0.013,2.5627,0.4183,2.1242,-0.0649,2.686,-0.0833,1.2285,-0.217,1.0651,0.0252,0.5519,-0.5055,1.0368,-0.3281
1.9206,0.0309,2.5221,0.4107,2.0738,-0.0776,2.7002,-0.1037,1.2962,-0.27,1.0027,0.0795,0.5251,-0.496,1.0485,-0.345
1.9206,0.0309,2.5221,0.4107,2.0738,-0.0776,2.7002,-0.1037,1.2962,-0.27,1.0027,0.0795,0.5251,-0.496,1.0485,-0.345
1.7944,0.0494,2.4814,0.3703,1.8737,-0.1286,2.6457,-0.0999,1.3781,-0.299,0.9829,0.108,0.5975,-0.5128,1.1024,-0.3768
1.7944,0.0494,2.4814,0.3703,1.8737,-0.1286,2.6457,-0.0999,1.3781,-0.299,0.9829,0.108,0.5975,-0.5128,1.1024,-0.3768
1.7944,0.0494,2.4814,0.3703,1.8737,-0.1286,2.6457,-0.0999,1.3781,-0.299,0.9829,0.108,0.5975,-0.5128,1.1024,-0.3768
1.6187,0.0596,2.471,0.3195,1.6764,-0.1794,2.5301,-0.0822,1.3504,-0.3038,0.9046,0.1141,0.6325,-0.534,1.0836,-0.3956
1.6187,0.0596,2.471,0.3195,1.6764,-0.1794,2.5301,-0.0822,1.3504,-0.3038,0.9046,0.1141,0.6325,-0.534,1.0836,-0.3956
1.6187,0.0596,2.471,0.3195,1.6764,-0.1794,2.5301,-0.0822,1.3504,-0.3038,0.9046,0.1141,0.6325,-0.534,1.0836,-0.3956
1.4815,0.0564,2.4307,0.3121,1.5302,-0.2173,2.4379,-0.0727,1.3914,-0.3183,0.8918,0.0971,0.6352,-0.5086,1.1258,-0.4105
1.4435,0.0312,2.3705,0.3333,1.4336,-0.2426,2.4139,-0.0872,1.5148,-0.3619,0.9016,0.0829,0.611,-0.4737,1.1258,-0.4105
1.4553,0.0141,2.3306,0.3583,1.5362,-0.3085,2.3758,-0.0814,1.584,-0.3717,0.8789,0.0802,0.5841,-0.4642,1.2951,-0.4703
1.4553,0.0141,2.3306,0.3583,1.5362,-0.3085,2.3758,-0.0814,1.584,-0.3717,0.8789,0.0802,0.5841,-0.4642,1.2951,-0.4703
1.4671,-0.0029,2.2806,0.3651,1.8405,-0.416,2.3307,-0.0654,1.5718,-0.3091,0.8888,0.066,0.5384,-0.4568,1.3686,-0.4835
1.4671,-0.0029,2.2806,0.3651,1.8405,-0.416,2.3307,-0.0654,1.5718,-0.3091,0.8888,0.066,0.5384,-0.4568,1.3686,-0.4835
1.4671,-0.0029,2.2806,0.3651,1.8405,-0.416,2.3307,-0.0654,1.5718,-0.3091,0.8888,0.066,0.5384,-0.4568,1.3686,-0.4835
1.4789,-0.0199,2.2606,0.3613,2.0211,-0.5093,2.3082,-0.0575,1.5169,-0.275,0.8336,0.0748,0.5009,-0.4612,1.3334,-0.4329
1.4789,-0.0199,2.2606,0.3613,2.0211,-0.5093,2.3082,-0.0575,1.5169,-0.275,0.8336,0.0748,0.5009,-0.4612,1.3334,-0.4329
1.4789,-0.0199,2.2606,0.3613,2.0211,-0.5093,2.3082,-0.0575,1.5169,-0.275,0.8336,0.0748,0.5009,-0.4612,1.3334,-0.4329
1.4906,-0.0368,2.2407,0.3575,2.0711,-0.4974,2.2928,-0.0597,1.42,-0.2701,0.8307,0.0437,0.4343,-0.4814,1.2366,-0.3859
1.4906,-0.0368,2.2407,0.3575,2.0711,-0.4974,2.2928,-0.0597,1.42,-0.2701,0.8307,0.0437,0.4343,-0.4814,1.2366,-0.3859
1.4906,-0.0368,2.2407,0.3575,2.0711,-0.4974,2.2928,-0.0597,1.42,-0.2701,0.8307,0.0437,0.4343,-0.4814,1.2366,-0.3859
1.6496,-0.1058,2.2407,0.325,1.7587,-0.2981,2.2606,-0.0865,1.2679,-0.3182,0.9868,-0.0753,0.3203,-0.5197,0.9342,-0.3173
1.6496,-0.1058,2.2407,0.325,1.7587,-0.2981,2.2606,-0.0865,1.2679,-0.3182,0.9868,-0.0753,0.3203,-0.5197,0.9342,-0.3173
1.6378,-0.0888,2.2307,0.307,1.5302,-0.2173,2.2886,-0.1269,1.2679,-0.3182,0.9575,-0.0331,0.3283,-0.5312,0.9157,-0.3362
1.6378,-0.0888,2.2307,0.307,1.5302,-0.2173,2.2886,-0.1269,1.2679,-0.3182,0.9575,-0.0331,0.3283,-0.5312,0.9157,-0.3362
1.6025,-0.0379,2.2307,0.307,1.4818,-0.23,2.2956,-0.137,1.282,-0.2941,0.9281,0.0093,0.3203,-0.5197,0.9693,-0.3679
1.6025,-0.0379,2.2307,0.307,1.4818,-0.23,2.2956,-0.137,1.282,-0.2941,0.9281,0.0093,0.3203,-0.5197,0.9693,-0.3679
1.4291,-0.0279,2.2207,0.2567,1.3169,-0.3193,2.2048,-0.1277,1.3371,-0.2845,0.941,0.0261,0.4451,-0.5551,1.0649,-0.4144
1.4291,-0.0279,2.2207,0.2567,1.3169,-0.3193,2.2048,-0.1277,1.3371,-0.2845,0.941,0.0261,0.4451,-0.5551,1.0649,-0.4144
1.2938,-0.0311,2.2304,0.2104,1.1272,-0.3692,2.0922,-0.1107,1.2962,-0.27,0.941,0.0261,0.5331,-0.5949,1.0345,-0.4163
1.3055,-0.048,2.2107,0.2388,1.0802,-0.3817,2.0701,-0.1029,1.3095,-0.2893,0.9085,0.0376,0.5625,-0.5792,1.0462,-0.4331
1.3055,-0.048,2.2107,0.2388,1.0802,-0.3817,2.0701,-0.1029,1.3095,-0.2893,0.9085,0.0376,0.5625,-0.5792,1.0462,-0.4331
1.3055,-0.048,2.2107,0.2388,1.0802,-0.3817,2.0701,-0.1029,1.3095,-0.2893,0.9085,0.0376,0.5625,-0.5792,1.0462,-0.4331
1.3795,-0.0359,2.2307,0.307,1.2217,-0.3443,2.131,-0.094,1.4048,-0.3375,0.8759,0.0491,0.5305,-0.5329,1.0158,-0.4351
1.3795,-0.0359,2.2307,0.307,1.2217,-0.3443,2.131,-0.094,1.4048,-0.3375,0.8759,0.0491,0.5305,-0.5329,1.0158,-0.4351
1.5156,-0.0328,2.3105,0.3545,1.5904,-0.3866,2.2522,-0.0988,1.4736,-0.3473,0.8563,0.0775,0.5412,-0.5192,1.1841,-0.4945
1.5156,-0.0328,2.3105,0.3545,1.5904,-0.3866,2.2522,-0.0988,1.4736,-0.3473,0.8563,0.0775,0.5412,-0.5192,1.1841,-0.4945
1.567,0.0132,2.3506,0.3947,1.9668,-0.431,2.3828,-0.0915,1.4881,-0.3233,0.8691,0.0944,0.5895,-0.5012,1.3301,-0.5208
1.567,0.0132,2.3506,0.3947,1.9668,-0.431,2.3828,-0.0915,1.4881,-0.3233,0.8691,0.0944,0.5895,-0.5012,1.3301,-0.5208
1.567,0.0132,2.3506,0.3947,1.9668,-0.431,2.3828,-0.0915,1.4881,-0.3233,0.8691,0.0944,0.5895,-0.5012,1.3301,-0.5208
1.6795,0.0122,2.4714,0.3848,2.0619,-0.3156,2.4691,-0.0683,1.4469,-0.3087,0.9016,0.0829,0.6352,-0.5086,1.3377,-0.4853
1.6795,0.0122,2.4714,0.3848,2.0619,-0.3156,2.4691,-0.0683,1.4469,-0.3087,0.9016,0.0829,0.6352,-0.5086,1.3377,-0.4853
2.1214,-0.0531,2.6747,0.3897,2.1183,0.0294,2.6963,-0.0483,1.3371,-0.2845,1.0848,-0.0032,0.6299,-0.4716,1.3026,-0.4347
2.1214,-0.0531,2.6747,0.3897,2.1183,0.0294,2.6963,-0.0483,1.3371,-0.2845,1.0848,-0.0032,0.6299,-0.4716,1.3026,-0.4347
2.2015,-0.0031,2.7363,0.401,2.1405,0.0834,2.8219,-0.0539,1.4469,-0.3087,1.1011,0.0447,0.6596,-0.4556,1.4071,-0.4461
2.2015,-0.0031,2.7363,0.401,2.1405,0.0834,2.8219,-0.0539,1.4469,-0.3087,1.1011,0.0447,0.6596,-0.4556,1.4071,-0.4461
2.2015,-0.0031,2.7363,0.401,2.1405,0.0834,2.8219,-0.0539,1.4469,-0.3087,1.1011,0.0447,0.6596,-0.4556,1.4071,-0.4461
2.2015,-0.0031,2.7363,0.401,2.1405,0.0834,2.8219,-0.0539,1.4469,-0.3087,1.1011,0.0447,0.6596,-0.4556,1.4071,-0.4461
2.1915,0.0529,2.7468,0.4193,2.169,0.0424,2.902,-0.0433,1.5438,-0.3138,1.0944,0.0902,0.7327,-0.4726,1.4693,-0.4425
2.1915,0.0529,2.7468,0.4193,2.169,0.0424,2.902,-0.0433,1.5438,-0.3138,1.0944,0.0902,0.7327,-0.4726,1.4693,-0.4425
2.0633,0.072,2.9414,0.3065,2.0235,-0.0904,2.8644,-0.0144,1.6279,-0.2996,1.1306,0.1098,0.8988,-0.5048,1.5512,-0.4202
2.0633,0.072,2.9414,0.3065,2.0235,-0.0904,2.8644,-0.0144,1.6279,-0.2996,1.1306,0.1098,0.8988,-0.5048,1.5512,-0.4202
2.0892,0.0759,3.0142,0.3028,2.1018,-0.1181,2.8733,-0.0019,1.6695,-0.3143,1.1735,0.0838,0.8936,-0.4675,1.5512,-0.4202
2.0892,0.0759,3.0142,0.3028,2.1018,-0.1181,2.8733,-0.0019,1.6695,-0.3143,1.1735,0.0838,0.8936,-0.4675,1.5512,-0.4202
2.1273,0.0625,3.0047,0.3503,2.1018,-0.1181,2.8661,0.0084,1.8785,-0.3881,1.2166,0.0578,0.8691,-0.4322,1.5081,-0.4049
2.1273,0.0625,3.0047,0.3503,2.1018,-0.1181,2.8661,0.0084,1.8785,-0.3881,1.2166,0.0578,0.8691,-0.4322,1.5081,-0.4049
2.1273,0.0625,3.0047,0.3503,2.1018,-0.1181,2.8661,0.0084,1.8785,-0.3881,1.2166,0.0578,0.8691,-0.4322,1.5081,-0.4049
2.1533,0.0664,2.9747,0.4275,2.1242,-0.0649,2.9054,0.0024,2.0048,-0.4327,1.2497,0.0461,0.8418,-0.4225,1.5512,-0.4202
2.1533,0.0664,2.9747,0.4275,2.1242,-0.0649,2.9054,0.0024,2.0048,-0.4327,1.2497,0.0461,0.8418,-0.4225,1.5512,-0.4202
2.1673,0.0878,2.9751,0.4607,2.3332,-0.1081,2.9448,-0.0037,2.0488,-0.4042,1.2298,0.0748,0.8418,-0.4225,1.7561,-0.4797
2.1673,0.0878,2.9751,0.4607,2.3332,-0.1081,2.9448,-0.0037,2.0488,-0.4042,1.2298,0.0748,0.8418,-0.4225,1.7561,-0.4797
2.117,0.1187,2.9751,0.4607,2.5727,-0.1927,2.952,-0.0141,1.9659,-0.3307,1.2298,0.0748,0.8308,-0.4364,1.7996,-0.495
2.117,0.1187,2.9751,0.4607,2.5727,-0.1927,2.952,-0.0141,1.9659,-0.3307,1.2298,0.0748,0.8308,-0.4364,1.7996,-0.495
2.117,0.1187,2.9751,0.4607,2.5727,-0.1927,2.952,-0.0141,1.9659,-0.3307,1.2298,0.0748,0.8308,-0.4364,1.7996,-0.495
2.117,0.1187,2.9751,0.4607,2.5727,-0.1927,2.952,-0.0141,1.9659,-0.3307,1.2298,0.0748,0.8308,-0.4364,1.7996,-0.495
2.0633,0.072,2.9227,0.4347,2.4361,-0.0828,2.9269,-0.0287,1.6425,-0.2754,1.2992,-0.0253,0.776,-0.5055,1.4887,-0.4237
2.0633,0.072,2.9227,0.4347,2.4361,-0.0828,2.9269,-0.0287,1.6425,-0.2754,1.2992,-0.0253,0.776,-0.5055,1.4887,-0.4237
2.1133,0.0412,2.9019,0.431,2.3279,-0.0137,2.9269,-0.0287,1.5449,-0.2702,1.2992,-0.0253,0.757,-0.5076,1.3718,-0.3953
2.1133,0.0412,2.9019,0.431,2.3279,-0.0137,2.9269,-0.0287,1.5449,-0.2702,1.2992,-0.0253,0.757,-0.5076,1.3718,-0.3953
2.1013,0.0585,2.9121,0.4162,2.3279,-0.0137,3.0201,-0.0616,1.5863,-0.2849,1.2928,0.0201,0.8113,-0.5268,1.3291,-0.3802
2.1013,0.0585,2.9121,0.4162,2.3279,-0.0137,3.0201,-0.0616,1.5863,-0.2849,1.2928,0.0201,0.8113,-0.5268,1.3291,-0.3802
2.0512,0.0893,2.8913,0.4125,2.3562,-0.0546,3.074,-0.0885,1.6413,-0.319,1.263,0.063,0.8303,-0.5247,1.3836,-0.4122
2.0512,0.0893,2.8913,0.4125,2.3562,-0.0546,3.074,-0.0885,1.6413,-0.319,1.263,0.063,0.8303,-0.5247,1.3836,-0.4122
1.9875,0.0987,2.8806,0.3941,2.3332,-0.1081,3.0363,-0.0595,1.6279,-0.2996,1.2298,0.0748,0.9313,-0.5516,1.4693,-0.4425
1.9875,0.0987,2.8806,0.3941,2.3332,-0.1081,3.0363,-0.0595,1.6279,-0.2996,1.2298,0.0748,0.9313,-0.5516,1.4693,-0.4425
1.847,0.096,2.8695,0.3429,2.1298,-0.1584,2.9735,-0.0451,1.6132,-0.3237,1.1405,0.0955,1.0022,-0.5943,1.3954,-0.4292
1.847,0.096,2.8695,0.3429,2.1298,-0.1584,2.9735,-0.0451,1.6132,-0.3237,1.1405,0.0955,1.0022,-0.5943,1.3954,-0.4292
1.871,0.0614,2.8695,0.3429,2.0793,-0.1709,2.9341,-0.039,1.5998,-0.3043,1.1174,0.0928,1.0052,-0.5689,1.4147,-0.4104
1.871,0.0614,2.8695,0.3429,2.0793,-0.1709,2.9341,-0.039,1.5998,-0.3043,1.1174,0.0928,1.0052,-0.5689,1.4147,-0.4104
1.8693,0.0229,2.8286,0.3684,2.0291,-0.1835,2.918,-0.0411,1.7246,-0.3484,1.1274,0.0785,0.9616,-0.5358,1.4147,-0.4104
1.8693,0.0229,2.8286,0.3684,2.0291,-0.1835,2.918,-0.0411,1.7246,-0.3484,1.1274,0.0785,0.9616,-0.5358,1.4147,-0.4104
1.8693,0.0229,2.8286,0.3684,2.0291,-0.1835,2.918,-0.0411,1.7246,-0.3484,1.1274,0.0785,0.9616,-0.5358,1.4147,-0.4104
1.8693,0.0229,2.767,0.3901,2.2641,-0.2665,2.8627,-0.0372,1.88,-0.3446,1.1504,0.0812,0.8988,-0.5048,1.6613,-0.4847
1.8693,0.0229,2.767,0.3901,2.2641,-0.2665,2.8627,-0.0372,1.88,-0.3446,1.1504,0.0812,0.8988,-0.5048,1.6613,-0.4847
1.8693,0.0229,2.767,0.3901,2.2641,-0.2665,2.8627,-0.0372,1.88,-0.3446,1.1504,0.0812,0.8988,-0.5048,1.6613,-0.4847
1.8693,0.0229,2.7873,0.3609,2.2362,-0.2264,2.8539,-0.0496,1.7961,-0.3149,1.1373,0.0642,0.8494,-0.5227,1.6062,-0.4524
1.9683,-0.038,2.7868,0.3281,2.1298,-0.1584,2.806,-0.056,1.7812,-0.3391,1.2231,0.0123,0.7922,-0.5289,1.5199,-0.4219
1.9683,-0.038,2.7868,0.3281,2.1298,-0.1584,2.806,-0.056,1.7812,-0.3391,1.2231,0.0123,0.7922,-0.5289,1.5199,-0.4219
1.9683,-0.038,2.7868,0.3281,2.1298,-0.1584,2.806,-0.056,1.7812,-0.3391,1.2231,0.0123,0.7922,-0.5289,1.5199,-0.4219
2.0179,-0.0685,2.7456,0.3207,1.9234,-0.1159,2.7883,-0.0808,1.7812,-0.3391,1.2893,-0.011,0.8003,-0.5405,1.4769,-0.4067
2.0179,-0.0685,2.7456,0.3207,1.9234,-0.1159,2.7883,-0.0808,1.7812,-0.3391,1.2893,-0.011,0.8003,-0.5405,1.4769,-0.4067
1.9683,-0.038,2.6945,0.3278,1.8241,-0.1413,2.8327,-0.1197,1.7812,-0.3391,1.2497,0.0461,0.8003,-0.5405,1.4887,-0.4237
1.9683,-0.038,2.6945,0.3278,1.8241,-0.1413,2.8327,-0.1197,1.7812,-0.3391,1.2497,0.0461,0.8003,-0.5405,1.4887,-0.4237
1.8574,0.0402,2.6741,0.3241,1.7255,-0.1667,2.8309,-0.1422,1.7259,-0.3049,1.2397,0.0604,0.7812,-0.5426,1.5005,-0.4407
1.757,0.0626,2.6636,0.306,1.6549,-0.2316,2.7531,-0.1302,1.7407,-0.2806,1.2199,0.0891,0.8546,-0.5597,1.5866,-0.4712
1.757,0.0626,2.6636,0.306,1.6549,-0.2316,2.7531,-0.1302,1.7407,-0.2806,1.2199,0.0891,0.8546,-0.5597,1.5866,-0.4712
1.757,0.0626,2.6636,0.306,1.6549,-0.2316,2.7531,-0.1302,1.7407,-0.2806,1.2199,0.0891,0.8546,-0.5597,1.5866,-0.4712
1.6439,0.0636,2.7137,0.2338,1.5362,-0.3085,2.637,-0.1122,1.6989,-0.2659,1.2298,0.0748,0.9444,-0.6003,1.5866,-0.4712
1.6439,0.0636,2.7137,0.2338,1.5362,-0.3085,2.637,-0.1122,1.6989,-0.2659,1.2298,0.0748,0.9444,-0.6003,1.5866,-0.4712
1.5803,0.0344,2.7237,0.2194,1.5362,-0.3085,2.5599,-0.1004,1.6425,-0.2754,1.1934,0.0552,0.8899,-0.581,1.524,-0.4746
1.567,0.0132,2.7037,0.2482,1.5362,-0.3085,2.5129,-0.1068,1.6977,-0.3096,1.1802,0.0383,0.8465,-0.5481,1.4928,-0.4764
1.567,0.0132,2.7037,0.2482,1.5362,-0.3085,2.5129,-0.1068,1.6977,-0.3096,1.1802,0.0383,0.8465,-0.5481,1.4928,-0.4764
1.567,0.0132,2.7037,0.2482,1.5362,-0.3085,2.5129,-0.1068,1.6977,-0.3096,1.1802,0.0383,0.8465,-0.5481,1.4928,-0.4764
1.567,0.0132,2.7037,0.2482,1.5362,-0.3085,2.5129,-0.1068,1.6977,-0.3096,1.1802,0.0383,0.8465,-0.5481,1.4928,-0.4764
1.6276,-0.0339,2.6128,0.313,1.612,-0.3352,2.5044,-0.1191,1.8081,-0.3779,1.1241,0.0473,0.8193,-0.5385,1.4617,-0.4782
1.6276,-0.0339,2.6128,0.313,1.612,-0.3352,2.5044,-0.1191,1.8081,-0.3779,1.1241,0.0473,0.8193,-0.5385,1.4617,-0.4782
1.601,-0.0758,2.4912,0.3233,1.8405,-0.416,2.4716,-0.1458,1.6829,-0.3337,1.0224,0.051,0.7432,-0.5468,1.528,-0.5271
1.601,-0.0758,2.4912,0.3233,1.8405,-0.416,2.4716,-0.1458,1.6829,-0.3337,1.0224,0.051,0.7432,-0.5468,1.528,-0.5271
1.6127,-0.0927,2.4508,0.3158,1.786,-0.3375,2.4405,-0.1501,1.4881,-0.3233,1.0063,0.0031,0.6675,-0.5551,1.4229,-0.5155
1.6127,-0.0927,2.4508,0.3158,1.786,-0.3375,2.4405,-0.1501,1.4881,-0.3233,1.0063,0.0031,0.6675,-0.5551,1.4229,-0.5155
1.6127,-0.0927,2.4508,0.3158,1.786,-0.3375,2.4405,-0.1501,1.4881,-0.3233,1.0063,0.0031,0.6675,-0.5551,1.4229,-0.5155
1.6496,-0.1058,2.4407,0.2977,1.6549,-0.2316,2.47,-0.1682,1.4181,-0.3568,0.9508,0.012,0.5841,-0.5519,1.3494,-0.5022
1.6496,-0.1058,2.4407,0.2977,1.6549,-0.2316,2.47,-0.1682,1.4181,-0.3568,0.9508,0.012,0.5841,-0.5519,1.3494,-0.5022
1.6512,-0.0679,2.4506,0.2833,1.6823,-0.2711,2.4996,-0.1862,1.4038,-0.3807,0.8858,0.035,0.5545,-0.5676,1.3068,-0.4872
1.6512,-0.0679,2.4506,0.2833,1.6823,-0.2711,2.4996,-0.1862,1.4038,-0.3807,0.8858,0.035,0.5545,-0.5676,1.3068,-0.4872
1.5274,-0.0498,2.4302,0.2473,1.5362,-0.3085,2.4164,-0.1644,1.4038,-0.3807,0.811,0.0721,0.5893,-0.5886,1.2644,-0.4722
1.5274,-0.0498,2.4302,0.2473,1.5362,-0.3085,2.4164,-0.1644,1.4038,-0.3807,0.811,0.0721,0.5893,-0.5886,1.2644,-0.4722
1.4775,-0.0578,2.4599,0.2044,1.3917,-0.3458,2.3404,-0.1528,1.4038,-0.3807,0.8307,0.0437,0.6053,-0.6117,1.222,-0.4572
1.4775,-0.0578,2.4599,0.2044,1.3917,-0.3458,2.3404,-0.1528,1.4038,-0.3807,0.8307,0.0437,0.6053,-0.6117,1.222,-0.4572
1.4892,-0.0747,2.4401,0.233,1.3917,-0.3458,2.3026,-0.1471,1.4858,-0.4097,0.8179,0.0269,0.5973,-0.6002,1.1914,-0.4591
1.4892,-0.0747,2.4401,0.233,1.3917,-0.3458,2.3026,-0.1471,1.4858,-0.4097,0.8179,0.0269,0.5973,-0.6002,1.1914,-0.4591
1.5391,-0.0667,2.4606,0.269,1.5634,-0.3476,2.3334,-0.1427,1.6094,-0.4533,0.8051,0.0101,0.5438,-0.5813,1.1841,-0.4945
1.5391,-0.0667,2.4606,0.269,1.5634,-0.3476,2.3334,-0.1427,1.6094,-0.4533,0.8051,0.0101,0.5438,-0.5813,1.1841,-0.4945
1.6025,-0.0379,2.5315,0.2982,1.8627,-0.3645,2.4109,-0.132,1.5974,-0.391,0.8375,-0.0013,0.5171,-0.5718,1.311,-0.5393
1.6025,-0.0379,2.5315,0.2982,1.8627,-0.3645,2.4109,-0.132,1.5974,-0.391,0.8375,-0.0013,0.5171,-0.5718,1.311,-0.5393
1.7033,-0.022,2.6228,0.2986,2.0344,-0.2758,2.527,-0.1271,1.5014,-0.3426,0.8894,-0.0409,0.5064,-0.5854,1.2802,-0.5411
1.7033,-0.022,2.6228,0.2986,2.0344,-0.2758,2.527,-0.1271,1.5014,-0.3426,0.8894,-0.0409,0.5064,-0.5854,1.2802,-0.5411
1.9051,-0.0287,2.7456,0.3207,2.1523,-0.1054,2.6527,-0.1101,1.4602,-0.328,0.9868,-0.0753,0.5331,-0.5949,1.2263,-0.5094
1.9051,-0.0287,2.7456,0.3207,2.1523,-0.1054,2.6527,-0.1101,1.4602,-0.328,0.9868,-0.0753,0.5331,-0.5949,1.2263,-0.5094
2.0975,-0.0186,2.8387,0.3538,2.3562,-0.0546,2.8487,-0.1176,1.4469,-0.3087,1.0455,-0.0535,0.5625,-0.5792,1.2147,-0.4926
2.0975,-0.0186,2.8387,0.3538,2.3562,-0.0546,2.8487,-0.1176,1.4469,-0.3087,1.0455,-0.0535,0.5625,-0.5792,1.2147,-0.4926
2.1514,0.0277,2.9009,0.3649,2.4878,-0.0702,2.9913,-0.1215,1.5438,-0.3138,1.1078,-0.0006,0.6566,-0.5687,1.276,-0.489
2.1514,0.0277,2.9009,0.3649,2.4878,-0.0702,2.9913,-0.1215,1.5438,-0.3138,1.1078,-0.0006,0.6566,-0.5687,1.276,-0.489
2.1514,0.0277,2.9009,0.3649,2.4878,-0.0702,2.9913,-0.1215,1.5438,-0.3138,1.1078,-0.0006,0.6566,-0.5687,1.276,-0.489
2.0633,0.072,2.9319,0.3539,2.3562,-0.0546,3.0021,-0.0864,1.5998,-0.3043,1.134,0.0331,0.7945,-0.5912,1.3494,-0.5022
2.0633,0.072,2.9319,0.3539,2.3562,-0.0546,3.0021,-0.0864,1.5998,-0.3043,1.134,0.0331,0.7945,-0.5912,1.3494,-0.5022
2.0753,0.0546,2.9742,0.3943,2.3332,-0.1081,3.0687,-0.0553,1.7529,-0.3437,1.2033,0.0409,0.9667,-0.5729,1.3995,-0.4817
2.0753,0.0546,2.9742,0.3943,2.3332,-0.1081,3.0687,-0.0553,1.7529,-0.3437,1.2033,0.0409,0.9667,-0.5729,1.3995,-0.4817
2.0753,0.0546,2.9742,0.3943,2.3332,-0.1081,3.0687,-0.0553,1.7529,-0.3437,1.2033,0.0409,0.9667,-0.5729,1.3995,-0.4817
2.0753,0.0546,2.9742,0.3943,2.3332,-0.1081,3.0687,-0.0553,1.7529,-0.3437,1.2033,0.0409,0.9667,-0.5729,1.3995,-0.4817
2.1013,0.0585,3.0058,0.4164,2.5727,-0.1927,3.1103,-0.0387,1.907,-0.3835,1.2497,0.0461,0.9971,-0.5572,1.5475,-0.5085
2.1013,0.0585,3.0058,0.4164,2.5727,-0.1927,3.1103,-0.0387,1.907,-0.3835,1.2497,0.0461,0.9971,-0.5572,1.5475,-0.5085
2.1654,0.049,3.0268,0.4202,2.7862,-0.2374,3.1049,-0.0054,1.9523,-0.3112,1.3061,0.037,1.0357,-0.5532,1.7244,-0.4813
2.1654,0.049,3.0268,0.4202,2.7862,-0.2374,3.1049,-0.0054,1.9523,-0.3112,1.3061,0.037,1.0357,-0.5532,1.7244,-0.4813
2.1654,0.049,3.0268,0.4202,2.7862,-0.2374,3.1049,-0.0054,1.9523,-0.3112,1.3061,0.037,1.0357,-0.5532,1.7244,-0.4813
2.3064,0.0123,3.0995,0.3834,2.7011,-0.1146,3.1212,-0.0033,1.9523,-0.3112,1.3826,-0.0009,1.0357,-0.5532,1.6574,-0.4319
2.3064,0.0123,3.0995,0.3834,2.7011,-0.1146,3.1212,-0.0033,1.9523,-0.3112,1.3826,-0.0009,1.0357,-0.5532,1.6574,-0.4319
2.4338,-0.0458,3.0682,0.3944,2.6202,-0.086,3.1591,-0.0324,1.9947,-0.3261,1.4394,-0.0101,1.0357,-0.5532,1.6455,-0.4148
2.4362,-0.0072,3.0892,0.3981,2.4593,-0.0292,3.2299,-0.0574,1.9947,-0.3261,1.423,0.0499,1.0632,-0.5629,1.6771,-0.4131
2.4362,-0.0072,3.0892,0.3981,2.4593,-0.0292,3.2299,-0.0574,1.9947,-0.3261,1.423,0.0499,1.0632,-0.5629,1.6771,-0.4131
2.3855,0.0239,3.1097,0.3686,2.3562,-0.0546,3.2135,-0.0595,1.9811,-0.3065,1.4265,0.0813,1.0908,-0.5726,1.6771,-0.4131
2.3855,0.0239,3.1097,0.3686,2.3562,-0.0546,3.2135,-0.0595,1.9811,-0.3065,1.4265,0.0813,1.0908,-0.5726,1.6771,-0.4131
2.3855,0.0239,3.1097,0.3686,2.3562,-0.0546,3.2135,-0.0595,1.9811,-0.3065,1.4265,0.0813,1.0908,-0.5726,1.6771,-0.4131
2.3855,0.0239,3.1097,0.3686,2.3562,-0.0546,3.2135,-0.0595,1.9811,-0.3065,1.4265,0.0813,1.0908,-0.5726,1.6771,-0.4131
2.2297,0.0394,3.1402,0.3246,2.1804,-0.1458,3.1645,-0.0657,1.9962,-0.2822,1.44,0.0983,1.1848,-0.5881,1.7087,-0.4113
2.2297,0.0394,3.1402,0.3246,2.1804,-0.1458,3.1645,-0.0657,1.9962,-0.2822,1.44,0.0983,1.1848,-0.5881,1.7087,-0.4113
2.2297,0.0394,3.1402,0.3246,2.1804,-0.1458,3.1645,-0.0657,1.9962,-0.2822,1.44,0.0983,1.1848,-0.5881,1.7087,-0.4113
2.1133,0.0412,3.1512,0.3429,2.0569,-0.2235,3.0381,-0.0367,2.1238,-0.3273,1.4972,0.089,1.219,-0.5469,1.7522,-0.4267
2.1514,0.0277,3.1519,0.376,2.1855,-0.2388,3.0381,-0.0367,2.2092,-0.3575,1.4636,0.1009,1.2108,-0.5351,1.8514,-0.4747
2.1514,0.0277,3.1519,0.376,2.1855,-0.2388,3.0381,-0.0367,2.2092,-0.3575,1.4636,0.1009,1.2108,-0.5351,1.8514,-0.4747
2.1514,0.0277,3.1519,0.376,2.1855,-0.2388,3.0381,-0.0367,2.2092,-0.3575,1.4636,0.1009,1.2108,-0.5351,1.8514,-0.4747
2.1133,0.0412,3.1205,0.387,2.529,-0.3904,3.0291,-0.0492,2.1392,-0.303,1.4736,0.0864,1.219,-0.5469,1.9391,-0.5056
2.1133,0.0412,3.1205,0.387,2.529,-0.3904,3.0291,-0.0492,2.1392,-0.303,1.4736,0.0864,1.219,-0.5469,1.9391,-0.5056
2.1254,0.0238,3.0995,0.3834,2.553,-0.3383,3.013,-0.0513,2.025,-0.2776,1.4031,0.0787,1.1685,-0.5646,1.8514,-0.4747
2.1254,0.0238,3.0995,0.3834,2.553,-0.3383,3.013,-0.0513,2.025,-0.2776,1.4031,0.0787,1.1685,-0.5646,1.8514,-0.4747
2.2539,0.0046,3.0995,0.3834,2.6008,-0.2333,3.0363,-0.0595,1.9252,-0.272,1.443,0.0211,1.102,-0.5589,1.8077,-0.4592
2.2539,0.0046,3.0995,0.3834,2.6008,-0.2333,3.0363,-0.0595,1.9252,-0.272,1.443,0.0211,1.102,-0.5589,1.8077,-0.4592
2.3426,-0.0398,3.0784,0.3797,2.5727,-0.1927,3.0903,-0.0864,1.8679,-0.2813,1.4529,0.0068,1.0632,-0.5629,1.7205,-0.4284
2.3426,-0.0398,3.0784,0.3797,2.5727,-0.1927,3.0903,-0.0864,1.8679,-0.2813,1.4529,0.0068,1.0632,-0.5629,1.7205,-0.4284
2.3448,-0.0012,3.0784,0.3797,2.4644,-0.1236,3.1912,-0.1299,1.853,-0.3056,1.433,0.0355,1.052,-0.5766,1.7324,-0.4455
2.3448,-0.0012,3.0784,0.3797,2.4644,-0.1236,3.1912,-0.1299,1.853,-0.3056,1.433,0.0355,1.052,-0.5766,1.7324,-0.4455
2.2438,0.0608,3.0574,0.376,2.3332,-0.1081,3.184,-0.1195,1.8245,-0.3103,1.3662,0.0591,1.0682,-0.6,1.7324,-0.4455
2.2297,0.0394,3.1192,0.3209,2.1804,-0.1458,3.1371,-0.1029,1.8245,-0.3103,1.2995,0.0826,1.1232,-0.6194,1.7324,-0.4455
2.2297,0.0394,3.1192,0.3209,2.1804,-0.1458,3.1371,-0.1029,1.8245,-0.3103,1.2995,0.0826,1.1232,-0.6194,1.7324,-0.4455
2.2297,0.0394,3.1192,0.3209,2.1804,-0.1458,3.1371,-0.1029,1.8245,-0.3103,1.2995,0.0826,1.1232,-0.6194,1.7324,-0.4455
2.1775,0.0316,3.1083,0.3027,2.0793,-0.1709,3.0578,-0.0905,1.8665,-0.3251,1.3095,0.0683,1.1151,-0.6077,1.7324,-0.4455
2.1775,0.0316,3.1083,0.3027,2.0793,-0.1709,3.0578,-0.0905,1.8665,-0.3251,1.3095,0.0683,1.1151,-0.6077,1.7324,-0.4455
2.1514,0.0277,3.1192,0.3209,2.0793,-0.1709,3.0021,-0.0864,2.0353,-0.3847,1.3195,0.0539,1.0714,-0.5746,1.7442,-0.4626
2.1254,0.0238,3.0676,0.3613,2.1577,-0.1986,2.9931,-0.0988,2.1627,-0.4297,1.3061,0.037,1.0164,-0.5552,1.7561,-0.4797
2.1254,0.0238,3.0676,0.3613,2.1577,-0.1986,2.9931,-0.0988,2.1627,-0.4297,1.3061,0.037,1.0164,-0.5552,1.7561,-0.4797
2.1254,0.0238,3.0676,0.3613,2.1577,-0.1986,2.9931,-0.0988,2.1627,-0.4297,1.3061,0.037,1.0164,-0.5552,1.7561,-0.4797
2.0994,0.0199,3.0676,0.3613,2.4219,-0.3223,2.9609,-0.103,2.151,-0.3666,1.2729,0.0487,1.0052,-0.5689,1.8551,-0.5275
2.0994,0.0199,3.0676,0.3613,2.4219,-0.3223,2.9609,-0.103,2.151,-0.3666,1.2729,0.0487,1.0052,-0.5689,1.8551,-0.5275
2.1114,0.0026,3.0676,0.3613,2.5251,-0.2981,2.9448,-0.1051,2.037,-0.3411,1.2794,0.0032,0.9363,-0.5886,1.7797,-0.5137
2.1114,0.0026,3.0676,0.3613,2.5251,-0.2981,2.9448,-0.1051,2.037,-0.3411,1.2794,0.0032,0.9363,-0.5886,1.7797,-0.5137
2.1614,-0.0281,3.0676,0.3613,2.4691,-0.2173,2.9288,-0.1072,1.8951,-0.3205,1.2858,-0.0421,0.8597,-0.5967,1.6298,-0.4864
2.1614,-0.0281,3.0676,0.3613,2.4691,-0.2173,2.9288,-0.1072,1.8951,-0.3205,1.2858,-0.0421,0.8597,-0.5967,1.6298,-0.4864
2.1614,-0.0281,3.0676,0.3613,2.4691,-0.2173,2.9288,-0.1072,1.8951,-0.3205,1.2858,-0.0421,0.8597,-0.5967,1.6298,-0.4864
2.1614,-0.0281,3.0676,0.3613,2.4691,-0.2173,2.9288,-0.1072,1.8951,-0.3205,1.2858,-0.0421,0.8597,-0.5967,1.6298,-0.4864
2.1614,-0.0281,3.0676,0.3613,2.4691,-0.2173,2.9288,-0.1072,1.8951,-0.3205,1.2858,-0.0421,0.8597,-0.5967,1.6298,-0.4864
2.1234,-0.0147,3.0047,0.3503,2.4691,-0.2173,2.9733,-0.1462,1.7812,-0.3391,1.2132,0.0266,0.7915,-0.6164,1.4617,-0.4782
2.1234,-0.0147,3.0047,0.3503,2.4691,-0.2173,2.9733,-0.1462,1.7812,-0.3391,1.2132,0.0266,0.7915,-0.6164,1.4617,-0.4782
2.1234,-0.0147,3.0047,0.3503,2.4691,-0.2173,2.9733,-0.1462,1.7812,-0.3391,1.2132,0.0266,0.7915,-0.6164,1.4617,-0.4782
1.8676,-0.0154,2.92,0.2701,2.0067,-0.236,2.8238,-0.132,1.6682,-0.3577,1.0453,0.0536,0.8587,-0.6838,1.3185,-0.504
1.8676,-0.0154,2.92,0.2701,2.0067,-0.236,2.8238,-0.132,1.6682,-0.3577,1.0453,0.0536,0.8587,-0.6838,1.3185,-0.504
1.7658,-0.0312,2.8377,0.2882,1.7805,-0.2461,2.7531,-0.1302,1.7515,-0.3872,1.0323,0.0367,0.8617,-0.6587,1.3185,-0.504
1.7658,-0.0312,2.8377,0.2882,1.7805,-0.2461,2.7531,-0.1302,1.7515,-0.3872,1.0323,0.0367,0.8617,-0.6587,1.3185,-0.504
1.7776,-0.0483,2.7969,0.3136,1.7805,-0.2461,2.7372,-0.1323,1.8903,-0.4508,1.052,0.0083,0.8266,-0.6375,1.3301,-0.5208
1.7776,-0.0483,2.7969,0.3136,1.7805,-0.2461,2.7372,-0.1323,1.8903,-0.4508,1.052,0.0083,0.8266,-0.6375,1.3301,-0.5208
1.7404,-0.0351,2.7662,0.3244,1.9345,-0.3005,2.7443,-0.1425,1.9054,-0.4269,1.052,0.0083,0.7995,-0.628,1.4579,-0.5659
1.7404,-0.0351,2.7662,0.3244,1.9345,-0.3005,2.7443,-0.1425,1.9054,-0.4269,1.052,0.0083,0.7995,-0.628,1.4579,-0.5659
1.678,-0.026,2.6945,0.3278,2.0393,-0.3674,2.7056,-0.1365,1.907,-0.3835,1.0193,0.0199,0.7805,-0.63,1.5747,-0.5945
1.678,-0.026,2.6945,0.3278,2.0393,-0.3674,2.7056,-0.1365,1.907,-0.3835,1.0193,0.0199,0.7805,-0.63,1.5747,-0.5945
1.678,-0.026,2.6945,0.3278,2.0393,-0.3674,2.7056,-0.1365,1.907,-0.3835,1.0193,0.0199,0.7805,-0.63,1.5747,-0.5945
1.7641,-0.0692,2.7146,0.2989,1.9844,-0.2882,2.6669,-0.1305,1.8096,-0.3344,1.1045,-0.0316,0.7696,-0.6436,1.5085,-0.5457
1.7641,-0.0692,2.7146,0.2989,1.9844,-0.2882,2.6669,-0.1305,1.8096,-0.3344,1.1045,-0.0316,0.7696,-0.6436,1.5085,-0.5457
1.7641,-0.0692,2.7146,0.2989,1.9844,-0.2882,2.6669,-0.1305,1.8096,-0.3344,1.1045,-0.0316,0.7696,-0.6436,1.5085,-0.5457
1.8877,-0.1258,2.6428,0.2697,1.7039,-0.219,2.6407,-0.1673,1.7529,-0.3437,1.1373,-0.0432,0.6858,-0.6401,1.3377,-0.4853
1.8877,-0.1258,2.6428,0.2697,1.7039,-0.219,2.6407,-0.1673,1.7529,-0.3437,1.1373,-0.0432,0.6858,-0.6401,1.3377,-0.4853
1.8877,-0.1258,2.6428,0.2697,1.7039,-0.219,2.6407,-0.1673,1.7529,-0.3437,1.1373,-0.0432,0.6858,-0.6401,1.3377,-0.4853
1.8013,-0.0824,2.5921,0.2768,1.5788,-0.2047,2.6093,-0.1715,1.7812,-0.3391,1.1176,-0.0148,0.7047,-0.6381,1.3377,-0.4853
1.8013,-0.0824,2.5921,0.2768,1.5788,-0.2047,2.6093,-0.1715,1.7812,-0.3391,1.1176,-0.0148,0.7047,-0.6381,1.3377,-0.4853
1.6882,-0.081,2.6319,0.2193,1.4879,-0.3209,2.5012,-0.1639,1.7812,-0.3391,1.1176,-0.0148,0.7666,-0.6687,1.3494,-0.5022
1.6882,-0.081,2.6319,0.2193,1.4879,-0.3209,2.5012,-0.1639,1.7812,-0.3391,1.1176,-0.0148,0.7666,-0.6687,1.3494,-0.5022
1.6127,-0.0927,2.612,0.248,1.3647,-0.3068,2.4319,-0.1623,1.85,-0.3927,1.0717,-0.02,0.7236,-0.6361,1.2993,-0.5226
1.6127,-0.0927,2.612,0.248,1.3647,-0.3068,2.4319,-0.1623,1.85,-0.3927,1.0717,-0.02,0.7236,-0.6361,1.2993,-0.5226
1.663,-0.0849,2.6328,0.2842,1.4879,-0.3209,2.4856,-0.166,1.85,-0.3927,1.0389,-0.0085,0.6887,-0.615,1.3959,-0.5694
1.663,-0.0849,2.6328,0.2842,1.4879,-0.3209,2.4856,-0.166,1.85,-0.3927,1.0389,-0.0085,0.6887,-0.615,1.3959,-0.5694
1.663,-0.0849,2.6328,0.2842,1.4879,-0.3209,2.4856,-0.166,1.85,-0.3927,1.0389,-0.0085,0.6887,-0.615,1.3959,-0.5694
1.7776,-0.0483,2.7046,0.3134,1.9396,-0.3917,2.6022,-0.1614,1.865,-0.3687,1.0618,-0.0059,0.7266,-0.6109,1.5667,-0.6297
1.7776,-0.0483,2.7046,0.3134,1.9396,-0.3917,2.6022,-0.1614,1.865,-0.3687,1.0618,-0.0059,0.7266,-0.6109,1.5667,-0.6297
1.8676,-0.0154,2.8075,0.3318,2.2962,-0.3983,2.6985,-0.1263,1.811,-0.2907,1.0848,-0.0032,0.7915,-0.6164,1.6293,-0.6265
1.984,0.0215,2.9212,0.3356,2.4455,-0.2699,2.8025,-0.1013,1.6707,-0.2706,1.1274,-0.029,0.8186,-0.626,1.489,-0.5642
1.984,0.0215,2.9212,0.3356,2.4455,-0.2699,2.8025,-0.1013,1.6707,-0.2706,1.1274,-0.029,0.8186,-0.626,1.489,-0.5642
2.2277,0.0008,3.0567,0.343,2.5444,-0.1519,2.9377,-0.0948,1.6425,-0.2754,1.1834,-0.0381,0.8216,-0.6008,1.4229,-0.5155
2.2277,0.0008,3.0567,0.343,2.5444,-0.1519,2.9377,-0.0948,1.6425,-0.2754,1.1834,-0.0381,0.8216,-0.6008,1.4229,-0.5155
2.2277,0.0008,3.0567,0.343,2.5444,-0.1519,2.9377,-0.0948,1.6425,-0.2754,1.1834,-0.0381,0.8216,-0.6008,1.4229,-0.5155
2.3855,0.0239,3.1621,0.3612,2.5917,-0.0449,3.0974,-0.0967,1.6977,-0.3096,1.2197,-0.0187,0.8326,-0.5871,1.4112,-0.4986
2.3855,0.0239,3.1621,0.3612,2.5917,-0.0449,3.0974,-0.0967,1.6977,-0.3096,1.2197,-0.0187,0.8326,-0.5871,1.4112,-0.4986
2.402,0.0842,3.1942,0.3833,2.5631,-0.0037,3.2024,-0.0947,1.7961,-0.3149,1.2463,0.0149,0.8899,-0.581,1.4617,-0.4782
2.3633,0.0978,3.2257,0.3722,2.5681,-0.0986,3.1736,-0.0532,1.853,-0.3056,1.2497,0.0461,1.0103,-0.6059,1.5123,-0.4577
2.3633,0.0978,3.2257,0.3722,2.5681,-0.0986,3.1736,-0.0532,1.853,-0.3056,1.2497,0.0461,1.0103,-0.6059,1.5123,-0.4577
2.3755,0.0803,3.3519,0.3276,2.5161,-0.1111,3.1827,-0.0407,1.9523,-0.3112,1.2962,0.0513,1.0957,-0.6097,1.6062,-0.4524
2.3755,0.0803,3.3519,0.3276,2.5161,-0.1111,3.1827,-0.0407,1.9523,-0.3112,1.2962,0.0513,1.0957,-0.6097,1.6062,-0.4524
2.3755,0.0803,3.3519,0.3276,2.5161,-0.1111,3.1827,-0.0407,1.9523,-0.3112,1.2962,0.0513,1.0957,-0.6097,1.6062,-0.4524
2.3755,0.0803,3.3519,0.3276,2.5161,-0.1111,3.1827,-0.0407,1.9523,-0.3112,1.2962,0.0513,1.0957,-0.6097,1.6062,-0.4524
2.4407,0.0705,3.4162,0.3383,2.5965,-0.1395,3.1846,-0.0178,2.0234,-0.3215,1.3061,0.037,1.0795,-0.5863,1.5944,-0.4354
2.4407,0.0705,3.4162,0.3383,2.5965,-0.1395,3.1846,-0.0178,2.0234,-0.3215,1.3061,0.037,1.0795,-0.5863,1.5944,-0.4354
2.4407,0.0705,3.4162,0.3383,2.5965,-0.1395,3.1846,-0.0178,2.0234,-0.3215,1.3061,0.037,1.0795,-0.5863,1.5944,-0.4354
2.5061,0.0607,3.387,0.4496,2.6202,-0.086,3.201,-0.0157,2.3514,-0.4226,1.3727,0.0135,1.0551,-0.5511,1.681,-0.466
2.5061,0.0607,3.387,0.4496,2.6202,-0.086,3.201,-0.0157,2.3514,-0.4226,1.3727,0.0135,1.0551,-0.5511,1.681,-0.466
2.4939,0.0783,3.4189,0.4384,2.8351,-0.1309,3.2246,-0.0241,2.3105,-0.3636,1.406,0.0017,1.0083,-0.5435,1.7679,-0.4967
2.4939,0.0783,3.4189,0.4384,2.8351,-0.1309,3.2246,-0.0241,2.3105,-0.3636,1.406,0.0017,1.0083,-0.5435,1.7679,-0.4967
2.5205,0.0821,3.4404,0.442,3.2459,-0.2761,3.2719,-0.0408,2.2695,-0.3044,1.406,0.0017,0.9971,-0.5572,1.8115,-0.5121
2.5205,0.0821,3.4404,0.442,3.2459,-0.2761,3.2719,-0.0408,2.2695,-0.3044,1.406,0.0017,0.9971,-0.5572,1.8115,-0.5121
2.455,0.092,3.4292,0.4235,3.1632,-0.2469,3.2627,-0.0533,2.1837,-0.2741,1.4159,-0.0126,1.0296,-0.604,1.7561,-0.4797
2.455,0.092,3.4292,0.4235,3.1632,-0.2469,3.2627,-0.0533,2.1837,-0.2741,1.4159,-0.0126,1.0296,-0.604,1.7561,-0.4797
2.5061,0.0607,3.4077,0.4198,3.0773,-0.1229,3.239,-0.0449,2.0114,-0.2579,1.4457,-0.0555,0.9879,-0.6332,1.5944,-0.4354
2.5061,0.0607,3.4077,0.4198,3.0773,-0.1229,3.239,-0.0449,2.0114,-0.2579,1.4457,-0.0555,0.9879,-0.6332,1.5944,-0.4354
2.5839,0.0332,3.3974,0.4347,2.9371,-0.0106,3.2463,-0.0553,1.9538,-0.2673,1.489,-0.0816,0.9414,-0.6255,1.4769,-0.4067
2.5839,0.0332,3.3974,0.4347,2.9371,-0.0106,3.2463,-0.0553,1.9538,-0.2673,1.489,-0.0816,0.9414,-0.6255,1.4769,-0.4067
2.5839,0.0332,3.3974,0.4347,2.9371,-0.0106,3.2463,-0.0553,1.9538,-0.2673,1.489,-0.0816,0.9414,-0.6255,1.4769,-0.4067
2.5839,0.0332,3.4077,0.4198,2.9371,-0.0106,3.341,-0.0888,1.9252,-0.272,1.4259,-0.0269,0.9333,-0.6139,1.4029,-0.3934
2.5839,0.0332,3.4077,0.4198,2.9371,-0.0106,3.341,-0.0888,1.9252,-0.272,1.4259,-0.0269,0.9333,-0.6139,1.4029,-0.3934
2.5839,0.0332,3.4077,0.4198,2.9371,-0.0106,3.341,-0.0888,1.9252,-0.272,1.4259,-0.0269,0.9333,-0.6139,1.4029,-0.3934
2.4694,0.1135,3.3965,0.4013,2.9126,-0.0647,3.374,-0.0847,1.9947,-0.3261,1.3627,0.0278,1.0345,-0.6409,1.524,-0.4746
2.4694,0.1135,3.3965,0.4013,2.9126,-0.0647,3.374,-0.0847,1.9947,-0.3261,1.3627,0.0278,1.0345,-0.6409,1.524,-0.4746
2.2862,0.1251,3.4377,0.3419,2.7011,-0.1146,3.2627,-0.0533,1.9947,-0.3261,1.2962,0.0513,1.0974,-0.6719,1.5358,-0.4916
2.2196,0.0957,3.4367,0.3088,2.4644,-0.1236,3.1899,-0.0511,2.0082,-0.3457,1.2729,0.0487,1.0812,-0.6486,1.4928,-0.4764
2.2196,0.0957,3.4367,0.3088,2.4644,-0.1236,3.1899,-0.0511,2.0082,-0.3457,1.2729,0.0487,1.0812,-0.6486,1.4928,-0.4764
2.2196,0.0957,3.4367,0.3088,2.4644,-0.1236,3.1899,-0.0511,2.0082,-0.3457,1.2729,0.0487,1.0812,-0.6486,1.4928,-0.4764
2.2196,0.0957,3.4367,0.3088,2.4644,-0.1236,3.1899,-0.0511,2.0082,-0.3457,1.2729,0.0487,1.0812,-0.6486,1.4928,-0.4764
2.2559,0.0433,3.3947,0.3348,2.4128,-0.1362,3.1736,-0.0532,2.122,-0.3711,1.316,0.0227,1.0489,-0.602,1.524,-0.4746
2.2559,0.0433,3.3947,0.3348,2.4128,-0.1362,3.1736,-0.0532,2.122,-0.3711,1.316,0.0227,1.0489,-0.602,1.524,-0.4746
2.3712,0.0026,3.3322,0.3904,2.5444,-0.1519,3.2043,-0.0719,2.3378,-0.4029,1.3493,0.0109,0.9779,-0.5592,1.7716,-0.5493
2.3712,0.0026,3.3322,0.3904,2.5444,-0.1519,3.2043,-0.0719,2.3378,-0.4029,1.3493,0.0109,0.9779,-0.5592,1.7716,-0.5493
2.3591,0.0201,3.2903,0.4164,2.8673,-0.266,3.1971,-0.0615,2.2695,-0.3044,1.3592,-0.0034,0.9586,-0.5612,1.8905,-0.5785
2.3591,0.0201,3.2903,0.4164,2.8673,-0.266,3.1971,-0.0615,2.2695,-0.3044,1.3592,-0.0034,0.9586,-0.5612,1.8905,-0.5785
2.3591,0.0201,3.2903,0.4164,2.8673,-0.266,3.1971,-0.0615,2.2695,-0.3044,1.3592,-0.0034,0.9586,-0.5612,1.8905,-0.5785
2.3591,0.0201,3.2903,0.4164,2.8673,-0.266,3.1971,-0.0615,2.2695,-0.3044,1.3592,-0.0034,0.9586,-0.5612,1.8905,-0.5785
2.3206,0.0336,3.2264,0.4054,3.0867,-0.4049,3.1409,-0.0574,2.2145,-0.2252,1.3493,0.0109,0.9748,-0.5846,1.9106,-0.56
2.3206,0.0336,3.2264,0.4054,3.0867,-0.4049,3.1409,-0.0574,2.2145,-0.2252,1.3493,0.0109,0.9748,-0.5846,1.9106,-0.56
2.2418,0.022,3.2461,0.3427,2.7862,-0.2374,3.0831,-0.076,1.9553,-0.2232,1.4519,-0.1008,0.8648,-0.6335,1.5512,-0.4202
2.2418,0.022,3.2461,0.3427,2.7862,-0.2374,3.0831,-0.076,1.9553,-0.2232,1.4519,-0.1008,0.8648,-0.6335,1.5512,-0.4202
2.3426,-0.0398,3.2767,0.2985,2.5681,-0.0986,3.0273,-0.0719,1.8829,-0.257,1.5246,-0.1694,0.8156,-0.6511,1.3911,-0.3764
2.3426,-0.0398,3.2767,0.2985,2.5681,-0.0986,3.0273,-0.0719,1.8829,-0.257,1.5246,-0.1694,0.8156,-0.6511,1.3911,-0.3764
2.3426,-0.0398,3.2767,0.2985,2.5681,-0.0986,3.0273,-0.0719,1.8829,-0.257,1.5246,-0.1694,0.8156,-0.6511,1.3911,-0.3764
2.3426,-0.0398,3.2767,0.2985,2.5681,-0.0986,3.0273,-0.0719,1.8829,-0.257,1.5246,-0.1694,0.8156,-0.6511,1.3911,-0.3764
2.47,-0.098,3.2657,0.2802,2.2994,0.0273,3.0021,-0.0864,1.9523,-0.3112,1.558,-0.1812,0.7615,-0.632,1.3291,-0.3802
2.47,-0.098,3.2657,0.2802,2.2994,0.0273,3.0021,-0.0864,1.9523,-0.3112,1.558,-0.1812,0.7615,-0.632,1.3291,-0.3802
2.47,-0.098,3.2657,0.2802,2.2994,0.0273,3.0021,-0.0864,1.9523,-0.3112,1.558,-0.1812,0.7615,-0.632,1.3291,-0.3802
2.5352,-0.1079,3.2029,0.3024,2.0678,0.0165,3.0702,-0.1338,2.0082,-0.3457,1.4222,-0.058,0.7266,-0.6109,1.2791,-0.4009
2.5352,-0.1079,3.2029,0.3024,2.0678,0.0165,3.0702,-0.1338,2.0082,-0.3457,1.4222,-0.058,0.7266,-0.6109,1.2791,-0.4009
2.4338,-0.0458,3.1402,0.3246,2.0457,-0.0371,3.0612,-0.1462,1.9811,-0.3065,1.3493,0.0109,0.7805,-0.63,1.3761,-0.448
2.4338,-0.0458,3.1402,0.3246,2.0457,-0.0371,3.0612,-0.1462,1.9811,-0.3065,1.3493,0.0109,0.7805,-0.63,1.3761,-0.448
2.2539,0.0046,3.1083,0.3027,2.0013,-0.1434,2.9823,-0.1338,2.0098,-0.3019,1.3061,0.037,0.8808,-0.6567,1.4188,-0.4631
2.2539,0.0046,3.1083,0.3027,2.0013,-0.1434,2.9823,-0.1338,2.0098,-0.3019,1.3061,0.037,0.8808,-0.6567,1.4188,-0.4631
2.0217,0.0081,3.0756,0.2481,1.7587,-0.2981,2.8256,-0.1094,2.0387,-0.2972,1.2962,0.0513,1.0362,-0.7028,1.4617,-0.4782
2.0217,0.0081,3.0756,0.2481,1.7587,-0.2981,2.8256,-0.1094,2.0387,-0.2972,1.2962,0.0513,1.0362,-0.7028,1.4617,-0.4782
1.8813,0.0057,3.0958,0.219,1.6879,-0.3621,2.7319,-0.0995,1.9675,-0.2869,1.2596,0.0318,1.0442,-0.7144,1.4734,-0.4951
1.8813,0.0057,3.0958,0.219,1.6879,-0.3621,2.7319,-0.0995,1.9675,-0.2869,1.2596,0.0318,1.0442,-0.7144,1.4734,-0.4951
1.8302,-0.0022,3.0958,0.219,1.7641,-0.389,2.6544,-0.0876,1.9811,-0.3065,1.2132,0.0266,0.9736,-0.672,1.4306,-0.48
1.8302,-0.0022,3.0958,0.219,1.7641,-0.389,2.6544,-0.0876,1.9811,-0.3065,1.2132,0.0266,0.9736,-0.672,1.4306,-0.48
1.7912,-0.0272,3.0445,0.259,1.715,-0.4012,2.6,-0.0838,2.037,-0.3411,1.2,0.0098,0.9111,-0.6411,1.4423,-0.4968
1.7912,-0.0272,3.0445,0.259,1.715,-0.4012,2.6,-0.0838,2.037,-0.3411,1.2,0.0098,0.9111,-0.6411,1.4423,-0.4968
1.7912,-0.0272,3.0445,0.259,1.715,-0.4012,2.6,-0.0838,2.037,-0.3411,1.2,0.0098,0.9111,-0.6411,1.4423,-0.4968
1.8285,-0.0404,2.9832,0.3137,1.8899,-0.4038,2.6212,-0.1144,2.0795,-0.3561,1.1538,0.0046,0.8296,-0.6124,1.5397,-0.544
1.8285,-0.0404,2.9832,0.3137,1.8899,-0.4038,2.6212,-0.1144,2.0795,-0.3561,1.1538,0.0046,0.8296,-0.6124,1.5397,-0.544
1.803,-0.0443,2.9313,0.321,2.1213,-0.4856,2.6196,-0.1368,2.0098,-0.3019,1.1406,-0.0123,0.7915,-0.6164,1.6804,-0.6064
1.8149,-0.0614,2.8488,0.3392,2.4331,-0.5957,2.5881,-0.1411,1.8979,-0.2327,1.1176,-0.0148,0.7535,-0.6205,1.6804,-0.6064
1.8149,-0.0614,2.8488,0.3392,2.4331,-0.5957,2.5881,-0.1411,1.8979,-0.2327,1.1176,-0.0148,0.7535,-0.6205,1.6804,-0.6064
1.8149,-0.0614,2.8281,0.3355,2.4571,-0.5448,2.5724,-0.1432,1.7839,-0.2516,1.0684,-0.0509,0.6321,-0.6212,1.4657,-0.5306
1.8149,-0.0614,2.8281,0.3355,2.4571,-0.5448,2.5724,-0.1432,1.7839,-0.2516,1.0684,-0.0509,0.6321,-0.6212,1.4657,-0.5306
1.9902,-0.1105,2.8382,0.3209,2.3195,-0.3465,2.5881,-0.1411,1.6425,-0.2754,1.0749,-0.0958,0.5303,-0.62,1.3185,-0.504
1.9902,-0.1105,2.8382,0.3209,2.3195,-0.3465,2.5881,-0.1411,1.6425,-0.2754,1.0749,-0.0958,0.5303,-0.62,1.3185,-0.504
2.181,-0.1391,2.9206,0.3028,2.3662,-0.2419,2.6739,-0.1407,1.5863,-0.2849,1.1271,-0.1355,0.485,-0.6126,1.203,-0.4759
2.181,-0.1391,2.9206,0.3028,2.3662,-0.2419,2.6739,-0.1407,1.5863,-0.2849,1.1271,-0.1355,0.485,-0.6126,1.203,-0.4759
2.181,-0.1391,2.9206,0.3028,2.3662,-0.2419,2.6739,-0.1407,1.5863,-0.2849,1.1271,-0.1355,0.485,-0.6126,1.203,-0.4759
2.3379,-0.1166,3.0351,0.3064,2.3332,-0.1081,2.8309,-0.1422,1.6132,-0.3237,1.1207,-0.0907,0.5037,-0.6105,1.203,-0.4759
2.3379,-0.1166,3.0351,0.3064,2.3332,-0.1081,2.8309,-0.1422,1.6132,-0.3237,1.1207,-0.0907,0.5037,-0.6105,1.203,-0.4759
2.4483,-0.0246,3.1301,0.3392,2.4878,-0.0702,3.0056,-0.142,1.7246,-0.3484,1.1373,-0.0432,0.5598,-0.6043,1.2644,-0.4722
2.4483,-0.0246,3.1301,0.3392,2.4878,-0.0702,3.0056,-0.142,1.7246,-0.3484,1.1373,-0.0432,0.5598,-0.6043,1.2644,-0.4722
2.5183,0.0431,3.2359,0.3574,2.5917,-0.0449,3.1046,-0.107,1.8245,-0.3103,1.1769,0.0072,0.7346,-0.6225,1.3026,-0.4347
2.455,0.092,3.3314,0.3571,2.4878,-0.0702,3.1175,-0.0491,1.9523,-0.3112,1.2132,0.0266,0.9111,-0.6411,1.3954,-0.4292
2.4163,0.1057,3.448,0.3271,2.4926,-0.1644,3.1121,-0.0158,2.025,-0.2776,1.2265,0.0435,1.0426,-0.6525,1.4457,-0.4086
2.4163,0.1057,3.448,0.3271,2.4926,-0.1644,3.1121,-0.0158,2.025,-0.2776,1.2265,0.0435,1.0426,-0.6525,1.4457,-0.4086
2.4939,0.0783,3.5869,0.3004,2.5727,-0.1927,3.1375,-0.0012,2.1255,-0.2833,1.3061,0.037,1.0844,-0.6233,1.5081,-0.4049
2.4939,0.0783,3.5869,0.3004,2.5727,-0.1927,3.1375,-0.0012,2.1255,-0.2833,1.3061,0.037,1.0844,-0.6233,1.5081,-0.4049
2.4939,0.0783,3.5869,0.3004,2.5727,-0.1927,3.1375,-0.0012,2.1255,-0.2833,1.3061,0.037,1.0844,-0.6233,1.5081,-0.4049
2.5717,0.0508,3.6419,0.3258,2.6248,-0.1803,3.1629,0.0135,2.2402,-0.309,1.406,0.0017,1.0439,-0.5649,1.5631,-0.4372
2.5717,0.0508,3.6419,0.3258,2.6248,-0.1803,3.1629,0.0135,2.2402,-0.309,1.406,0.0017,1.0439,-0.5649,1.5631,-0.4372
2.5717,0.0508,3.6419,0.3258,2.6248,-0.1803,3.1629,0.0135,2.2402,-0.309,1.406,0.0017,1.0439,-0.5649,1.5631,-0.4372
2.6131,0.0761,3.6441,0.3926,2.7295,-0.1556,3.1956,0.0177,2.4717,-0.3609,1.4629,-0.0076,1.047,-0.5394,1.6259,-0.4337
2.6131,0.0761,3.6441,0.3926,2.7295,-0.1556,3.1956,0.0177,2.4717,-0.3609,1.4629,-0.0076,1.047,-0.5394,1.6259,-0.4337
2.6277,0.0976,3.6129,0.4376,2.8636,-0.172,3.2357,0.0115,2.5884,-0.3872,1.4764,0.0093,0.9839,-0.5083,1.7679,-0.4967
2.63,0.1369,3.6566,0.4448,3.2174,-0.2349,3.2995,-0.0032,2.5769,-0.3232,1.4764,0.0093,0.9646,-0.5103,1.8988,-0.5429
2.63,0.1369,3.6566,0.4448,3.2174,-0.2349,3.2995,-0.0032,2.5769,-0.3232,1.4764,0.0093,0.9646,-0.5103,1.8988,-0.5429
2.6177,0.1547,3.6785,0.4485,3.5223,-0.3114,3.3233,-0.0116,2.478,-0.228,1.443,0.0211,0.9728,-0.5221,1.9628,-0.5398
2.6177,0.1547,3.6785,0.4485,3.5223,-0.3114,3.3233,-0.0116,2.478,-0.228,1.443,0.0211,0.9728,-0.5221,1.9628,-0.5398
2.5909,0.1507,3.7212,0.422,3.4936,-0.27,3.3233,-0.0116,2.2886,-0.1913,1.4394,-0.0101,0.9586,-0.5612,1.8314,-0.4934
2.5909,0.1507,3.7212,0.422,3.4936,-0.27,3.3233,-0.0116,2.2886,-0.1913,1.4394,-0.0101,0.9586,-0.5612,1.8314,-0.4934
2.6546,0.1014,3.6993,0.4184,3.2942,-0.0737,3.3068,-0.0137,2.0859,-0.1797,1.5125,-0.0791,0.898,-0.5927,1.5944,-0.4354
2.6546,0.1014,3.6993,0.4184,3.2942,-0.0737,3.3068,-0.0137,2.0859,-0.1797,1.5125,-0.0791,0.898,-0.5927,1.5944,-0.4354
2.6546,0.1014,3.6993,0.4184,3.2942,-0.0737,3.3068,-0.0137,2.0859,-0.1797,1.5125,-0.0791,0.898,-0.5927,1.5944,-0.4354
2.7577,0.0383,3.667,0.4298,3.1816,-0.0023,3.3068,-0.0137,2.0417,-0.209,1.5658,-0.1195,0.8517,-0.5851,1.5199,-0.4219
2.7577,0.0383,3.667,0.4298,3.1816,-0.0023,3.3068,-0.0137,2.0417,-0.209,1.5658,-0.1195,0.8517,-0.5851,1.5199,-0.4219
2.7577,0.0383,3.667,0.4298,3.1816,-0.0023,3.3068,-0.0137,2.0417,-0.209,1.5658,-0.1195,0.8517,-0.5851,1.5199,-0.4219
2.7455,0.056,3.5807,0.449,3.0444,0.0146,3.4092,-0.0578,2.1118,-0.2636,1.5398,-0.0456,0.8245,-0.5755,1.4575,-0.4256
2.7455,0.056,3.5807,0.449,3.0444,0.0146,3.4092,-0.0578,2.1118,-0.2636,1.5398,-0.0456,0.8245,-0.5755,1.4575,-0.4256
2.7455,0.056,3.5807,0.449,3.0444,0.0146,3.4092,-0.0578,2.1118,-0.2636,1.5398,-0.0456,0.8245,-0.5755,1.4575,-0.4256
2.64,0.0799,3.5798,0.4154,2.9948,-0.0938,3.3543,-0.0305,2.1118,-0.2636,1.4963,-0.0194,0.9333,-0.6139,1.5123,-0.4577
2.64,0.0799,3.5798,0.4154,2.9948,-0.0938,3.3543,-0.0305,2.1118,-0.2636,1.4963,-0.0194,0.9333,-0.6139,1.5123,-0.4577
2.455,0.092,3.5994,0.3521,2.7011,-0.1146,3.2574,-0.0199,2.1118,-0.2636,1.4294,0.0042,1.0152,-0.6429,1.524,-0.4746
2.3633,0.0978,3.6625,0.2961,2.5681,-0.0986,3.2173,-0.0136,2.1255,-0.2833,1.4394,-0.0101,0.9991,-0.6196,1.4811,-0.4595
2.3633,0.0978,3.6625,0.2961,2.5681,-0.0986,3.2173,-0.0136,2.1255,-0.2833,1.4394,-0.0101,0.9991,-0.6196,1.4811,-0.4595
2.3877,0.0628,3.6201,0.3223,2.5161,-0.1111,3.201,-0.0157,2.2402,-0.309,1.4394,-0.0101,0.986,-0.5709,1.5123,-0.4577
2.3877,0.0628,3.6201,0.3223,2.5161,-0.1111,3.201,-0.0157,2.2402,-0.309,1.4394,-0.0101,0.986,-0.5709,1.5123,-0.4577
2.4384,0.0316,3.557,0.3783,2.4361,-0.0828,3.201,-0.0157,2.3988,-0.3501,1.4827,-0.0362,0.9343,-0.5261,1.5748,-0.4542
2.4384,0.0316,3.557,0.3783,2.4361,-0.0828,3.201,-0.0157,2.3988,-0.3501,1.4827,-0.0362,0.9343,-0.5261,1.5748,-0.4542
2.4916,0.0393,3.5363,0.4081,2.5681,-0.0986,3.2246,-0.0241,2.5014,-0.3565,1.4963,-0.0194,0.9261,-0.5144,1.748,-0.5154
2.4916,0.0393,3.5363,0.4081,2.5681,-0.0986,3.2246,-0.0241,2.5014,-0.3565,1.4963,-0.0194,0.9261,-0.5144,1.748,-0.5154
2.4916,0.0393,3.5363,0.4081,2.5681,-0.0986,3.2246,-0.0241,2.5014,-0.3565,1.4963,-0.0194,0.9261,-0.5144,1.748,-0.5154
2.5449,0.0469,3.494,0.4344,2.892,-0.213,3.2173,-0.0136,2.5333,-0.3078,1.51,-0.0025,0.9535,-0.5241,1.9106,-0.56
2.5328,0.0645,3.494,0.4344,2.9736,-0.2419,3.2173,-0.0136,2.4167,-0.2816,1.4629,-0.0076,0.9121,-0.5536,1.8115,-0.5121
2.5328,0.0645,3.494,0.4344,2.9736,-0.2419,3.2173,-0.0136,2.4167,-0.2816,1.4629,-0.0076,0.9121,-0.5536,1.8115,-0.5121
2.5304,0.0256,3.4714,0.3973,2.8106,-0.1843,3.1519,-0.022,2.2421,-0.2648,1.5261,-0.0624,0.8517,-0.5851,1.6377,-0.4507
2.5304,0.0256,3.4714,0.3973,2.8106,-0.1843,3.1519,-0.022,2.2421,-0.2648,1.5261,-0.0624,0.8517,-0.5851,1.6377,-0.4507
2.6326,-0.037,3.4386,0.3752,2.5917,-0.0449,3.0958,-0.0179,2.2402,-0.309,1.5658,-0.1195,0.7945,-0.5912,1.5317,-0.4389
2.6326,-0.037,3.4386,0.3752,2.5917,-0.0449,3.0958,-0.0179,2.2402,-0.309,1.5658,-0.1195,0.7945,-0.5912,1.5317,-0.4389
2.7106,-0.0646,3.4386,0.3752,2.5111,-0.0165,3.1337,-0.047,2.2402,-0.309,1.5795,-0.1028,0.8025,-0.6028,1.4887,-0.4237
2.7106,-0.0646,3.4386,0.3752,2.5111,-0.0165,3.1337,-0.047,2.2402,-0.309,1.5795,-0.1028,0.8025,-0.6028,1.4887,-0.4237
2.7106,-0.0646,3.4386,0.3752,2.5111,-0.0165,3.1337,-0.047,2.2402,-0.309,1.5795,-0.1028,0.8025,-0.6028,1.4887,-0.4237
2.6473,-0.0157,3.3956,0.368,2.4077,-0.0419,3.1625,-0.0885,2.2558,-0.2846,1.5398,-0.0456,0.8216,-0.6008,1.5199,-0.4219
2.6473,-0.0157,3.3956,0.368,2.4077,-0.0419,3.1625,-0.0885,2.2558,-0.2846,1.5398,-0.0456,0.8216,-0.6008,1.5199,-0.4219
2.6473,-0.0157,3.3956,0.368,2.4077,-0.0419,3.1625,-0.0885,2.2558,-0.2846,1.5398,-0.0456,0.8216,-0.6008,1.5199,-0.4219
2.3855,0.0239,3.3621,0.3128,2.315,-0.2542,3.004,-0.0637,2.3144,-0.2755,1.51,-0.0025,0.9686,-0.6352,1.6062,-0.4524
2.3855,0.0239,3.3621,0.3128,2.315,-0.2542,3.004,-0.0637,2.3144,-0.2755,1.51,-0.0025,0.9686,-0.6352,1.6062,-0.4524
2.3855,0.0239,3.3621,0.3128,2.315,-0.2542,3.004,-0.0637,2.3144,-0.2755,1.51,-0.0025,0.9686,-0.6352,1.6062,-0.4524
2.268,0.0259,3.3713,0.2651,2.1626,-0.2911,2.9091,-0.0536,2.2421,-0.2648,1.4963,-0.0194,0.9767,-0.6468,1.5748,-0.4542
2.268,0.0259,3.3713,0.2651,2.1626,-0.2911,2.9091,-0.0536,2.2421,-0.2648,1.4963,-0.0194,0.9767,-0.6468,1.5748,-0.4542
2.2539,0.0046,3.3713,0.2651,2.0846,-0.2635,2.861,-0.0599,2.1837,-0.2741,1.4592,-0.0387,0.8869,-0.6063,1.5123,-0.4577
2.2539,0.0046,3.3713,0.2651,2.0846,-0.2635,2.861,-0.0599,2.1837,-0.2741,1.4592,-0.0387,0.8869,-0.6063,1.5123,-0.4577
2.2779,-0.0301,3.3091,0.3204,2.0846,-0.2635,2.8362,-0.0744,2.3125,-0.3196,1.4159,-0.0126,0.8355,-0.5618,1.4693,-0.4425
2.2779,-0.0301,3.2674,0.3463,2.2133,-0.2788,2.8504,-0.095,2.3262,-0.3394,1.3592,-0.0034,0.7893,-0.5543,1.567,-0.4899
2.2376,-0.0551,3.1935,0.3501,2.3472,-0.3863,2.8096,-0.1115,2.3419,-0.3151,1.326,0.0084,0.7703,-0.5563,1.6533,-0.5203
2.2376,-0.0551,3.1935,0.3501,2.3472,-0.3863,2.8096,-0.1115,2.3419,-0.3151,1.326,0.0084,0.7703,-0.5563,1.6533,-0.5203
2.1734,-0.0454,3.1512,0.3429,2.426,-0.4142,2.7778,-0.1158,2.2265,-0.2892,1.2893,-0.011,0.7404,-0.5721,1.6102,-0.5051
2.1734,-0.0454,3.1512,0.3429,2.426,-0.4142,2.7778,-0.1158,2.2265,-0.2892,1.2893,-0.011,0.7404,-0.5721,1.6102,-0.5051
2.1734,-0.0454,3.1512,0.3429,2.426,-0.4142,2.7778,-0.1158,2.2265,-0.2892,1.2893,-0.011,0.7404,-0.5721,1.6102,-0.5051
2.1995,-0.0416,3.1301,0.3392,2.315,-0.2542,2.7548,-0.1076,2.0539,-0.2729,1.2394,-0.0472,0.6378,-0.5708,1.4617,-0.4782
2.1995,-0.0416,3.1301,0.3392,2.315,-0.2542,2.7548,-0.1076,2.0539,-0.2729,1.2394,-0.0472,0.6378,-0.5708,1.4617,-0.4782
2.1995,-0.0416,3.1301,0.3392,2.315,-0.2542,2.7548,-0.1076,2.0539,-0.2729,1.2394,-0.0472,0.6378,-0.5708,1.4617,-0.4782
2.3523,-0.0956,3.1504,0.3099,2.2311,-0.1332,2.716,-0.1016,1.9252,-0.272,1.269,-0.0897,0.5733,-0.5655,1.3995,-0.4817
2.441,-0.14,3.1504,0.3099,2.1523,-0.1054,2.7231,-0.1118,1.8965,-0.2767,1.2458,-0.0922,0.5358,-0.5697,1.3377,-0.4853
2.4026,-0.1264,3.1083,0.3027,2.0235,-0.0904,2.7602,-0.1404,1.9237,-0.3158,1.1701,-0.0548,0.4904,-0.5624,1.3919,-0.5172
2.4026,-0.1264,3.1083,0.3027,2.0235,-0.0904,2.7602,-0.1404,1.9237,-0.3158,1.1701,-0.0548,0.4904,-0.5624,1.3919,-0.5172
2.4026,-0.1264,3.1083,0.3027,2.0235,-0.0904,2.7602,-0.1404,1.9237,-0.3158,1.1701,-0.0548,0.4904,-0.5624,1.3919,-0.5172
2.3162,-0.0436,3.0771,0.3137,2.0514,-0.1307,2.7973,-0.1689,1.9795,-0.3503,1.1274,-0.029,0.4717,-0.5645,1.4036,-0.534
2.3162,-0.0436,3.0771,0.3137,2.0514,-0.1307,2.7973,-0.1689,1.9795,-0.3503,1.1274,-0.029,0.4717,-0.5645,1.4036,-0.534
2.3162,-0.0436,3.0771,0.3137,2.0514,-0.1307,2.7973,-0.1689,1.9795,-0.3503,1.1274,-0.029,0.4717,-0.5645,1.4036,-0.534
2.2015,-0.0031,3.025,0.321,2.0291,-0.1835,2.7355,-0.1548,1.9523,-0.3112,1.0618,-0.0059,0.5064,-0.5854,1.4036,-0.534
2.2015,-0.0031,3.025,0.321,2.0291,-0.1835,2.7355,-0.1548,1.9523,-0.3112,1.0618,-0.0059,0.5064,-0.5854,1.4036,-0.534
2.2015,-0.0031,3.025,0.321,2.0291,-0.1835,2.7355,-0.1548,1.9523,-0.3112,1.0618,-0.0059,0.5064,-0.5854,1.4036,-0.534
2.0079,-0.013,3.0857,0.2335,1.8849,-0.3128,2.5756,-0.0983,1.8815,-0.3009,0.9705,-0.0163,0.565,-0.6409,1.276,-0.489
2.0715,-0.0225,3.1387,0.2588,2.0119,-0.3278,2.5929,-0.0736,1.8679,-0.2813,0.9803,-0.0305,0.549,-0.6179,1.2337,-0.474
2.0715,-0.0225,3.1387,0.2588,2.0119,-0.3278,2.5929,-0.0736,1.8679,-0.2813,0.9803,-0.0305,0.549,-0.6179,1.2337,-0.474
2.0715,-0.0225,3.1387,0.2588,2.0119,-0.3278,2.5929,-0.0736,1.8679,-0.2813,0.9803,-0.0305,0.549,-0.6179,1.2337,-0.474
2.1634,0.0104,3.2037,0.3354,2.2133,-0.2788,2.6876,-0.0607,2.0795,-0.3561,1.0455,-0.0535,0.5251,-0.5833,1.2337,-0.474
2.1634,0.0104,3.2037,0.3354,2.2133,-0.2788,2.6876,-0.0607,2.0795,-0.3561,1.0455,-0.0535,0.5251,-0.5833,1.2337,-0.474
2.3085,0.0511,3.2903,0.4164,2.3895,-0.1892,2.8076,-0.0333,2.25,-0.4163,1.0815,-0.0342,0.5545,-0.5676,1.3068,-0.4872
2.3085,0.0511,3.2903,0.4164,2.3895,-0.1892,2.8076,-0.0333,2.25,-0.4163,1.0815,-0.0342,0.5545,-0.5676,1.3068,-0.4872
2.4817,0.0959,3.4301,0.457,2.6487,-0.1271,2.9591,-0.0244,2.2812,-0.3681,1.1406,-0.0123,0.5841,-0.5519,1.4968,-0.5288
2.4817,0.0959,3.4301,0.457,2.6487,-0.1271,2.9591,-0.0244,2.2812,-0.3681,1.1406,-0.0123,0.5841,-0.5519,1.4968,-0.5288
2.564,0.1468,3.5165,0.4717,3.1346,-0.2056,3.0796,-0.02,2.2576,-0.2404,1.2,0.0098,0.6056,-0.5245,1.6885,-0.5711
2.6716,0.1625,3.6462,0.4599,3.4936,-0.27,3.1846,-0.0178,2.2316,-0.156,1.2463,0.0149,0.6703,-0.5298,1.7517,-0.5679
2.6716,0.1625,3.6462,0.4599,3.4936,-0.27,3.1846,-0.0178,2.2316,-0.156,1.2463,0.0149,0.6703,-0.5298,1.7517,-0.5679
2.6716,0.1625,3.6462,0.4599,3.4936,-0.27,3.1846,-0.0178,2.2316,-0.156,1.2463,0.0149,0.6703,-0.5298,1.7517,-0.5679
2.711,0.1486,3.6785,0.4485,3.4911,-0.1749,3.2101,-0.0032,2.1593,-0.1456,1.3324,-0.037,0.6864,-0.553,1.6102,-0.5051
2.711,0.1486,3.6785,0.4485,3.4911,-0.1749,3.2101,-0.0032,2.1593,-0.1456,1.3324,-0.037,0.6864,-0.553,1.6102,-0.5051
2.711,0.1486,3.6785,0.4485,3.4911,-0.1749,3.2101,-0.0032,2.1593,-0.1456,1.3324,-0.037,0.6864,-0.553,1.6102,-0.5051
2.8295,0.1067,3.7328,0.4406,3.3489,-0.0614,3.2357,0.0115,2.1011,-0.1551,1.4519,-0.1008,0.6864,-0.553,1.4693,-0.4425
2.9088,0.0787,3.7548,0.4442,3.2359,0.0103,3.2995,-0.0032,2.1287,-0.1949,1.4556,-0.0698,0.6594,-0.5435,1.3836,-0.4122
2.9088,0.0787,3.7548,0.4442,3.2359,0.0103,3.2995,-0.0032,2.1287,-0.1949,1.4556,-0.0698,0.6594,-0.5435,1.3836,-0.4122
2.8965,0.0965,3.7548,0.4442,3.2359,0.0103,3.3636,-0.0179,2.1716,-0.21,1.4728,-0.0219,0.6972,-0.5393,1.3836,-0.4122
2.7504,0.1346,3.7212,0.422,3.1023,-0.069,3.3325,0.001,2.2438,-0.2205,1.443,0.0211,0.7893,-0.5543,1.4575,-0.4256
2.7504,0.1346,3.7212,0.422,3.1023,-0.069,3.3325,0.001,2.2438,-0.2205,1.443,0.0211,0.7893,-0.5543,1.4575,-0.4256
2.6423,0.1192,3.7201,0.3884,2.8307,-0.0358,3.2376,0.0345,2.2576,-0.2404,1.4095,0.0329,0.8627,-0.5714,1.4147,-0.4104
2.6423,0.1192,3.7201,0.3884,2.8307,-0.0358,3.2376,0.0345,2.2576,-0.2404,1.4095,0.0329,0.8627,-0.5714,1.4147,-0.4104
2.6423,0.1192,3.7201,0.3884,2.8307,-0.0358,3.2376,0.0345,2.2576,-0.2404,1.4095,0.0329,0.8627,-0.5714,1.4147,-0.4104
2.6423,0.1192,3.7201,0.3884,2.8307,-0.0358,3.2376,0.0345,2.2576,-0.2404,1.4095,0.0329,0.8627,-0.5714,1.4147,-0.4104
2.5228,0.1213,3.7616,0.3286,2.644,-0.0323,3.1884,0.0282,2.2576,-0.2404,1.4195,0.0186,0.8737,-0.5577,1.4147,-0.4104
2.5228,0.1213,3.7616,0.3286,2.644,-0.0323,3.1884,0.0282,2.2576,-0.2404,1.4195,0.0186,0.8737,-0.5577,1.4147,-0.4104
2.5863,0.0722,3.6878,0.3998,2.644,-0.0323,3.1884,0.0282,2.5173,-0.3322,1.4394,-0.0101,0.7707,-0.4684,1.4693,-0.4425
2.5863,0.0722,3.6878,0.3998,2.644,-0.0323,3.1884,0.0282,2.5173,-0.3322,1.4394,-0.0101,0.7707,-0.4684,1.4693,-0.4425
2.5863,0.0722,3.6878,0.3998,2.644,-0.0323,3.1884,0.0282,2.5173,-0.3322,1.4394,-0.0101,0.7707,-0.4684,1.4693,-0.4425
2.64,0.0799,3.667,0.4298,2.8881,-0.1185,3.212,0.0198,2.6206,-0.3386,1.4394,-0.0101,0.7354,-0.447,1.6416,-0.5034
2.64,0.0799,3.667,0.4298,2.8881,-0.1185,3.212,0.0198,2.6206,-0.3386,1.4394,-0.0101,0.7354,-0.447,1.6416,-0.5034
2.64,0.0799,3.6347,0.4412,3.0808,-0.2177,3.2047,0.0303,2.5653,-0.2589,1.4728,-0.0219,0.7436,-0.4588,1.7362,-0.4984
2.7577,0.0383,3.667,0.4298,3.0773,-0.1229,3.1811,0.0386,2.4483,-0.2326,1.4927,-0.0505,0.7028,-0.4885,1.6377,-0.4507
2.7577,0.0383,3.667,0.4298,3.0773,-0.1229,3.1811,0.0386,2.4483,-0.2326,1.4927,-0.0505,0.7028,-0.4885,1.6377,-0.4507
2.8883,-0.0212,3.6555,0.4112,2.966,-0.0523,3.1884,0.0282,2.3752,-0.2218,1.546,-0.091,0.673,-0.5044,1.5394,-0.4031
2.8883,-0.0212,3.6555,0.4112,2.966,-0.0523,3.1884,0.0282,2.3752,-0.2218,1.546,-0.091,0.673,-0.5044,1.5394,-0.4031
2.8883,-0.0212,3.6555,0.4112,2.966,-0.0523,3.1884,0.0282,2.3752,-0.2218,1.546,-0.091,0.673,-0.5044,1.5394,-0.4031
2.9704,-0.0101,3.6451,0.4262,2.8838,-0.0232,3.2357,0.0115,2.3457,-0.2265,1.5497,-0.0599,0.6811,-0.516,1.4963,-0.3879
2.9704,-0.0101,3.6451,0.4262,2.8838,-0.0232,3.2357,0.0115,2.3457,-0.2265,1.5497,-0.0599,0.6811,-0.516,1.4963,-0.3879
2.8938,0.0571,3.6555,0.4112,2.7203,0.0346,3.2738,-0.0178,2.3319,-0.2065,1.5199,-0.0169,0.6811,-0.516,1.5394,-0.4031
2.8965,0.0965,3.6555,0.4112,2.8019,0.0057,3.2903,-0.0158,2.3475,-0.1819,1.5572,0.0025,0.7732,-0.531,1.5826,-0.4184
2.8965,0.0965,3.6555,0.4112,2.8019,0.0057,3.2903,-0.0158,2.3475,-0.1819,1.5572,0.0025,0.7732,-0.531,1.5826,-0.4184
2.7628,0.1168,3.6223,0.3891,2.8351,-0.1309,3.2029,0.0073,2.3632,-0.1572,1.5472,0.0169,0.9556,-0.5866,1.614,-0.4166
2.7628,0.1168,3.6223,0.3891,2.8351,-0.1309,3.2029,0.0073,2.3632,-0.1572,1.5472,0.0169,0.9556,-0.5866,1.614,-0.4166
2.7628,0.1168,3.6223,0.3891,2.8351,-0.1309,3.2029,0.0073,2.3632,-0.1572,1.5472,0.0169,0.9556,-0.5866,1.614,-0.4166
2.7628,0.1168,3.6223,0.3891,2.8351,-0.1309,3.2029,0.0073,2.3632,-0.1572,1.5472,0.0169,0.9556,-0.5866,1.614,-0.4166
2.5618,0.1075,3.6201,0.3223,2.5769,-0.2859,3.0363,0.0425,2.4363,-0.1679,1.6046,0.0075,1.057,-0.6136,1.6889,-0.4302
2.5618,0.1075,3.6201,0.3223,2.5769,-0.2859,3.0363,0.0425,2.4363,-0.1679,1.6046,0.0075,1.057,-0.6136,1.6889,-0.4302
2.5618,0.1075,3.6201,0.3223,2.5769,-0.2859,3.0363,0.0425,2.4363,-0.1679,1.6046,0.0075,1.057,-0.6136,1.6889,-0.4302
2.402,0.0842,3.5983,0.3188,2.4497,-0.3623,2.8927,0.046,2.4483,-0.2326,1.5672,-0.0119,0.9586,-0.5612,1.6377,-0.4507
2.402,0.0842,3.5983,0.3188,2.4497,-0.3623,2.8927,0.046,2.4483,-0.2326,1.5672,-0.0119,0.9586,-0.5612,1.6377,-0.4507
2.4141,0.0666,3.557,0.3783,2.3706,-0.3344,2.8374,0.0499,2.5195,-0.2879,1.4764,0.0093,0.8494,-0.5227,1.5631,-0.4372
2.4141,0.0666,3.557,0.3783,2.3706,-0.3344,2.8374,0.0499,2.5195,-0.2879,1.4764,0.0093,0.8494,-0.5227,1.5631,-0.4372
2.4263,0.0491,3.526,0.4231,2.5012,-0.3503,2.8589,0.0188,2.6068,-0.3187,1.4529,0.0068,0.776,-0.5055,1.6613,-0.4847
2.4263,0.0491,3.526,0.4231,2.5012,-0.3503,2.8589,0.0188,2.6068,-0.3187,1.4529,0.0068,0.776,-0.5055,1.6613,-0.4847
2.4263,0.0491,3.526,0.4231,2.5012,-0.3503,2.8589,0.0188,2.6068,-0.3187,1.4529,0.0068,0.776,-0.5055,1.6613,-0.4847
2.4384,0.0316,3.4301,0.457,2.7407,-0.4349,2.8573,-0.0041,2.5653,-0.2589,1.4529,0.0068,0.757,-0.5076,1.835,-0.5461
2.4384,0.0316,3.4301,0.457,2.7407,-0.4349,2.8573,-0.0041,2.5653,-0.2589,1.4529,0.0068,0.757,-0.5076,1.835,-0.5461
2.4241,0.0103,3.3655,0.446,2.9016,-0.4918,2.8396,-0.029,2.4641,-0.208,1.3727,0.0135,0.719,-0.5118,1.835,-0.5461
2.4241,0.0103,3.3655,0.446,2.9016,-0.4918,2.8396,-0.029,2.4641,-0.208,1.3727,0.0135,0.719,-0.5118,1.835,-0.5461
2.4097,-0.011,3.333,0.4237,2.7653,-0.3829,2.8076,-0.0333,2.2593,-0.1959,1.2992,-0.0253,0.5787,-0.515,1.618,-0.4694
2.5256,-0.052,3.3219,0.4052,2.6812,-0.2617,2.8148,-0.0436,2.1425,-0.2147,1.3056,-0.0705,0.4957,-0.5119,1.4575,-0.4256
2.6153,-0.0968,3.3108,0.3867,2.5727,-0.1927,2.861,-0.0599,2.0554,-0.2288,1.2922,-0.0872,0.4317,-0.5068,1.3836,-0.4122
2.6153,-0.0968,3.3108,0.3867,2.5727,-0.1927,2.861,-0.0599,2.0554,-0.2288,1.2922,-0.0872,0.4317,-0.5068,1.3836,-0.4122
2.6153,-0.0968,3.3108,0.3867,2.5727,-0.1927,2.861,-0.0599,2.0554,-0.2288,1.2922,-0.0872,0.4317,-0.5068,1.3836,-0.4122
2.6153,-0.0968,3.3108,0.3867,2.5727,-0.1927,2.861,-0.0599,2.0554,-0.2288,1.2922,-0.0872,0.4317,-0.5068,1.3836,-0.4122
2.579,-0.0445,3.2895,0.3831,2.4644,-0.1236,2.9074,-0.0763,2.0402,-0.2532,1.2626,-0.0446,0.4397,-0.5183,1.3954,-0.4292
2.579,-0.0445,3.2895,0.3831,2.4644,-0.1236,2.9074,-0.0763,2.0402,-0.2532,1.2626,-0.0446,0.4397,-0.5183,1.3954,-0.4292
2.579,-0.0445,3.2895,0.3831,2.4644,-0.1236,2.9074,-0.0763,2.0402,-0.2532,1.2626,-0.0446,0.4397,-0.5183,1.3954,-0.4292
2.3712,0.0026,3.298,0.3021,2.0793,-0.1709,2.8148,-0.0436,2.0676,-0.2926,1.1637,-0.0097,0.5011,-0.5487,1.3526,-0.4141
2.3712,0.0026,3.298,0.3021,2.0793,-0.1709,2.8148,-0.0436,2.0676,-0.2926,1.1637,-0.0097,0.5011,-0.5487,1.3526,-0.4141
2.3184,-0.0051,3.3184,0.2727,2.0846,-0.2635,2.7368,-0.0316,2.1101,-0.3076,1.1637,-0.0097,0.5385,-0.5445,1.3836,-0.4122
2.3184,-0.0051,3.3184,0.2727,2.0846,-0.2635,2.7368,-0.0316,2.1101,-0.3076,1.1637,-0.0097,0.5385,-0.5445,1.3836,-0.4122
2.3184,-0.0051,3.2776,0.3315,2.0846,-0.2635,2.6979,-0.0256,2.2969,-0.3439,1.1834,-0.0381,0.4877,-0.5003,1.3526,-0.4141
2.3184,-0.0051,3.2776,0.3315,2.0846,-0.2635,2.6979,-0.0256,2.2969,-0.3439,1.1834,-0.0381,0.4877,-0.5003,1.3526,-0.4141
2.2539,0.0046,3.2571,0.361,2.2133,-0.2788,2.6821,-0.0278,2.383,-0.3743,1.1373,-0.0432,0.4343,-0.4814,1.3334,-0.4329
2.2539,0.0046,3.2571,0.361,2.2133,-0.2788,2.6821,-0.0278,2.383,-0.3743,1.1373,-0.0432,0.4343,-0.4814,1.3334,-0.4329
2.2539,0.0046,3.2571,0.361,2.529,-0.3904,2.6505,-0.0321,2.3419,-0.3151,1.1143,-0.0458,0.3704,-0.4764,1.3995,-0.4817
2.2539,0.0046,3.2571,0.361,2.529,-0.3904,2.6505,-0.0321,2.3419,-0.3151,1.1143,-0.0458,0.3704,-0.4764,1.3995,-0.4817
2.2539,0.0046,3.2571,0.361,2.529,-0.3904,2.6505,-0.0321,2.3419,-0.3151,1.1143,-0.0458,0.3704,-0.4764,1.3995,-0.4817
2.2539,0.0046,3.2571,0.361,2.529,-0.3904,2.6505,-0.0321,2.3419,-0.3151,1.1143,-0.0458,0.3704,-0.4764,1.3995,-0.4817
2.2637,-0.0512,3.2249,0.339,2.4691,-0.2173,2.5788,-0.0531,2.0965,-0.288,1.0944,-0.124,0.2122,-0.5076,1.1491,-0.4441
2.2637,-0.0512,3.2249,0.339,2.4691,-0.2173,2.5788,-0.0531,2.0965,-0.288,1.0944,-0.124,0.2122,-0.5076,1.1491,-0.4441
2.2637,-0.0512,3.2249,0.339,2.4691,-0.2173,2.5788,-0.0531,2.0965,-0.288,1.0944,-0.124,0.2122,-0.5076,1.1491,-0.4441
2.2637,-0.0512,3.2249,0.339,2.4691,-0.2173,2.5788,-0.0531,2.0965,-0.288,1.0944,-0.124,0.2122,-0.5076,1.1491,-0.4441
2.3523,-0.0956,3.1307,0.3723,2.3614,-0.1487,2.6386,-0.0897,1.9675,-0.2869,1.0422,-0.0843,0.131,-0.5049,0.902,-0.4075
2.3523,-0.0956,3.1307,0.3723,2.3614,-0.1487,2.6386,-0.0897,1.9675,-0.2869,1.0422,-0.0843,0.131,-0.5049,0.902,-0.4075
2.3523,-0.0956,3.1307,0.3723,2.3614,-0.1487,2.6386,-0.0897,1.9675,-0.2869,1.0422,-0.0843,0.131,-0.5049,0.902,-0.4075
2.3426,-0.0398,3.1621,0.3612,2.3845,-0.0954,2.7619,-0.1179,1.9675,-0.2869,1.0357,-0.0394,0.1573,-0.5142,0.9438,-0.4222
2.3469,0.0375,3.1942,0.3833,2.5965,-0.1395,2.8575,-0.1053,1.9962,-0.2822,1.0618,-0.0059,0.2202,-0.5191,1.0275,-0.4518
2.3469,0.0375,3.1942,0.3833,2.5965,-0.1395,2.8575,-0.1053,1.9962,-0.2822,1.0618,-0.0059,0.2202,-0.5191,1.0275,-0.4518
2.3369,0.0939,3.2366,0.3906,2.6771,-0.168,2.8931,-0.0557,2.0539,-0.2729,1.0979,0.0136,0.3999,-0.5478,1.1841,-0.4945
2.3369,0.0939,3.2366,0.3906,2.6771,-0.168,2.8931,-0.0557,2.0539,-0.2729,1.0979,0.0136,0.3999,-0.5478,1.1841,-0.4945
2.3126,0.1291,3.3528,0.3607,2.6771,-0.168,2.9054,0.0024,2.0266,-0.2335,1.1308,0.002,0.5358,-0.5697,1.2147,-0.4926
2.3126,0.1291,3.3528,0.3607,2.6771,-0.168,2.9054,0.0024,2.0266,-0.2335,1.1308,0.002,0.5358,-0.5697,1.2147,-0.4926
2.3776,0.1194,3.4171,0.3716,2.5965,-0.1395,2.9321,0.04,2.0844,-0.2241,1.1769,0.0072,0.6217,-0.5477,1.2644,-0.4722
2.3776,0.1194,3.4171,0.3716,2.5965,-0.1395,2.9321,0.04,2.0844,-0.2241,1.1769,0.0072,0.6217,-0.5477,1.2644,-0.4722
2.5205,0.0821,3.4827,0.4158,2.6487,-0.1271,3.0056,0.0612,2.2713,-0.2602,1.2661,-0.0136,0.6461,-0.4949,1.3143,-0.4516
2.5205,0.0821,3.4827,0.4158,2.6487,-0.1271,3.0056,0.0612,2.2713,-0.2602,1.2661,-0.0136,0.6461,-0.4949,1.3143,-0.4516
2.6522,0.0622,3.4948,0.468,2.6726,-0.0735,3.047,0.0781,2.5035,-0.3123,1.3359,-0.0059,0.6326,-0.4461,1.4811,-0.4595
2.6522,0.0622,3.4948,0.468,2.6726,-0.0735,3.047,0.0781,2.5035,-0.3123,1.3359,-0.0059,0.6326,-0.4461,1.4811,-0.4595
2.6522,0.0622,3.4948,0.468,2.6726,-0.0735,3.047,0.0781,2.5035,-0.3123,1.3359,-0.0059,0.6326,-0.4461,1.4811,-0.4595
2.7209,0.0914,3.5278,0.4903,2.97,-0.1475,3.1121,0.0868,2.5653,-0.2589,1.3826,-0.0009,0.6352,-0.4205,1.6613,-0.4847
2.7357,0.113,3.5495,0.494,3.243,-0.1815,3.1611,0.0932,2.5994,-0.1648,1.4195,0.0186,0.6649,-0.4044,1.7878,-0.478
2.7899,0.1207,3.6035,0.4863,3.2974,-0.1694,3.1538,0.1037,2.4678,-0.1183,1.4394,-0.0101,0.6271,-0.4088,1.7087,-0.4113
2.7899,0.1207,3.6035,0.4863,3.2974,-0.1694,3.1538,0.1037,2.4678,-0.1183,1.4394,-0.0101,0.6271,-0.4088,1.7087,-0.4113
2.9362,0.0824,3.6785,0.4485,3.1816,-0.0023,3.1702,0.1059,2.4818,-0.1384,1.5497,-0.0599,0.6082,-0.411,1.598,-0.3464
2.9362,0.0824,3.6785,0.4485,3.1816,-0.0023,3.1702,0.1059,2.4818,-0.1384,1.5497,-0.0599,0.6082,-0.411,1.598,-0.3464
2.9362,0.0824,3.6785,0.4485,3.1816,-0.0023,3.1702,0.1059,2.4818,-0.1384,1.5497,-0.0599,0.6082,-0.411,1.598,-0.3464
2.9362,0.0824,3.6785,0.4485,3.1816,-0.0023,3.1702,0.1059,2.4818,-0.1384,1.5497,-0.0599,0.6082,-0.411,1.598,-0.3464
3.0558,0.0402,3.7108,0.437,3.0983,0.0272,3.1775,0.0954,2.4521,-0.1431,1.6268,-0.0979,0.5813,-0.4014,1.5547,-0.3311
3.0558,0.0402,3.7108,0.437,3.0983,0.0272,3.1775,0.0954,2.4521,-0.1431,1.6268,-0.0979,0.5813,-0.4014,1.5547,-0.3311
3.0988,0.0654,3.6899,0.4671,2.9326,0.0857,3.2486,0.0702,2.4958,-0.1586,1.6445,-0.0501,0.5731,-0.3897,1.5309,-0.2967
3.0988,0.0654,3.6899,0.4671,2.9326,0.0857,3.2486,0.0702,2.4958,-0.1586,1.6445,-0.0501,0.5731,-0.3897,1.5309,-0.2967
3.0988,0.0654,3.6899,0.4671,2.9326,0.0857,3.2486,0.0702,2.4958,-0.1586,1.6445,-0.0501,0.5731,-0.3897,1.5309,-0.2967
2.9539,0.1436,3.6785,0.4485,2.8838,-0.0232,3.2249,0.0786,2.4836,-0.0934,1.6183,0.0244,0.692,-0.414,1.6611,-0.3427
2.9539,0.1436,3.6785,0.4485,2.8838,-0.0232,3.2249,0.0786,2.4836,-0.0934,1.6183,0.0244,0.692,-0.414,1.6611,-0.3427
2.8048,0.1423,3.6878,0.3998,2.7295,-0.1556,3.1048,0.0972,2.5415,-0.1291,1.6183,0.0244,0.7816,-0.4545,1.6611,-0.3427
2.8048,0.1423,3.6878,0.3998,2.7295,-0.1556,3.1048,0.0972,2.5415,-0.1291,1.6183,0.0244,0.7816,-0.4545,1.6611,-0.3427
2.8048,0.1423,3.6878,0.3998,2.7295,-0.1556,3.1048,0.0972,2.5415,-0.1291,1.6183,0.0244,0.7816,-0.4545,1.6611,-0.3427
2.684,0.1447,3.7086,0.3699,2.6248,-0.1803,3.0577,0.1139,2.4678,-0.1183,1.6046,0.0075,0.817,-0.4759,1.673,-0.3599
2.684,0.1447,3.7086,0.3699,2.6248,-0.1803,3.0577,0.1139,2.4678,-0.1183,1.6046,0.0075,0.817,-0.4759,1.673,-0.3599
2.684,0.1447,3.7086,0.3699,2.6248,-0.1803,3.0577,0.1139,2.4678,-0.1183,1.6046,0.0075,0.817,-0.4759,1.673,-0.3599
2.684,0.1447,3.7086,0.3699,2.6248,-0.1803,3.0577,0.1139,2.4678,-0.1183,1.6046,0.0075,0.817,-0.4759,1.673,-0.3599
2.6816,0.1053,3.6889,0.4334,2.5965,-0.1395,3.0252,0.1095,2.6273,-0.2051,1.5709,0.0194,0.7409,-0.3958,1.6295,-0.3445
2.6816,0.1053,3.6889,0.4334,2.5965,-0.1395,3.0252,0.1095,2.6273,-0.2051,1.5709,0.0194,0.7409,-0.3958,1.6295,-0.3445
2.6816,0.1053,3.6889,0.4334,2.5965,-0.1395,3.0252,0.1095,2.6273,-0.2051,1.5709,0.0194,0.7409,-0.3958,1.6295,-0.3445
2.7603,0.0775,3.6357,0.4749,3.0271,-0.2298,3.1031,0.0741,2.6875,-0.1959,1.5609,0.0338,0.7246,-0.3722,2.0117,-0.4666
2.7332,0.0737,3.6025,0.4526,3.3313,-0.3991,3.094,0.0615,2.6014,-0.1197,1.5372,0.0313,0.7327,-0.384,2.0559,-0.4822
2.7332,0.0737,3.6025,0.4526,3.3313,-0.3991,3.094,0.0615,2.6014,-0.1197,1.5372,0.0313,0.7327,-0.384,2.0559,-0.4822
2.7332,0.0737,3.559,0.4453,3.4975,-0.4579,3.0868,0.072,2.5433,-0.0839,1.5472,0.0169,0.7219,-0.3979,2.032,-0.4478
2.7332,0.0737,3.559,0.4453,3.4975,-0.4579,3.0868,0.072,2.5433,-0.0839,1.5472,0.0169,0.7219,-0.3979,2.032,-0.4478
2.7332,0.0737,3.559,0.4453,3.4975,-0.4579,3.0868,0.072,2.5433,-0.0839,1.5472,0.0169,0.7219,-0.3979,2.032,-0.4478
2.7726,0.0598,3.5798,0.4154,3.3574,-0.3465,3.0632,0.0803,2.3509,-0.0922,1.4963,-0.0194,0.619,-0.3971,1.8558,-0.3855
2.7726,0.0598,3.5798,0.4154,3.3574,-0.3465,3.0632,0.0803,2.3509,-0.0922,1.4963,-0.0194,0.619,-0.3971,1.8558,-0.3855
2.8515,0.0319,3.5798,0.4154,3.2174,-0.2349,3.0868,0.072,2.2625,-0.1065,1.5261,-0.0624,0.5624,-0.4036,1.7364,-0.3563
2.8515,0.0319,3.5798,0.4154,3.2174,-0.2349,3.0868,0.072,2.2625,-0.1065,1.5261,-0.0624,0.5624,-0.4036,1.7364,-0.3563
2.8788,0.0356,3.5798,0.4154,3.0235,-0.1352,3.1575,0.047,2.3632,-0.1572,1.5063,-0.0337,0.5543,-0.3919,1.7244,-0.3391
2.8788,0.0356,3.5798,0.4154,3.0235,-0.1352,3.1575,0.047,2.3632,-0.1572,1.5063,-0.0337,0.5543,-0.3919,1.7244,-0.3391
2.8691,0.0927,3.6119,0.404,2.9948,-0.0938,3.1902,0.0512,2.3771,-0.1772,1.4629,-0.0076,0.5086,-0.3846,1.6808,-0.3237
2.8691,0.0927,3.6119,0.404,2.9948,-0.0938,3.1902,0.0512,2.3771,-0.1772,1.4629,-0.0076,0.5086,-0.3846,1.6808,-0.3237
2.8023,0.1029,3.5684,0.3968,2.8065,-0.0897,3.1121,0.0868,2.3632,-0.1572,1.4294,0.0042,0.5624,-0.4036,1.6885,-0.2874
2.8023,0.1029,3.5684,0.3968,2.8065,-0.0897,3.1121,0.0868,2.3632,-0.1572,1.4294,0.0042,0.5624,-0.4036,1.6885,-0.2874
2.7209,0.0914,3.5994,0.3521,2.6487,-0.1271,3.0325,0.0991,2.3927,-0.1525,1.3861,0.0304,0.6164,-0.4227,1.6766,-0.2701
2.7209,0.0914,3.5994,0.3521,2.6487,-0.1271,3.0325,0.0991,2.3927,-0.1525,1.3861,0.0304,0.6164,-0.4227,1.6766,-0.2701
2.6939,0.0876,3.6098,0.3372,2.6248,-0.1803,3,0.0947,2.4799,-0.1833,1.4294,0.0042,0.5894,-0.4131,1.6449,-0.272
2.6939,0.0876,3.6098,0.3372,2.6248,-0.1803,3,0.0947,2.4799,-0.1833,1.4294,0.0042,0.5894,-0.4131,1.6449,-0.272
2.6939,0.0876,3.6109,0.3706,2.6248,-0.1803,2.9839,0.0925,2.5973,-0.2096,1.4728,-0.0219,0.5731,-0.3897,1.6133,-0.2738
2.6939,0.0876,3.6109,0.3706,2.6248,-0.1803,2.9839,0.0925,2.5973,-0.2096,1.4728,-0.0219,0.5731,-0.3897,1.6133,-0.2738
2.6816,0.1053,3.5798,0.4154,2.6771,-0.168,2.9839,0.0925,2.6714,-0.2206,1.4493,-0.0244,0.5005,-0.3729,1.6253,-0.2911
2.6816,0.1053,3.5798,0.4154,2.6771,-0.168,2.9839,0.0925,2.6714,-0.2206,1.4493,-0.0244,0.5005,-0.3729,1.6253,-0.2911
2.6816,0.1053,3.5798,0.4154,2.6771,-0.168,2.9839,0.0925,2.6714,-0.2206,1.4493,-0.0244,0.5005,-0.3729,1.6253,-0.2911
2.7209,0.0914,3.5798,0.4154,2.892,-0.213,2.9983,0.0716,2.6434,-0.1803,1.4159,-0.0126,0.463,-0.3773,1.6927,-0.3409
2.7209,0.0914,3.5798,0.4154,2.892,-0.213,2.9983,0.0716,2.6434,-0.1803,1.4159,-0.0126,0.463,-0.3773,1.6927,-0.3409
2.7209,0.0914,3.5798,0.4154,2.892,-0.213,2.9983,0.0716,2.6434,-0.1803,1.4159,-0.0126,0.463,-0.3773,1.6927,-0.3409
2.6669,0.0837,3.6005,0.3855,3.0271,-0.2298,2.966,0.0673,2.4521,-0.1431,1.3557,-0.0345,0.3779,-0.4001,1.5309,-0.2967
2.6669,0.0837,3.6005,0.3855,3.0271,-0.2298,2.966,0.0673,2.4521,-0.1431,1.3557,-0.0345,0.3779,-0.4001,1.5309,-0.2967
2.6669,0.0837,3.6005,0.3855,3.0271,-0.2298,2.966,0.0673,2.4521,-0.1431,1.3557,-0.0345,0.3779,-0.4001,1.5309,-0.2967
2.7184,0.0522,3.557,0.3783,2.9126,-0.0647,2.9104,0.0712,2.3493,-0.1372,1.4284,-0.1032,0.3222,-0.4068,1.3821,-0.2701
2.7184,0.0522,3.557,0.3783,2.9126,-0.0647,2.9104,0.0712,2.3493,-0.1372,1.4284,-0.1032,0.3222,-0.4068,1.3821,-0.2701
2.7184,0.0522,3.557,0.3783,2.9126,-0.0647,2.9104,0.0712,2.3493,-0.1372,1.4284,-0.1032,0.3222,-0.4068,1.3821,-0.2701
2.8338,-0.0285,3.4396,0.4086,2.7203,0.0346,2.9088,0.0482,2.3042,-0.1666,1.3521,-0.0655,0.2241,-0.3809,1.301,-0.2931
2.8338,-0.0285,3.4396,0.4086,2.7203,0.0346,2.9088,0.0482,2.3042,-0.1666,1.3521,-0.0655,0.2241,-0.3809,1.301,-0.2931
2.7429,0.0169,3.3647,0.4125,2.6964,-0.0196,2.9304,0.017,2.3181,-0.1866,1.2893,-0.011,0.2241,-0.3809,1.3246,-0.3272
2.7429,0.0169,3.3647,0.4125,2.6964,-0.0196,2.9304,0.017,2.3181,-0.1866,1.2893,-0.011,0.2241,-0.3809,1.3246,-0.3272
2.7429,0.0169,3.3647,0.4125,2.6964,-0.0196,2.9304,0.017,2.3181,-0.1866,1.2893,-0.011,0.2241,-0.3809,1.3246,-0.3272
2.5595,0.0684,3.2792,0.3979,2.6487,-0.1271,2.8678,0.0313,2.3614,-0.2019,1.2231,0.0123,0.2852,-0.4112,1.3483,-0.3613
2.5595,0.0684,3.2792,0.3979,2.6487,-0.1271,2.8678,0.0313,2.3614,-0.2019,1.2231,0.0123,0.2852,-0.4112,1.3483,-0.3613
2.3105,0.09,3.3509,0.2945,2.3382,-0.2016,2.7591,0.0619,2.2748,-0.1713,1.1209,0.0162,0.3729,-0.451,1.3173,-0.3632
2.3105,0.09,3.3509,0.2945,2.3382,-0.2016,2.7591,0.0619,2.2748,-0.1713,1.1209,0.0162,0.3729,-0.451,1.3173,-0.3632
2.3105,0.09,3.3509,0.2945,2.3382,-0.2016,2.7591,0.0619,2.2748,-0.1713,1.1209,0.0162,0.3729,-0.451,1.3173,-0.3632
2.4407,0.0705,3.4265,0.3235,2.4128,-0.1362,2.8157,0.0811,2.4048,-0.2172,1.1735,-0.0239,0.3326,-0.3929,1.3173,-0.3632
2.4407,0.0705,3.4265,0.3235,2.4128,-0.1362,2.8157,0.0811,2.4048,-0.2172,1.1735,-0.0239,0.3326,-0.3929,1.3173,-0.3632
2.6107,0.037,3.4499,0.3937,2.4644,-0.1236,2.8959,0.092,2.683,-0.2853,1.2626,-0.0446,0.3374,-0.3418,1.3793,-0.3594
2.6107,0.037,3.4499,0.3937,2.4644,-0.1236,2.8959,0.092,2.683,-0.2853,1.2626,-0.0446,0.3374,-0.3418,1.3793,-0.3594
2.6107,0.037,3.4499,0.3937,2.4644,-0.1236,2.8959,0.092,2.683,-0.2853,1.2626,-0.0446,0.3374,-0.3418,1.3793,-0.3594
2.7455,0.056,3.5052,0.453,2.7011,-0.1146,3.009,0.1073,2.8786,-0.2787,1.3656,-0.0488,0.377,-0.3115,1.6022,-0.3995
2.7455,0.056,3.5052,0.453,2.7011,-0.1146,3.009,0.1073,2.8786,-0.2787,1.3656,-0.0488,0.377,-0.3115,1.6022,-0.3995
2.8965,0.0965,3.5712,0.4977,3.1887,-0.1935,3.1229,0.1226,2.973,-0.2204,1.4592,-0.0387,0.4329,-0.3047,1.784,-0.425
2.8965,0.0965,3.5712,0.4977,3.1887,-0.1935,3.1229,0.1226,2.973,-0.2204,1.4592,-0.0387,0.4329,-0.3047,1.784,-0.425
3.2379,0.0839,3.7558,0.478,3.3747,-0.0069,3.2468,0.1505,2.8413,-0.1279,1.607,-0.0693,0.4867,-0.3237,1.7562,-0.3373
3.2379,0.0839,3.7558,0.478,3.3747,-0.0069,3.2468,0.1505,2.8413,-0.1279,1.607,-0.0693,0.4867,-0.3237,1.7562,-0.3373
3.4159,0.0482,3.8104,0.4702,3.316,0.0777,3.3036,0.1464,2.8859,-0.1437,1.6782,-0.062,0.5324,-0.331,1.7005,-0.3046
3.4159,0.0482,3.8104,0.4702,3.316,0.0777,3.3036,0.1464,2.8859,-0.1437,1.6782,-0.062,0.5324,-0.331,1.7005,-0.3046
3.4159,0.0482,3.8104,0.4702,3.316,0.0777,3.3036,0.1464,2.8859,-0.1437,1.6782,-0.062,0.5324,-0.331,1.7005,-0.3046
3.4191,0.0879,3.8325,0.4738,3.1481,0.137,3.4159,0.1147,2.8859,-0.1437,1.6721,-0.0164,0.5512,-0.3288,1.6885,-0.2874
3.4191,0.0879,3.8325,0.4738,3.1481,0.137,3.4159,0.1147,2.8859,-0.1437,1.6721,-0.0164,0.5512,-0.3288,1.6885,-0.2874
3.3719,0.2005,3.8442,0.4925,3.0351,0.209,3.4973,0.102,2.7989,-0.0667,1.6659,0.0294,0.5701,-0.3265,1.7083,-0.2682
3.3719,0.2005,3.8442,0.4925,3.0351,0.209,3.4973,0.102,2.7989,-0.0667,1.6659,0.0294,0.5701,-0.3265,1.7083,-0.2682
3.334,0.2552,3.8769,0.481,3.0939,0.1242,3.5308,0.1062,2.8009,-0.0211,1.6697,0.0609,0.6539,-0.3294,1.7839,-0.2819
3.334,0.2552,3.8769,0.481,3.0939,0.1242,3.5308,0.1062,2.8009,-0.0211,1.6697,0.0609,0.6539,-0.3294,1.7839,-0.2819
3.1837,0.2945,3.8979,0.4507,3.0444,0.0146,3.4512,0.1424,2.862,-0.0116,1.7174,0.0659,0.7927,-0.3517,1.9039,-0.3112
3.1837,0.2945,3.8979,0.4507,3.0444,0.0146,3.4512,0.1424,2.862,-0.0116,1.7174,0.0659,0.7927,-0.3517,1.9039,-0.3112
3.0596,0.2971,3.9516,0.4089,3.0485,-0.0814,3.3699,0.1551,2.862,-0.0116,1.7855,0.0418,0.8857,-0.3667,1.9361,-0.3095
3.0596,0.2971,3.9516,0.4089,3.0485,-0.0814,3.3699,0.1551,2.862,-0.0116,1.7855,0.0418,0.8857,-0.3667,1.9361,-0.3095
3.0294,0.253,3.9411,0.424,2.9948,-0.0938,3.2889,0.1676,2.8904,-0.0527,1.7376,0.0369,0.8419,-0.3333,1.9039,-0.3112
3.0294,0.253,3.9411,0.424,2.9948,-0.0938,3.2889,0.1676,2.8904,-0.0527,1.7376,0.0369,0.8419,-0.3333,1.9039,-0.3112
3.0294,0.253,3.9411,0.424,2.9948,-0.0938,3.2889,0.1676,2.8904,-0.0527,1.7376,0.0369,0.8419,-0.3333,1.9039,-0.3112
3.0294,0.253,3.9411,0.424,2.9948,-0.0938,3.2889,0.1676,2.8904,-0.0527,1.7376,0.0369,0.8419,-0.3333,1.9039,-0.3112
3.0518,0.1769,3.8558,0.5113,3.243,-0.1815,3.2468,0.1505,3.0087,-0.1254,1.7136,0.0344,0.7871,-0.314,2.0811,-0.3738
3.0518,0.1769,3.8558,0.5113,3.243,-0.1815,3.2468,0.1505,3.0087,-0.1254,1.7136,0.0344,0.7871,-0.314,2.0811,-0.3738
3.0518,0.1769,3.8558,0.5113,3.243,-0.1815,3.2468,0.1505,3.0087,-0.1254,1.7136,0.0344,0.7871,-0.314,2.0811,-0.3738
3.0643,0.1589,3.801,0.5192,3.381,-0.1989,3.2303,0.1484,2.9803,-0.0844,1.6898,0.0319,0.7598,-0.3043,2.1581,-0.3879
3.0643,0.1589,3.801,0.5192,3.381,-0.1989,3.2303,0.1484,2.9803,-0.0844,1.6898,0.0319,0.7598,-0.3043,2.1581,-0.3879
3.0643,0.1589,3.801,0.5192,3.381,-0.1989,3.2303,0.1484,2.9803,-0.0844,1.6898,0.0319,0.7598,-0.3043,2.1581,-0.3879
3.185,0.1162,3.7894,0.5004,3.4039,-0.0491,3.2688,0.1188,2.6494,-0.0447,1.6345,-0.0357,0.5996,-0.3103,1.9039,-0.3112
3.185,0.1162,3.7894,0.5004,3.4039,-0.0491,3.2688,0.1188,2.6494,-0.0447,1.6345,-0.0357,0.5996,-0.3103,1.9039,-0.3112
3.185,0.1162,3.7894,0.5004,3.4039,-0.0491,3.2688,0.1188,2.6494,-0.0447,1.6345,-0.0357,0.5996,-0.3103,1.9039,-0.3112
3.347,0.059,3.8325,0.4738,3.3454,0.0353,3.3091,0.1125,2.5892,-0.0542,1.6782,-0.062,0.5537,-0.303,1.8278,-0.2974
3.347,0.059,3.8325,0.4738,3.3454,0.0353,3.3091,0.1125,2.5892,-0.0542,1.6782,-0.062,0.5537,-0.303,1.8278,-0.2974
3.3752,0.0626,3.843,0.4586,3.1774,0.0946,3.3881,0.0767,2.5733,-0.0792,1.6245,-0.0213,0.5079,-0.2957,1.8399,-0.3147
3.3752,0.0626,3.843,0.4586,3.1774,0.0946,3.3881,0.0767,2.5733,-0.0792,1.6245,-0.0213,0.5079,-0.2957,1.8399,-0.3147
3.3752,0.0626,3.843,0.4586,3.1774,0.0946,3.3881,0.0767,2.5733,-0.0792,1.6245,-0.0213,0.5079,-0.2957,1.8399,-0.3147
3.2313,0.1816,3.8209,0.455,3.0983,0.0272,3.4213,0.0809,2.6315,-0.1151,1.5509,0.0482,0.5619,-0.3148,1.8719,-0.313
3.2313,0.1816,3.8209,0.455,3.0983,0.0272,3.4213,0.0809,2.6315,-0.1151,1.5509,0.0482,0.5619,-0.3148,1.8719,-0.313
3.2313,0.1816,3.8209,0.455,3.0983,0.0272,3.4213,0.0809,2.6315,-0.1151,1.5509,0.0482,0.5619,-0.3148,1.8719,-0.313
3.0947,0.2025,3.8523,0.4098,2.9371,-0.0106,3.3183,0.1252,2.6917,-0.1057,1.5409,0.0627,0.662,-0.3412,1.8799,-0.2765
3.0947,0.2025,3.8523,0.4098,2.9371,-0.0106,3.3183,0.1252,2.6917,-0.1057,1.5409,0.0627,0.662,-0.3412,1.8799,-0.2765
3.0116,0.191,3.8511,0.3761,2.8881,-0.1185,3.2139,0.1462,2.722,-0.1011,1.5072,0.0746,0.6892,-0.3508,1.8358,-0.2609
3.0116,0.191,3.8511,0.3761,2.8881,-0.1185,3.2139,0.1462,2.722,-0.1011,1.5072,0.0746,0.6892,-0.3508,1.8358,-0.2609
3.0116,0.191,3.8511,0.3761,2.8881,-0.1185,3.2139,0.1462,2.722,-0.1011,1.5072,0.0746,0.6892,-0.3508,1.8358,-0.2609
3.0214,0.1333,3.8093,0.4363,2.9167,-0.1598,3.1246,0.1458,3.0037,-0.2159,1.4665,0.0237,0.5915,-0.2985,1.7839,-0.2819
3.0214,0.1333,3.8093,0.4363,2.9167,-0.1598,3.1246,0.1458,3.0037,-0.2159,1.4665,0.0237,0.5915,-0.2985,1.7839,-0.2819
3.009,0.1512,3.7884,0.4665,3.0235,-0.1352,3.1156,0.1331,3.0345,-0.2115,1.443,0.0211,0.4916,-0.2721,1.8399,-0.3147
3.009,0.1512,3.7884,0.4665,3.0235,-0.1352,3.1156,0.1331,3.0345,-0.2115,1.443,0.0211,0.4916,-0.2721,1.8399,-0.3147
3.009,0.1512,3.7779,0.4817,3.3262,-0.2109,3.1229,0.1226,2.9779,-0.13,1.4529,0.0068,0.4459,-0.2649,1.9721,-0.3615
3.009,0.1512,3.7779,0.4817,3.3262,-0.2109,3.1229,0.1226,2.9779,-0.13,1.4529,0.0068,0.4459,-0.2649,1.9721,-0.3615
2.9539,0.1436,3.7443,0.4593,3.2974,-0.1694,3.0975,0.1077,2.8741,-0.0778,1.4493,-0.0244,0.4248,-0.293,1.8959,-0.3476
2.9539,0.1436,3.7443,0.4593,3.2974,-0.1694,3.0975,0.1077,2.8741,-0.0778,1.4493,-0.0244,0.4248,-0.293,1.8959,-0.3476
3.0463,0.0975,3.7223,0.4557,3.2651,-0.0318,3.0885,0.0951,2.7079,-0.0807,1.489,-0.0816,0.3316,-0.3044,1.7562,-0.3373
3.0463,0.0975,3.7223,0.4557,3.2651,-0.0318,3.0885,0.0951,2.7079,-0.0807,1.489,-0.0816,0.3316,-0.3044,1.7562,-0.3373
3.0463,0.0975,3.7223,0.4557,3.2651,-0.0318,3.0885,0.0951,2.7079,-0.0807,1.489,-0.0816,0.3316,-0.3044,1.7562,-0.3373
3.0711,0.0617,3.668,0.4635,3.0983,0.0272,3.1031,0.0741,2.6033,-0.0745,1.5087,-0.1101,0.3026,-0.3207,1.6372,-0.3083
3.0711,0.0617,3.668,0.4635,3.0983,0.0272,3.1031,0.0741,2.6033,-0.0745,1.5087,-0.1101,0.3026,-0.3207,1.6372,-0.3083
3.0711,0.0617,3.668,0.4635,3.0983,0.0272,3.1031,0.0741,2.6033,-0.0745,1.5087,-0.1101,0.3026,-0.3207,1.6372,-0.3083
2.9389,0.1219,3.5807,0.449,3.1853,-0.0983,3.1176,0.0532,2.5275,-0.1089,1.4259,-0.0269,0.2737,-0.3369,1.5115,-0.3158
2.9389,0.1219,3.5807,0.449,3.1853,-0.0983,3.1176,0.0532,2.5275,-0.1089,1.4259,-0.0269,0.2737,-0.3369,1.5115,-0.3158
2.7899,0.1207,3.5363,0.4081,2.97,-0.1475,3.0453,0.0551,2.5275,-0.1089,1.3925,-0.0152,0.3803,-0.3746,1.5352,-0.35
2.7899,0.1207,3.5363,0.4081,2.97,-0.1475,3.0453,0.0551,2.5275,-0.1089,1.3925,-0.0152,0.3803,-0.3746,1.5352,-0.35
2.6816,0.1053,3.5354,0.3747,2.7295,-0.1556,2.966,0.0673,2.4976,-0.1136,1.3359,-0.0059,0.407,-0.384,1.4489,-0.3196
2.6816,0.1053,3.5354,0.3747,2.7295,-0.1556,2.966,0.0673,2.4976,-0.1136,1.3359,-0.0059,0.407,-0.384,1.4489,-0.3196
2.64,0.0799,3.4818,0.3824,2.5444,-0.1519,2.9176,0.0608,2.5994,-0.1648,1.3225,-0.0228,0.356,-0.3395,1.4296,-0.3385
2.64,0.0799,3.4818,0.3824,2.5444,-0.1519,2.9176,0.0608,2.5994,-0.1648,1.3225,-0.0228,0.356,-0.3395,1.4296,-0.3385
2.6522,0.0622,3.4396,0.4086,2.5444,-0.1519,2.9088,0.0482,2.7317,-0.2115,1.3324,-0.037,0.3212,-0.3184,1.5158,-0.369
2.6522,0.0622,3.4396,0.4086,2.5444,-0.1519,2.9088,0.0482,2.7317,-0.2115,1.3324,-0.037,0.3212,-0.3184,1.5158,-0.369
2.64,0.0799,3.4077,0.4198,2.7862,-0.2374,2.9088,0.0482,2.7339,-0.1665,1.3091,-0.0396,0.2945,-0.309,1.6574,-0.4319
2.64,0.0799,3.4077,0.4198,2.7862,-0.2374,2.9088,0.0482,2.7339,-0.1665,1.3091,-0.0396,0.2945,-0.309,1.6574,-0.4319
2.6253,0.0584,3.333,0.4237,2.7862,-0.2374,2.8462,0.0625,2.6756,-0.1307,1.2858,-0.0421,0.2575,-0.3135,1.6889,-0.4302
2.6253,0.0584,3.333,0.4237,2.7862,-0.2374,2.8462,0.0625,2.6756,-0.1307,1.2858,-0.0421,0.2575,-0.3135,1.6889,-0.4302
2.6498,0.0232,3.3425,0.3756,2.6771,-0.168,2.7982,0.0559,2.5134,-0.0887,1.2922,-0.0872,0.1837,-0.3227,1.5589,-0.3842
2.6498,0.0232,3.3425,0.3756,2.6771,-0.168,2.7982,0.0559,2.5134,-0.0887,1.2922,-0.0872,0.1837,-0.3227,1.5589,-0.3842
2.8189,-0.0498,3.3314,0.3571,2.6202,-0.086,2.7822,0.0537,2.4976,-0.1136,1.3216,-0.1297,0.155,-0.339,1.4296,-0.3385
2.8189,-0.0498,3.3314,0.3571,2.6202,-0.086,2.7822,0.0537,2.4976,-0.1136,1.3216,-0.1297,0.155,-0.339,1.4296,-0.3385
3.0164,-0.1196,3.3733,0.3312,2.5917,-0.0449,2.7822,0.0537,2.4818,-0.1384,1.3216,-0.1297,0.1103,-0.3319,1.3556,-0.3253
3.0164,-0.1196,3.3733,0.3312,2.5917,-0.0449,2.7822,0.0537,2.4818,-0.1384,1.3216,-0.1297,0.1103,-0.3319,1.3556,-0.3253
3.1511,-0.1406,3.4059,0.3531,2.5631,-0.0037,2.8534,0.0521,2.4958,-0.1586,1.2922,-0.0872,0.1103,-0.3319,1.3246,-0.3272
3.1511,-0.1406,3.4059,0.3531,2.5631,-0.0037,2.8534,0.0521,2.4958,-0.1586,1.2922,-0.0872,0.1103,-0.3319,1.3246,-0.3272
3.2007,-0.0379,3.4714,0.3973,2.5866,0.0504,3.0435,0.032,2.5854,-0.1446,1.2893,-0.011,0.1573,-0.3134,1.3867,-0.3234
3.2007,-0.0379,3.4714,0.3973,2.5866,0.0504,3.0435,0.032,2.5854,-0.1446,1.2893,-0.011,0.1573,-0.3134,1.3867,-0.3234
3.1667,0.0549,3.5363,0.4081,2.7491,-0.007,3.1248,0.0427,2.6315,-0.1151,1.3493,0.0109,0.2575,-0.3135,1.5039,-0.3519
3.1667,0.0549,3.5363,0.4081,2.7491,-0.007,3.1248,0.0427,2.6315,-0.1151,1.3493,0.0109,0.2575,-0.3135,1.5039,-0.3519
3.0767,0.1409,3.7189,0.3549,2.7778,-0.0484,3.1593,0.0701,2.6776,-0.0854,1.4195,0.0186,0.4119,-0.3327,1.6099,-0.3635
3.0767,0.1409,3.7189,0.3549,2.7778,-0.0484,3.1593,0.0701,2.6776,-0.0854,1.4195,0.0186,0.4119,-0.3327,1.6099,-0.3635
3.0518,0.1769,3.8173,0.3541,2.8307,-0.0358,3.1611,0.0932,2.6635,-0.0651,1.4764,0.0093,0.4785,-0.312,1.6295,-0.3445
3.0518,0.1769,3.8173,0.3541,2.8307,-0.0358,3.1611,0.0932,2.6635,-0.0651,1.4764,0.0093,0.4785,-0.312,1.6295,-0.3445
3.0518,0.1769,3.8173,0.3541,2.8307,-0.0358,3.1611,0.0932,2.6635,-0.0651,1.4764,0.0093,0.4785,-0.312,1.6295,-0.3445
3.067,0.1987,3.8523,0.4098,2.9371,-0.0106,3.1629,0.1164,2.813,-0.0871,1.5572,0.0025,0.5374,-0.2794,1.6808,-0.3237
3.1476,0.1702,3.8442,0.4925,2.9371,-0.0106,3.1792,0.1186,2.9472,-0.1345,1.6146,-0.0069,0.5398,-0.2534,1.7562,-0.3373
3.135,0.1883,3.8231,0.5229,3.1023,-0.069,3.2267,0.1018,3.0087,-0.1254,1.6283,0.01,0.5775,-0.2489,1.952,-0.3804
3.135,0.1883,3.8231,0.5229,3.1023,-0.069,3.2267,0.1018,3.0087,-0.1254,1.6283,0.01,0.5775,-0.2489,1.952,-0.3804
3.135,0.1883,3.8231,0.5229,3.1023,-0.069,3.2267,0.1018,3.0087,-0.1254,1.6283,0.01,0.5775,-0.2489,1.952,-0.3804
3.135,0.1883,3.8231,0.5229,3.436,-0.1869,3.2431,0.104,3.0562,-0.0958,1.6859,0.0005,0.6236,-0.2562,2.1171,-0.4257
3.135,0.1883,3.8231,0.5229,3.436,-0.1869,3.2431,0.104,3.0562,-0.0958,1.6859,0.0005,0.6236,-0.2562,2.1171,-0.4257
3.1754,0.174,3.8663,0.4962,3.5465,-0.1629,3.2523,0.1167,2.9353,-0.0685,1.6483,-0.0189,0.6129,-0.2703,2.0727,-0.41
3.1754,0.174,3.8663,0.4962,3.5465,-0.1629,3.2523,0.1167,2.9353,-0.0685,1.6483,-0.0189,0.6129,-0.2703,2.0727,-0.41
3.2033,0.1778,3.8769,0.481,3.4298,0.0055,3.2523,0.1167,2.724,-0.0557,1.6207,-0.0525,0.5374,-0.2794,1.8638,-0.3493
3.2033,0.1778,3.8769,0.481,3.4298,0.0055,3.2523,0.1167,2.724,-0.0557,1.6207,-0.0525,0.5374,-0.2794,1.8638,-0.3493
3.3784,0.1023,3.9084,0.4356,3.3414,0.1329,3.2596,0.1061,2.6494,-0.0447,1.6406,-0.0812,0.5185,-0.2816,1.764,-0.301
3.3784,0.1023,3.9084,0.4356,3.3414,0.1329,3.2596,0.1061,2.6494,-0.0447,1.6406,-0.0812,0.5185,-0.2816,1.764,-0.301
3.4725,0.0554,3.8862,0.432,3.2866,0.1201,3.2907,0.0872,2.6635,-0.0651,1.6307,-0.0669,0.5185,-0.2816,1.7203,-0.2855
3.4475,0.0916,3.9293,0.4053,3.2024,0.1498,3.3861,0.0534,2.6917,-0.1057,1.5435,-0.0144,0.4646,-0.2626,1.7323,-0.3028
3.4475,0.0916,3.9293,0.4053,3.2024,0.1498,3.3861,0.0534,2.6917,-0.1057,1.5435,-0.0144,0.4646,-0.2626,1.7323,-0.3028
3.4098,0.1459,3.8966,0.4169,3.2319,0.1074,3.4266,0.0471,2.722,-0.1011,1.5236,0.0143,0.4646,-0.2626,1.764,-0.301
3.4098,0.1459,3.8966,0.4169,3.2319,0.1074,3.4266,0.0471,2.722,-0.1011,1.5236,0.0143,0.4646,-0.2626,1.764,-0.301
3.4098,0.1459,3.8966,0.4169,3.2319,0.1074,3.4266,0.0471,2.722,-0.1011,1.5236,0.0143,0.4646,-0.2626,1.764,-0.301
3.2593,0.1854,3.8849,0.3983,3.0983,0.0272,3.3549,0.0724,2.7381,-0.076,1.5136,0.0287,0.5456,-0.2912,1.7839,-0.2819
3.2593,0.1854,3.8849,0.3983,3.0983,0.0272,3.3549,0.0724,2.7381,-0.076,1.5136,0.0287,0.5456,-0.2912,1.7839,-0.2819
3.2033,0.1778,3.9384,0.3566,3.0196,-0.0398,3.3072,0.0893,2.7523,-0.0964,1.4565,0.038,0.5537,-0.303,1.7959,-0.2992
3.2033,0.1778,3.9384,0.3566,3.0196,-0.0398,3.3072,0.0893,2.7523,-0.0964,1.4565,0.038,0.5537,-0.303,1.7959,-0.2992
3.188,0.156,3.9607,0.3601,3.0196,-0.0398,3.2431,0.104,2.7826,-0.0918,1.5,0.0118,0.5726,-0.3007,1.8278,-0.2974
3.188,0.156,3.9607,0.3601,3.0196,-0.0398,3.2431,0.104,2.7826,-0.0918,1.5,0.0118,0.5726,-0.3007,1.8278,-0.2974
3.1476,0.1702,3.9516,0.4089,3.0196,-0.0398,3.2121,0.1229,2.8718,-0.1233,1.5199,-0.0169,0.5185,-0.2816,1.7839,-0.2819
3.1476,0.1702,3.9516,0.4089,3.0196,-0.0398,3.2121,0.1229,2.8718,-0.1233,1.5199,-0.0169,0.5185,-0.2816,1.7839,-0.2819
3.1476,0.1702,3.9516,0.4089,3.0196,-0.0398,3.2121,0.1229,2.8718,-0.1233,1.5199,-0.0169,0.5185,-0.2816,1.7839,-0.2819
3.2033,0.1778,3.9201,0.4543,3.1274,-0.0148,3.2431,0.104,2.9613,-0.1549,1.5199,-0.0169,0.4646,-0.2626,1.8519,-0.332
3.2033,0.1778,3.9201,0.4543,3.1274,-0.0148,3.2431,0.104,2.9613,-0.1549,1.5199,-0.0169,0.4646,-0.2626,1.8519,-0.332
3.1908,0.1959,3.9201,0.4543,3.8014,-0.2529,3.2577,0.0829,2.8151,-0.0415,1.4728,-0.0219,0.4435,-0.2907,1.94,-0.3632
3.1908,0.1959,3.9201,0.4543,3.8014,-0.2529,3.2577,0.0829,2.8151,-0.0415,1.4728,-0.0219,0.4435,-0.2907,1.94,-0.3632
3.1908,0.1959,3.9201,0.4543,3.8014,-0.2529,3.2577,0.0829,2.8151,-0.0415,1.4728,-0.0219,0.4435,-0.2907,1.94,-0.3632
3.135,0.1883,3.8862,0.432,3.7452,-0.2646,3.2249,0.0786,2.6654,-0.0195,1.4791,-0.0673,0.4037,-0.321,1.7203,-0.2855
3.135,0.1883,3.8862,0.432,3.7452,-0.2646,3.2249,0.0786,2.6654,-0.0195,1.4791,-0.0673,0.4037,-0.321,1.7203,-0.2855
3.1726,0.1342,3.8523,0.4098,3.5174,-0.1209,3.1757,0.0722,2.5152,-0.0434,1.5186,-0.1243,0.3641,-0.3512,1.507,-0.2623
3.1726,0.1342,3.8523,0.4098,3.5174,-0.1209,3.1757,0.0722,2.5152,-0.0434,1.5186,-0.1243,0.3641,-0.3512,1.507,-0.2623
3.2254,0.1019,3.7977,0.4177,3.3198,-0.0194,3.1666,0.0596,2.4258,-0.0577,1.5049,-0.141,0.3084,-0.358,1.4133,-0.2681
3.2254,0.1019,3.7977,0.4177,3.3198,-0.0194,3.1666,0.0596,2.4258,-0.0577,1.5049,-0.141,0.3084,-0.358,1.4133,-0.2681
3.185,0.1162,3.7536,0.4105,3.2359,0.0103,3.2357,0.0115,2.4538,-0.0981,1.4655,-0.084,0.2737,-0.3369,1.3821,-0.2701
3.185,0.1162,3.7536,0.4105,3.2359,0.0103,3.2357,0.0115,2.4538,-0.0981,1.4655,-0.084,0.2737,-0.3369,1.3821,-0.2701
3.1072,0.1845,3.7317,0.407,3.2651,-0.0318,3.2502,-0.0095,2.4976,-0.1136,1.4123,-0.0437,0.2656,-0.3252,1.4489,-0.3196
3.1072,0.1845,3.7317,0.407,3.2651,-0.0318,3.2502,-0.0095,2.4976,-0.1136,1.4123,-0.0437,0.2656,-0.3252,1.4489,-0.3196
2.9841,0.1872,3.6763,0.3813,3.1023,-0.069,3.1937,-0.0053,2.5714,-0.1244,1.3691,-0.0177,0.3455,-0.3534,1.5039,-0.3519
2.9841,0.1872,3.6763,0.3813,3.1023,-0.069,3.1937,-0.0053,2.5714,-0.1244,1.3691,-0.0177,0.3455,-0.3534,1.5039,-0.3519
2.8345,0.1858,3.6533,0.3443,2.9414,-0.1062,3.0904,0.0155,2.5415,-0.1291,1.2794,0.0032,0.407,-0.384,1.5158,-0.369
2.7381,0.1524,3.6522,0.311,2.8351,-0.1309,3.0111,0.0278,2.5714,-0.1244,1.2992,-0.0253,0.4176,-0.3701,1.5158,-0.369
2.7381,0.1524,3.6522,0.311,2.8351,-0.1309,3.0111,0.0278,2.5714,-0.1244,1.2992,-0.0253,0.4176,-0.3701,1.5158,-0.369
2.7381,0.1524,3.6522,0.311,2.8351,-0.1309,3.0111,0.0278,2.5714,-0.1244,1.2992,-0.0253,0.4176,-0.3701,1.5158,-0.369
2.7381,0.1524,3.6522,0.311,2.8351,-0.1309,3.0111,0.0278,2.5714,-0.1244,1.2992,-0.0253,0.4176,-0.3701,1.5158,-0.369
2.8023,0.1029,3.6098,0.3372,2.7537,-0.1022,3.0021,0.0152,2.7177,-0.1913,1.2957,-0.0563,0.3479,-0.3278,1.4727,-0.3538
2.8023,0.1029,3.6098,0.3372,2.7537,-0.1022,3.0021,0.0152,2.7177,-0.1913,1.2957,-0.0563,0.3479,-0.3278,1.4727,-0.3538
2.8023,0.1029,3.6098,0.3372,2.7537,-0.1022,3.0021,0.0152,2.7177,-0.1913,1.2957,-0.0563,0.3479,-0.3278,1.4727,-0.3538
2.8542,0.0711,3.5034,0.386,2.9986,-0.1887,2.9626,0.0213,2.7945,-0.1574,1.3154,-0.0847,0.276,-0.3112,1.6692,-0.449
2.8542,0.0711,3.5034,0.386,2.9986,-0.1887,2.9626,0.0213,2.7945,-0.1574,1.3154,-0.0847,0.276,-0.3112,1.6692,-0.449
2.8269,0.0673,3.524,0.3562,3.1632,-0.2469,2.9465,0.0192,2.722,-0.1011,1.2591,-0.0756,0.239,-0.3158,1.7008,-0.4472
2.8269,0.0673,3.524,0.3562,3.1632,-0.2469,2.9465,0.0192,2.722,-0.1011,1.2591,-0.0756,0.239,-0.3158,1.7008,-0.4472
2.9061,0.0394,3.5446,0.3265,3.0773,-0.1229,2.9143,0.0149,2.6033,-0.0745,1.3547,-0.1414,0.1918,-0.3344,1.5471,-0.3671
2.9061,0.0394,3.5446,0.3265,3.0773,-0.1229,2.9143,0.0149,2.6033,-0.0745,1.3547,-0.1414,0.1918,-0.3344,1.5471,-0.3671
3.0377,-0.0205,3.5333,0.3081,2.9126,-0.0647,2.8822,0.0106,2.5433,-0.0839,1.3645,-0.1556,0.1631,-0.3506,1.4296,-0.3385
3.0377,-0.0205,3.5333,0.3081,2.9126,-0.0647,2.8822,0.0106,2.5433,-0.0839,1.3645,-0.1556,0.1631,-0.3506,1.4296,-0.3385
3.0254,-0.0028,3.5116,0.3046,2.6964,-0.0196,2.9269,-0.0287,2.5134,-0.0887,1.3351,-0.1131,0.1528,-0.3645,1.3556,-0.3253
3.0254,-0.0028,3.5116,0.3046,2.6964,-0.0196,2.9269,-0.0287,2.5134,-0.0887,1.3351,-0.1131,0.1528,-0.3645,1.3556,-0.3253
2.9362,0.0824,3.4582,0.3123,2.5917,-0.0449,2.918,-0.0411,2.5134,-0.0887,1.2823,-0.073,0.1345,-0.3668,1.3128,-0.3102
2.8171,0.1245,3.4255,0.2904,2.5161,-0.1111,2.8699,-0.0475,2.4994,-0.0684,1.2626,-0.0446,0.2241,-0.3809,1.3985,-0.3404
2.8171,0.1245,3.4255,0.2904,2.5161,-0.1111,2.8699,-0.0475,2.4994,-0.0684,1.2626,-0.0446,0.2241,-0.3809,1.3985,-0.3404
2.8171,0.1245,3.4255,0.2904,2.5161,-0.1111,2.8699,-0.0475,2.4994,-0.0684,1.2626,-0.0446,0.2241,-0.3809,1.3985,-0.3404
2.6423,0.1192,3.4448,0.228,2.3382,-0.2016,2.7527,-0.0294,2.5293,-0.0637,1.2858,-0.0421,0.3117,-0.4206,1.4103,-0.3575
2.6423,0.1192,3.4448,0.228,2.3382,-0.2016,2.7527,-0.0294,2.5293,-0.0637,1.2858,-0.0421,0.3117,-0.4206,1.4103,-0.3575
2.535,0.1037,3.4019,0.221,2.2362,-0.2264,2.6433,-0.0218,2.5134,-0.0887,1.2394,-0.0472,0.3117,-0.4206,1.3911,-0.3764
2.535,0.1037,3.4019,0.221,2.2362,-0.2264,2.6433,-0.0218,2.5134,-0.0887,1.2394,-0.0472,0.3117,-0.4206,1.3911,-0.3764
2.4939,0.0783,3.3082,0.2874,2.2641,-0.2665,2.5732,-0.0203,2.5854,-0.1446,1.1932,-0.0523,0.2425,-0.3786,1.3601,-0.3783
2.4939,0.0783,3.3082,0.2874,2.2641,-0.2665,2.5732,-0.0203,2.5854,-0.1446,1.1932,-0.0523,0.2425,-0.3786,1.3601,-0.3783
2.4528,0.053,3.2453,0.3096,2.2641,-0.2665,2.556,-0.0451,2.5994,-0.1648,1.18,-0.069,0.1896,-0.3599,1.4693,-0.4425
2.4384,0.0316,3.1825,0.3318,2.6086,-0.4185,2.5474,-0.0575,2.5275,-0.1089,1.1339,-0.0741,0.1367,-0.3413,1.567,-0.4899
2.4384,0.0316,3.1825,0.3318,2.6086,-0.4185,2.5474,-0.0575,2.5275,-0.1089,1.1339,-0.0741,0.1367,-0.3413,1.567,-0.4899
2.4916,0.0393,3.2037,0.3354,2.8459,-0.4114,2.6016,-0.0612,2.4398,-0.0779,1.1305,-0.1048,0.1001,-0.3459,1.5123,-0.4577
2.4916,0.0393,3.2037,0.3354,2.8459,-0.4114,2.6016,-0.0612,2.4398,-0.0779,1.1305,-0.1048,0.1001,-0.3459,1.5123,-0.4577
2.7159,0.0131,3.2674,0.3463,2.9204,-0.254,2.6734,-0.0402,2.278,-0.0816,1.1041,-0.138,0.0534,-0.3643,1.3526,-0.4141
2.7159,0.0131,3.2674,0.3463,2.9204,-0.254,2.6734,-0.0402,2.278,-0.0816,1.1041,-0.138,0.0534,-0.3643,1.3526,-0.4141
2.9307,0.0039,3.3947,0.3348,3.0235,-0.1352,2.8005,-0.023,2.2332,-0.1113,1.1368,-0.1496,0.0271,-0.3551,1.2674,-0.384
2.9307,0.0039,3.3947,0.3348,3.0235,-0.1352,2.8005,-0.023,2.2332,-0.1113,1.1368,-0.1496,0.0271,-0.3551,1.2674,-0.384
2.9307,0.0039,3.3947,0.3348,3.0235,-0.1352,2.8005,-0.023,2.2332,-0.1113,1.1368,-0.1496,0.0271,-0.3551,1.2674,-0.384
3.0711,0.0617,3.4808,0.3491,3.0734,-0.0273,2.9824,-0.0327,2.2764,-0.1266,1.1863,-0.1139,0.0635,-0.3505,1.3291,-0.3802
3.0711,0.0617,3.4808,0.3491,3.0734,-0.0273,2.9824,-0.0327,2.2764,-0.1266,1.1863,-0.1139,0.0635,-0.3505,1.3291,-0.3802
3.0711,0.0617,3.4808,0.3491,3.0734,-0.0273,2.9824,-0.0327,2.2764,-0.1266,1.1863,-0.1139,0.0635,-0.3505,1.3291,-0.3802
3.0711,0.0617,3.4808,0.3491,3.0734,-0.0273,2.9824,-0.0327,2.2764,-0.1266,1.1863,-0.1139,0.0635,-0.3505,1.3291,-0.3802
3.1169,0.1267,3.7062,0.3031,3.0196,-0.0398,3.067,0.0237,2.3649,-0.1123,1.1932,-0.0523,0.2794,-0.3741,1.3556,-0.3253
3.1169,0.1267,3.7062,0.3031,3.0196,-0.0398,3.067,0.0237,2.3649,-0.1123,1.1932,-0.0523,0.2794,-0.3741,1.3556,-0.3253
3.1169,0.1267,3.7062,0.3031,3.0196,-0.0398,3.067,0.0237,2.3649,-0.1123,1.1932,-0.0523,0.2794,-0.3741,1.3556,-0.3253
3.1447,0.1304,3.803,0.2689,2.966,-0.0523,3.0687,0.0468,2.4538,-0.0981,1.2725,-0.0588,0.3455,-0.3534,1.4608,-0.3367
3.1447,0.1304,3.803,0.2689,2.966,-0.0523,3.0687,0.0468,2.4538,-0.0981,1.2725,-0.0588,0.3455,-0.3534,1.4608,-0.3367
3.1601,0.1522,3.8588,0.2942,3.0196,-0.0398,3.0778,0.0593,2.6014,-0.1197,1.3387,-0.0822,0.3316,-0.3044,1.4489,-0.3196
3.1601,0.1522,3.8588,0.2942,3.0196,-0.0398,3.0778,0.0593,2.6014,-0.1197,1.3387,-0.0822,0.3316,-0.3044,1.4489,-0.3196
3.188,0.156,3.8394,0.3576,3.1023,-0.069,3.094,0.0615,2.8531,-0.1934,1.3718,-0.0939,0.3339,-0.2786,1.5233,-0.3329
3.188,0.156,3.8394,0.3576,3.1023,-0.069,3.094,0.0615,2.8531,-0.1934,1.3718,-0.0939,0.3339,-0.2786,1.5233,-0.3329
3.2033,0.1778,3.8954,0.3832,3.6871,-0.1809,3.1575,0.047,2.8859,-0.1437,1.405,-0.1057,0.2887,-0.2715,1.6414,-0.3617
3.2033,0.1778,3.8954,0.3832,3.6871,-0.1809,3.1575,0.047,2.8859,-0.1437,1.405,-0.1057,0.2887,-0.2715,1.6414,-0.3617
3.2033,0.1778,3.8954,0.3832,3.6871,-0.1809,3.1575,0.047,2.8859,-0.1437,1.405,-0.1057,0.2887,-0.2715,1.6414,-0.3617
3.2564,0.1454,3.8732,0.3797,3.5994,-0.0544,3.1412,0.0448,2.6616,-0.1104,1.4112,-0.1507,0.239,-0.3158,1.4489,-0.3196
3.2564,0.1454,3.8732,0.3797,3.5994,-0.0544,3.1412,0.0448,2.6616,-0.1104,1.4112,-0.1507,0.239,-0.3158,1.4489,-0.3196
3.3376,0.1167,3.8302,0.4062,3.5406,0.0304,3.1648,0.0365,2.5714,-0.1244,1.4308,-0.179,0.2183,-0.3437,1.3438,-0.3082
3.3376,0.1167,3.8302,0.4062,3.5406,0.0304,3.1648,0.0365,2.5714,-0.1244,1.4308,-0.179,0.2183,-0.3437,1.3438,-0.3082
3.3376,0.1167,3.7756,0.4141,3.5406,0.0304,3.2193,0.0094,2.4976,-0.1136,1.3915,-0.1223,0.2264,-0.3554,1.3128,-0.3102
3.3376,0.1167,3.7756,0.4141,3.5406,0.0304,3.2193,0.0094,2.4976,-0.1136,1.3915,-0.1223,0.2264,-0.3554,1.3128,-0.3102
3.3376,0.1167,3.7756,0.4141,3.5406,0.0304,3.2193,0.0094,2.4976,-0.1136,1.3915,-0.1223,0.2264,-0.3554,1.3128,-0.3102
3.2033,0.1778,3.7421,0.392,3.4004,0.0478,3.2265,-0.0011,2.4976,-0.1136,1.3718,-0.0939,0.261,-0.3764,1.3365,-0.3443
3.2033,0.1778,3.7421,0.392,3.4004,0.0478,3.2265,-0.0011,2.4976,-0.1136,1.3718,-0.0939,0.261,-0.3764,1.3365,-0.3443
2.9291,0.1795,3.7384,0.2917,2.9907,0.002,3.076,0.0363,2.4678,-0.1183,1.2626,-0.0446,0.394,-0.4234,1.3483,-0.3613
2.9291,0.1795,3.7384,0.2917,2.9907,0.002,3.076,0.0363,2.4678,-0.1183,1.2626,-0.0446,0.394,-0.4234,1.3483,-0.3613
2.9291,0.1795,3.7384,0.2917,2.9907,0.002,3.076,0.0363,2.4678,-0.1183,1.2626,-0.0446,0.394,-0.4234,1.3483,-0.3613
2.9539,0.1436,3.7281,0.3066,2.826,0.0601,3.0597,0.0342,2.5256,-0.1539,1.2823,-0.073,0.3698,-0.3884,1.3483,-0.3613
2.9539,0.1436,3.7281,0.3066,2.826,0.0601,3.0597,0.0342,2.5256,-0.1539,1.2823,-0.073,0.3698,-0.3884,1.3483,-0.3613
3.0063,0.1116,3.7074,0.3364,2.855,0.0184,3.0904,0.0155,2.6875,-0.1959,1.2922,-0.0872,0.3455,-0.3534,1.3911,-0.3764
3.0063,0.1116,3.7074,0.3364,2.855,0.0184,3.0904,0.0155,2.6875,-0.1959,1.2922,-0.0872,0.3455,-0.3534,1.3911,-0.3764
3.0339,0.1154,3.6867,0.3663,3.0196,-0.0398,3.1067,0.0176,2.7642,-0.162,1.3154,-0.0847,0.3212,-0.3184,1.6377,-0.4507
3.0339,0.1154,3.6867,0.3663,3.0196,-0.0398,3.1067,0.0176,2.7642,-0.162,1.3154,-0.0847,0.3212,-0.3184,1.6377,-0.4507
3.0615,0.1191,3.6223,0.3891,3.2686,-0.1277,3.0832,0.0259,2.7079,-0.0807,1.3154,-0.0847,0.2945,-0.309,1.7561,-0.4797
3.0615,0.1191,3.6223,0.3891,3.2686,-0.1277,3.0832,0.0259,2.7079,-0.0807,1.3154,-0.0847,0.2945,-0.309,1.7561,-0.4797
3.0615,0.1191,3.6212,0.3556,3.381,-0.1989,3.0435,0.032,2.6193,-0.0494,1.3351,-0.1131,0.2737,-0.3369,1.6889,-0.4302
3.0615,0.1191,3.6212,0.3556,3.381,-0.1989,3.0435,0.032,2.6193,-0.0494,1.3351,-0.1131,0.2737,-0.3369,1.6889,-0.4302
3.1543,0.0728,3.6098,0.3372,3.2686,-0.1277,3.0183,0.0174,2.5293,-0.0637,1.3976,-0.1673,0.2264,-0.3554,1.5039,-0.3519
3.1543,0.0728,3.6098,0.3372,3.2686,-0.1277,3.0183,0.0174,2.5293,-0.0637,1.3976,-0.1673,0.2264,-0.3554,1.5039,-0.3519
3.2349,0.0444,3.6201,0.3223,3.1564,-0.0566,3.0489,-0.0013,2.4994,-0.0684,1.4074,-0.1814,0.2241,-0.3809,1.3867,-0.3234
3.2349,0.0444,3.6201,0.3223,3.1564,-0.0566,3.0489,-0.0013,2.4994,-0.0684,1.4074,-0.1814,0.2241,-0.3809,1.3867,-0.3234
3.1697,0.0945,3.5983,0.3188,3.1023,-0.069,3.0706,-0.0325,2.5134,-0.0887,1.3682,-0.1248,0.2241,-0.3809,1.3438,-0.3082
3.1697,0.0945,3.5983,0.3188,3.1023,-0.069,3.0706,-0.0325,2.5134,-0.0887,1.3682,-0.1248,0.2241,-0.3809,1.3438,-0.3082
3.1045,0.1447,3.5446,0.3265,3.0485,-0.0814,3.0543,-0.0346,2.4994,-0.0684,1.3154,-0.0847,0.2586,-0.4019,1.3556,-0.3253
3.1045,0.1447,3.5446,0.3265,3.0485,-0.0814,3.0543,-0.0346,2.4994,-0.0684,1.3154,-0.0847,0.2586,-0.4019,1.3556,-0.3253
2.9265,0.1398,3.5322,0.275,2.892,-0.213,2.9198,-0.0183,2.5293,-0.0637,1.3387,-0.0822,0.3915,-0.4488,1.3985,-0.3404
2.9265,0.1398,3.5322,0.275,2.892,-0.213,2.9198,-0.0183,2.5293,-0.0637,1.3387,-0.0822,0.3915,-0.4488,1.3985,-0.3404
2.7504,0.1346,3.5833,0.2013,2.6812,-0.2617,2.8093,-0.0105,2.4555,-0.0529,1.3584,-0.1106,0.3915,-0.4488,1.4222,-0.3745
2.7504,0.1346,3.5833,0.2013,2.6812,-0.2617,2.8093,-0.0105,2.4555,-0.0529,1.3584,-0.1106,0.3915,-0.4488,1.4222,-0.3745
2.7209,0.0914,3.5718,0.1831,2.5489,-0.2455,2.7154,-0.0007,2.4398,-0.0779,1.3118,-0.1156,0.3568,-0.4278,1.3911,-0.3764
