11.255,13.404,40.495,34.994,-0.68736,8.6359,53.234,24.607,7.3935,2.7783,9.2108,20.673,31.637,12.216,-14.509,18.961
11.344,13.621,40.405,35.375,-0.56812,8.7224,53.17,25.006,7.6346,3.1423,9.3788,20.864,31.794,12.425,-14.337,19.198
11.344,13.621,40.405,35.375,-0.56812,8.7224,53.17,25.006,7.6346,3.1423,9.3788,20.864,31.794,12.425,-14.337,19.198
11.431,13.839,40.315,35.754,-0.45012,8.8097,53.105,25.405,7.8754,3.5071,9.5457,21.056,31.951,12.635,-14.165,19.436
11.431,13.839,40.315,35.754,-0.45012,8.8097,53.105,25.405,7.8754,3.5071,9.5457,21.056,31.951,12.635,-14.165,19.436
11.431,13.839,40.315,35.754,-0.45012,8.8097,53.105,25.405,7.8754,3.5071,9.5457,21.056,31.951,12.635,-14.165,19.436
11.518,14.057,40.224,36.133,-0.33337,8.8978,53.039,25.805,8.116,3.8727,9.7114,21.249,32.108,12.845,-13.994,19.675
11.603,14.275,40.134,36.51,-0.21788,8.9868,52.972,26.204,8.3562,4.239,9.876,21.442,32.265,13.057,-13.825,19.914
11.686,14.494,40.043,36.886,-0.10366,9.0766,52.903,26.603,8.5962,4.606,10.039,21.636,32.421,13.269,-13.655,20.154
11.686,14.494,40.043,36.886,-0.10366,9.0766,52.903,26.603,8.5962,4.606,10.039,21.636,32.421,13.269,-13.655,20.154
11.769,14.713,39.952,37.262,0.0093054,9.1673,52.834,27.002,8.8358,4.9737,10.201,21.83,32.578,13.483,-13.487,20.395
11.769,14.713,39.952,37.262,0.0093054,9.1673,52.834,27.002,8.8358,4.9737,10.201,21.83,32.578,13.483,-13.487,20.395
11.769,14.713,39.952,37.262,0.0093054,9.1673,52.834,27.002,8.8358,4.9737,10.201,21.83,32.578,13.483,-13.487,20.395
11.85,14.933,39.861,37.636,0.12099,9.2589,52.763,27.402,9.0752,5.3421,10.362,22.025,32.734,13.697,-13.32,20.637
11.85,14.933,39.861,37.636,0.12099,9.2589,52.763,27.402,9.0752,5.3421,10.362,22.025,32.734,13.697,-13.32,20.637
11.929,15.154,39.77,38.009,0.23141,9.3513,52.691,27.801,9.3141,5.7112,10.522,22.221,32.889,13.912,-13.153,20.879
12.008,15.374,39.678,38.381,0.34054,9.4446,52.618,28.2,9.5528,6.081,10.68,22.417,33.045,14.129,-12.987,21.122
12.008,15.374,39.678,38.381,0.34054,9.4446,52.618,28.2,9.5528,6.081,10.68,22.417,33.045,14.129,-12.987,21.122
12.008,15.374,39.678,38.381,0.34054,9.4446,52.618,28.2,9.5528,6.081,10.68,22.417,33.045,14.129,-12.987,21.122
12.085,15.595,39.587,38.752,0.44838,9.5388,52.544,28.599,9.7911,6.4514,10.838,22.614,33.2,14.346,-12.823,21.366
12.085,15.595,39.587,38.752,0.44838,9.5388,52.544,28.599,9.7911,6.4514,10.838,22.614,33.2,14.346,-12.823,21.366
12.085,15.595,39.587,38.752,0.44838,9.5388,52.544,28.599,9.7911,6.4514,10.838,22.614,33.2,14.346,-12.823,21.366
12.16,15.817,39.495,39.122,0.55493,9.6338,52.469,28.998,10.029,6.8224,10.993,22.812,33.355,14.563,-12.659,21.611
12.16,15.817,39.495,39.122,0.55493,9.6338,52.469,28.998,10.029,6.8224,10.993,22.812,33.355,14.563,-12.659,21.611
12.235,16.039,39.404,39.49,0.66019,9.7298,52.392,29.397,10.267,7.194,11.148,23.01,33.509,14.782,-12.496,21.856
12.235,16.039,39.404,39.49,0.66019,9.7298,52.392,29.397,10.267,7.194,11.148,23.01,33.509,14.782,-12.496,21.856
12.307,16.261,39.312,39.858,0.76414,9.8266,52.315,29.796,10.504,7.5662,11.301,23.209,33.663,15.002,-12.333,22.102
12.379,16.484,39.22,40.224,0.86679,9.9242,52.236,30.194,10.741,7.939,11.453,23.408,33.817,15.222,-12.172,22.349
12.379,16.484,39.22,40.224,0.86679,9.9242,52.236,30.194,10.741,7.939,11.453,23.408,33.817,15.222,-12.172,22.349
12.449,16.707,39.128,40.59,0.96813,10.023,52.156,30.593,10.977,8.3123,11.604,23.608,33.971,15.444,-12.012,22.596
12.517,16.931,39.037,40.954,1.0682,10.122,52.075,30.992,11.213,8.6862,11.754,23.809,34.124,15.666,-11.852,22.844
12.517,16.931,39.037,40.954,1.0682,10.122,52.075,30.992,11.213,8.6862,11.754,23.809,34.124,15.666,-11.852,22.844
12.517,16.931,39.037,40.954,1.0682,10.122,52.075,30.992,11.213,8.6862,11.754,23.809,34.124,15.666,-11.852,22.844
12.585,17.155,38.945,41.317,1.1669,10.223,51.992,31.39,11.449,9.0605,11.902,24.01,34.277,15.889,-11.694,23.093
12.585,17.155,38.945,41.317,1.1669,10.223,51.992,31.39,11.449,9.0605,11.902,24.01,34.277,15.889,-11.694,23.093
12.651,17.379,38.853,41.678,1.2642,10.324,51.909,31.789,11.684,9.4354,12.048,24.212,34.43,16.112,-11.536,23.342
12.651,17.379,38.853,41.678,1.2642,10.324,51.909,31.789,11.684,9.4354,12.048,24.212,34.43,16.112,-11.536,23.342
12.715,17.604,38.76,42.039,1.3603,10.426,51.824,32.187,11.919,9.8107,12.194,24.414,34.582,16.337,-11.379,23.592
12.715,17.604,38.76,42.039,1.3603,10.426,51.824,32.187,11.919,9.8107,12.194,24.414,34.582,16.337,-11.379,23.592
12.778,17.829,38.668,42.398,1.455,10.529,51.738,32.586,12.153,10.186,12.338,24.617,34.733,16.562,-11.224,23.843
12.778,17.829,38.668,42.398,1.455,10.529,51.738,32.586,12.153,10.186,12.338,24.617,34.733,16.562,-11.224,23.843
12.839,18.055,38.576,42.757,1.5484,10.633,51.651,32.984,12.387,10.563,12.48,24.821,34.885,16.788,-11.069,24.094
12.839,18.055,38.576,42.757,1.5484,10.633,51.651,32.984,12.387,10.563,12.48,24.821,34.885,16.788,-11.069,24.094
12.9,18.281,38.484,43.114,1.6404,10.737,51.563,33.382,12.62,10.939,12.622,25.025,35.036,17.015,-10.915,24.346
12.9,18.281,38.484,43.114,1.6404,10.737,51.563,33.382,12.62,10.939,12.622,25.025,35.036,17.015,-10.915,24.346
12.958,18.507,38.392,43.47,1.7311,10.843,51.474,33.78,12.853,11.316,12.761,25.229,35.187,17.242,-10.762,24.599
12.958,18.507,38.392,43.47,1.7311,10.843,51.474,33.78,12.853,11.316,12.761,25.229,35.187,17.242,-10.762,24.599
13.015,18.734,38.3,43.824,1.8205,10.949,51.383,34.178,13.086,11.694,12.9,25.435,35.337,17.47,-10.61,24.852
13.071,18.961,38.207,44.178,1.9085,11.057,51.292,34.576,13.318,12.071,13.037,25.64,35.487,17.699,-10.46,25.105
13.071,18.961,38.207,44.178,1.9085,11.057,51.292,34.576,13.318,12.071,13.037,25.64,35.487,17.699,-10.46,25.105
13.071,18.961,38.207,44.178,1.9085,11.057,51.292,34.576,13.318,12.071,13.037,25.64,35.487,17.699,-10.46,25.105
13.126,19.189,38.115,44.53,1.9951,11.165,51.199,34.974,13.549,12.45,13.172,25.847,35.636,17.929,-10.31,25.359
13.126,19.189,38.115,44.53,1.9951,11.165,51.199,34.974,13.549,12.45,13.172,25.847,35.636,17.929,-10.31,25.359
13.178,19.417,38.023,44.881,2.0804,11.274,51.105,35.371,13.78,12.828,13.307,26.053,35.785,18.159,-10.161,25.614
13.178,19.417,38.023,44.881,2.0804,11.274,51.105,35.371,13.78,12.828,13.307,26.053,35.785,18.159,-10.161,25.614
13.23,19.645,37.93,45.231,2.1643,11.384,51.01,35.769,14.011,13.207,13.439,26.261,35.933,18.39,-10.013,25.869
13.28,19.874,37.838,45.58,2.2468,11.495,50.913,36.166,14.241,13.586,13.571,26.468,36.081,18.621,-9.8661,26.125
13.28,19.874,37.838,45.58,2.2468,11.495,50.913,36.166,14.241,13.586,13.571,26.468,36.081,18.621,-9.8661,26.125
13.328,20.103,37.746,45.927,2.328,11.607,50.816,36.563,14.47,13.965,13.7,26.677,36.229,18.853,-9.7203,26.382
13.328,20.103,37.746,45.927,2.328,11.607,50.816,36.563,14.47,13.965,13.7,26.677,36.229,18.853,-9.7203,26.382
13.328,20.103,37.746,45.927,2.328,11.607,50.816,36.563,14.47,13.965,13.7,26.677,36.229,18.853,-9.7203,26.382
13.375,20.332,37.653,46.273,2.4077,11.72,50.717,36.96,14.699,14.344,13.829,26.886,36.376,19.086,-9.5755,26.638
13.42,20.562,37.561,46.618,2.4861,11.833,50.617,37.357,14.928,14.724,13.955,27.095,36.523,19.319,-9.4317,26.896
13.42,20.562,37.561,46.618,2.4861,11.833,50.617,37.357,14.928,14.724,13.955,27.095,36.523,19.319,-9.4317,26.896
13.42,20.562,37.561,46.618,2.4861,11.833,50.617,37.357,14.928,14.724,13.955,27.095,36.523,19.319,-9.4317,26.896
13.464,20.792,37.469,46.961,2.5631,11.948,50.516,37.754,15.155,15.104,14.081,27.305,36.669,19.553,-9.289,27.154
13.464,20.792,37.469,46.961,2.5631,11.948,50.516,37.754,15.155,15.104,14.081,27.305,36.669,19.553,-9.289,27.154
13.464,20.792,37.469,46.961,2.5631,11.948,50.516,37.754,15.155,15.104,14.081,27.305,36.669,19.553,-9.289,27.154
13.464,20.792,37.469,46.961,2.5631,11.948,50.516,37.754,15.155,15.104,14.081,27.305,36.669,19.553,-9.289,27.154
13.548,21.253,37.284,47.645,2.713,12.18,50.311,38.547,15.609,15.864,14.327,27.726,36.959,20.023,-9.0066,27.671
13.548,21.253,37.284,47.645,2.713,12.18,50.311,38.547,15.609,15.864,14.327,27.726,36.959,20.023,-9.0066,27.671
13.587,21.484,37.192,47.984,2.7858,12.297,50.206,38.943,15.836,16.244,14.448,27.937,37.104,20.258,-8.8671,27.93
13.587,21.484,37.192,47.984,2.7858,12.297,50.206,38.943,15.836,16.244,14.448,27.937,37.104,20.258,-8.8671,27.93
13.625,21.715,37.1,48.323,2.8572,12.415,50.1,39.339,16.061,16.625,14.567,28.149,37.248,20.494,-8.7286,28.189
13.625,21.715,37.1,48.323,2.8572,12.415,50.1,39.339,16.061,16.625,14.567,28.149,37.248,20.494,-8.7286,28.189
13.625,21.715,37.1,48.323,2.8572,12.415,50.1,39.339,16.061,16.625,14.567,28.149,37.248,20.494,-8.7286,28.189
13.662,21.947,37.008,48.66,2.9273,12.534,49.993,39.735,16.286,17.005,14.685,28.361,37.391,20.731,-8.5912,28.449
13.697,22.179,36.916,48.996,2.9959,12.654,49.885,40.13,16.51,17.386,14.801,28.574,37.534,20.968,-8.4548,28.71
13.697,22.179,36.916,48.996,2.9959,12.654,49.885,40.13,16.51,17.386,14.801,28.574,37.534,20.968,-8.4548,28.71
13.73,22.411,36.823,49.331,3.0631,12.774,49.776,40.526,16.734,17.766,14.916,28.787,37.677,21.205,-8.3196,28.971
13.73,22.411,36.823,49.331,3.0631,12.774,49.776,40.526,16.734,17.766,14.916,28.787,37.677,21.205,-8.3196,28.971
13.762,22.644,36.731,49.664,3.1289,12.896,49.665,40.921,16.957,18.147,15.029,29.001,37.818,21.443,-8.1854,29.232
13.762,22.644,36.731,49.664,3.1289,12.896,49.665,40.921,16.957,18.147,15.029,29.001,37.818,21.443,-8.1854,29.232
13.792,22.876,36.639,49.996,3.1932,13.018,49.553,41.316,17.18,18.527,15.14,29.215,37.96,21.682,-8.0523,29.493
13.792,22.876,36.639,49.996,3.1932,13.018,49.553,41.316,17.18,18.527,15.14,29.215,37.96,21.682,-8.0523,29.493
13.821,23.11,36.547,50.326,3.2562,13.142,49.441,41.711,17.402,18.908,15.25,29.429,38.1,21.921,-7.9204,29.755
13.821,23.11,36.547,50.326,3.2562,13.142,49.441,41.711,17.402,18.908,15.25,29.429,38.1,21.921,-7.9204,29.755
13.848,23.343,36.456,50.656,3.3177,13.266,49.326,42.105,17.623,19.288,15.358,29.644,38.24,22.16,-7.7895,30.018
13.874,23.577,36.364,50.984,3.3778,13.391,49.211,42.5,17.843,19.669,15.465,29.859,38.379,22.399,-7.6598,30.28
13.874,23.577,36.364,50.984,3.3778,13.391,49.211,42.5,17.843,19.669,15.465,29.859,38.379,22.399,-7.6598,30.28
13.898,23.811,36.272,51.31,3.4365,13.517,49.095,42.894,18.063,20.049,15.57,30.075,38.518,22.639,-7.5312,30.543
13.898,23.811,36.272,51.31,3.4365,13.517,49.095,42.894,18.063,20.049,15.57,30.075,38.518,22.639,-7.5312,30.543
13.898,23.811,36.272,51.31,3.4365,13.517,49.095,42.894,18.063,20.049,15.57,30.075,38.518,22.639,-7.5312,30.543
13.921,24.045,36.18,51.635,3.4937,13.644,48.977,43.288,18.282,20.43,15.674,30.291,38.656,22.88,-7.4037,30.806
13.921,24.045,36.18,51.635,3.4937,13.644,48.977,43.288,18.282,20.43,15.674,30.291,38.656,22.88,-7.4037,30.806
13.921,24.045,36.18,51.635,3.4937,13.644,48.977,43.288,18.282,20.43,15.674,30.291,38.656,22.88,-7.4037,30.806
13.942,24.28,36.089,51.959,3.5495,13.771,48.858,43.682,18.501,20.81,15.776,30.507,38.794,23.12,-7.2774,31.07
13.942,24.28,36.089,51.959,3.5495,13.771,48.858,43.682,18.501,20.81,15.776,30.507,38.794,23.12,-7.2774,31.07
13.942,24.28,36.089,51.959,3.5495,13.771,48.858,43.682,18.501,20.81,15.776,30.507,38.794,23.12,-7.2774,31.07
13.979,24.75,35.906,52.603,3.6568,14.029,48.617,44.468,18.936,21.57,15.975,30.941,39.067,23.602,-7.0281,31.597
13.979,24.75,35.906,52.603,3.6568,14.029,48.617,44.468,18.936,21.57,15.975,30.941,39.067,23.602,-7.0281,31.597
13.979,24.75,35.906,52.603,3.6568,14.029,48.617,44.468,18.936,21.57,15.975,30.941,39.067,23.602,-7.0281,31.597
13.996,24.985,35.814,52.923,3.7082,14.16,48.494,44.861,19.152,21.949,16.072,31.158,39.202,23.844,-6.9052,31.862
13.996,24.985,35.814,52.923,3.7082,14.16,48.494,44.861,19.152,21.949,16.072,31.158,39.202,23.844,-6.9052,31.862
14.01,25.221,35.723,53.241,3.7583,14.291,48.371,45.254,19.368,22.328,16.167,31.376,39.337,24.086,-6.7835,32.126
14.01,25.221,35.723,53.241,3.7583,14.291,48.371,45.254,19.368,22.328,16.167,31.376,39.337,24.086,-6.7835,32.126
14.01,25.221,35.723,53.241,3.7583,14.291,48.371,45.254,19.368,22.328,16.167,31.376,39.337,24.086,-6.7835,32.126
14.035,25.692,35.541,53.874,3.854,14.556,48.12,46.038,19.798,23.087,16.353,31.813,39.604,24.57,-6.5435,32.656
14.046,25.929,35.449,54.189,3.8996,14.689,47.993,46.43,20.011,23.465,16.444,32.031,39.737,24.812,-6.4252,32.921
14.046,25.929,35.449,54.189,3.8996,14.689,47.993,46.43,20.011,23.465,16.444,32.031,39.737,24.812,-6.4252,32.921
14.054,26.165,35.359,54.502,3.9439,14.824,47.864,46.822,20.224,23.843,16.533,32.25,39.869,25.055,-6.3082,33.186
14.054,26.165,35.359,54.502,3.9439,14.824,47.864,46.822,20.224,23.843,16.533,32.25,39.869,25.055,-6.3082,33.186
14.054,26.165,35.359,54.502,3.9439,14.824,47.864,46.822,20.224,23.843,16.533,32.25,39.869,25.055,-6.3082,33.186
14.061,26.402,35.268,54.813,3.9866,14.96,47.735,47.213,20.436,24.221,16.62,32.47,40,25.298,-6.1923,33.451
14.061,26.402,35.268,54.813,3.9866,14.96,47.735,47.213,20.436,24.221,16.62,32.47,40,25.298,-6.1923,33.451
14.067,26.639,35.177,55.123,4.0279,15.096,47.604,47.604,20.647,24.599,16.705,32.689,40.131,25.541,-6.0776,33.717
14.067,26.639,35.177,55.123,4.0279,15.096,47.604,47.604,20.647,24.599,16.705,32.689,40.131,25.541,-6.0776,33.717
14.071,26.876,35.086,55.432,4.0678,15.233,47.472,47.995,20.858,24.976,16.789,32.909,40.26,25.784,-5.9641,33.982
14.073,27.113,34.996,55.739,4.1061,15.371,47.339,48.385,21.068,25.353,16.871,33.129,40.389,26.027,-5.8518,34.248
14.073,27.113,34.996,55.739,4.1061,15.371,47.339,48.385,21.068,25.353,16.871,33.129,40.389,26.027,-5.8518,34.248
14.073,27.113,34.996,55.739,4.1061,15.371,47.339,48.385,21.068,25.353,16.871,33.129,40.389,26.027,-5.8518,34.248
14.074,27.351,34.905,56.045,4.143,15.51,47.204,48.775,21.277,25.729,16.952,33.35,40.518,26.27,-5.7407,34.514
14.074,27.351,34.905,56.045,4.143,15.51,47.204,48.775,21.277,25.729,16.952,33.35,40.518,26.27,-5.7407,34.514
14.073,27.589,34.815,56.35,4.1785,15.649,47.069,49.165,21.485,26.105,17.03,33.57,40.645,26.514,-5.6308,34.78
14.073,27.589,34.815,56.35,4.1785,15.649,47.069,49.165,21.485,26.105,17.03,33.57,40.645,26.514,-5.6308,34.78
14.073,27.589,34.815,56.35,4.1785,15.649,47.069,49.165,21.485,26.105,17.03,33.57,40.645,26.514,-5.6308,34.78
14.07,27.826,34.724,56.653,4.2125,15.79,46.932,49.554,21.692,26.481,17.107,33.791,40.772,26.757,-5.5221,35.046
14.066,28.064,34.634,56.955,4.245,15.931,46.794,49.943,21.899,26.856,17.183,34.012,40.897,27.001,-5.4146,35.312
14.066,28.064,34.634,56.955,4.245,15.931,46.794,49.943,21.899,26.856,17.183,34.012,40.897,27.001,-5.4146,35.312
14.061,28.303,34.544,57.255,4.276,16.073,46.655,50.332,22.105,27.23,17.256,34.233,41.022,27.244,-5.3083,35.578
14.061,28.303,34.544,57.255,4.276,16.073,46.655,50.332,22.105,27.23,17.256,34.233,41.022,27.244,-5.3083,35.578
14.054,28.541,34.454,57.554,4.3055,16.216,46.514,50.72,22.31,27.604,17.328,34.455,41.147,27.488,-5.2033,35.844
14.054,28.541,34.454,57.554,4.3055,16.216,46.514,50.72,22.31,27.604,17.328,34.455,41.147,27.488,-5.2033,35.844
14.045,28.78,34.365,57.851,4.3336,16.36,46.373,51.108,22.514,27.977,17.398,34.676,41.27,27.731,-5.0994,36.11
14.045,28.78,34.365,57.851,4.3336,16.36,46.373,51.108,22.514,27.977,17.398,34.676,41.27,27.731,-5.0994,36.11
14.035,29.018,34.275,58.147,4.3602,16.505,46.23,51.496,22.717,28.35,17.467,34.898,41.393,27.975,-4.9968,36.376
14.023,29.257,34.185,58.441,4.3854,16.65,46.086,51.883,22.92,28.722,17.533,35.12,41.514,28.218,-4.8955,36.642
14.023,29.257,34.185,58.441,4.3854,16.65,46.086,51.883,22.92,28.722,17.533,35.12,41.514,28.218,-4.8955,36.642
14.023,29.257,34.185,58.441,4.3854,16.65,46.086,51.883,22.92,28.722,17.533,35.12,41.514,28.218,-4.8955,36.642
14.01,29.496,34.096,58.734,4.409,16.796,45.941,52.27,23.121,29.094,17.598,35.342,41.635,28.462,-4.7954,36.908
14.01,29.496,34.096,58.734,4.409,16.796,45.941,52.27,23.121,29.094,17.598,35.342,41.635,28.462,-4.7954,36.908
13.995,29.735,34.006,59.026,4.4312,16.943,45.795,52.657,23.322,29.465,17.662,35.565,41.755,28.705,-4.6965,37.174
13.995,29.735,34.006,59.026,4.4312,16.943,45.795,52.657,23.322,29.465,17.662,35.565,41.755,28.705,-4.6965,37.174
13.978,29.975,33.917,59.316,4.4519,17.091,45.647,53.043,23.522,29.835,17.723,35.787,41.874,28.948,-4.5988,37.44
13.978,29.975,33.917,59.316,4.4519,17.091,45.647,53.043,23.522,29.835,17.723,35.787,41.874,28.948,-4.5988,37.44
13.96,30.214,33.828,59.605,4.4711,17.24,45.498,53.429,23.721,30.204,17.783,36.01,41.992,29.191,-4.5024,37.706
13.96,30.214,33.828,59.605,4.4711,17.24,45.498,53.429,23.721,30.204,17.783,36.01,41.992,29.191,-4.5024,37.706
13.94,30.453,33.739,59.892,4.4888,17.389,45.348,53.814,23.919,30.573,17.841,36.232,42.11,29.434,-4.4073,37.971
13.94,30.453,33.739,59.892,4.4888,17.389,45.348,53.814,23.919,30.573,17.841,36.232,42.11,29.434,-4.4073,37.971
13.919,30.693,33.65,60.178,4.505,17.54,45.197,54.199,24.117,30.941,17.897,36.455,42.226,29.677,-4.3134,38.237
13.919,30.693,33.65,60.178,4.505,17.54,45.197,54.199,24.117,30.941,17.897,36.455,42.226,29.677,-4.3134,38.237
13.896,30.933,33.562,60.462,4.5198,17.691,45.045,54.584,24.313,31.309,17.952,36.678,42.341,29.92,-4.2207,38.502
13.872,31.173,33.473,60.745,4.5331,17.842,44.891,54.968,24.508,31.675,18.005,36.901,42.456,30.162,-4.1294,38.768
13.872,31.173,33.473,60.745,4.5331,17.842,44.891,54.968,24.508,31.675,18.005,36.901,42.456,30.162,-4.1294,38.768
13.872,31.173,33.473,60.745,4.5331,17.842,44.891,54.968,24.508,31.675,18.005,36.901,42.456,30.162,-4.1294,38.768
13.846,31.412,33.385,61.026,4.5449,17.995,44.737,55.352,24.703,32.041,18.056,37.123,42.57,30.404,-4.0392,39.033
13.846,31.412,33.385,61.026,4.5449,17.995,44.737,55.352,24.703,32.041,18.056,37.123,42.57,30.404,-4.0392,39.033
13.819,31.652,33.296,61.306,4.5552,18.148,44.581,55.735,24.897,32.406,18.105,37.346,42.682,30.646,-3.9504,39.298
13.79,31.893,33.208,61.585,4.564,18.303,44.424,56.118,25.09,32.77,18.152,37.57,42.794,30.888,-3.8628,39.562
13.79,31.893,33.208,61.585,4.564,18.303,44.424,56.118,25.09,32.77,18.152,37.57,42.794,30.888,-3.8628,39.562
13.759,32.133,33.12,61.862,4.5713,18.457,44.265,56.5,25.282,33.133,18.198,37.793,42.905,31.129,-3.7765,39.827
13.759,32.133,33.12,61.862,4.5713,18.457,44.265,56.5,25.282,33.133,18.198,37.793,42.905,31.129,-3.7765,39.827
13.759,32.133,33.12,61.862,4.5713,18.457,44.265,56.5,25.282,33.133,18.198,37.793,42.905,31.129,-3.7765,39.827
13.727,32.373,33.032,62.137,4.5772,18.613,44.106,56.882,25.472,33.495,18.242,38.016,43.015,31.37,-3.6914,40.091
13.727,32.373,33.032,62.137,4.5772,18.613,44.106,56.882,25.472,33.495,18.242,38.016,43.015,31.37,-3.6914,40.091
13.693,32.613,32.945,62.411,4.5815,18.77,43.945,57.264,25.663,33.856,18.284,38.239,43.124,31.611,-3.6076,40.355
13.693,32.613,32.945,62.411,4.5815,18.77,43.945,57.264,25.663,33.856,18.284,38.239,43.124,31.611,-3.6076,40.355
13.658,32.853,32.857,62.683,4.5844,18.927,43.783,57.645,25.852,34.217,18.325,38.462,43.231,31.852,-3.5251,40.619
13.621,33.094,32.769,62.954,4.5858,19.085,43.62,58.026,26.04,34.576,18.363,38.685,43.338,32.092,-3.4439,40.883
13.621,33.094,32.769,62.954,4.5858,19.085,43.62,58.026,26.04,34.576,18.363,38.685,43.338,32.092,-3.4439,40.883
13.621,33.094,32.769,62.954,4.5858,19.085,43.62,58.026,26.04,34.576,18.363,38.685,43.338,32.092,-3.4439,40.883
13.583,33.334,32.682,63.224,4.5857,19.243,43.456,58.406,26.227,34.934,18.4,38.908,43.444,32.331,-3.3639,41.146
13.583,33.334,32.682,63.224,4.5857,19.243,43.456,58.406,26.227,34.934,18.4,38.908,43.444,32.331,-3.3639,41.146
13.543,33.575,32.595,63.492,4.5841,19.403,43.291,58.786,26.413,35.292,18.435,39.131,43.549,32.571,-3.2853,41.409
13.543,33.575,32.595,63.492,4.5841,19.403,43.291,58.786,26.413,35.292,18.435,39.131,43.549,32.571,-3.2853,41.409
13.501,33.815,32.508,63.758,4.5811,19.563,43.124,59.165,26.599,35.648,18.469,39.354,43.653,32.81,-3.2079,41.672
13.458,34.056,32.421,64.023,4.5765,19.724,42.956,59.544,26.783,36.003,18.5,39.577,43.756,33.048,-3.1318,41.934
13.458,34.056,32.421,64.023,4.5765,19.724,42.956,59.544,26.783,36.003,18.5,39.577,43.756,33.048,-3.1318,41.934
13.458,34.056,32.421,64.023,4.5765,19.724,42.956,59.544,26.783,36.003,18.5,39.577,43.756,33.048,-3.1318,41.934
13.414,34.296,32.334,64.287,4.5705,19.885,42.787,59.922,26.966,36.358,18.53,39.799,43.857,33.286,-3.0569,42.196
13.414,34.296,32.334,64.287,4.5705,19.885,42.787,59.922,26.966,36.358,18.53,39.799,43.857,33.286,-3.0569,42.196
13.414,34.296,32.334,64.287,4.5705,19.885,42.787,59.922,26.966,36.358,18.53,39.799,43.857,33.286,-3.0569,42.196
13.368,34.537,32.248,64.549,4.563,20.048,42.617,60.3,27.149,36.711,18.558,40.022,43.958,33.524,-2.9834,42.458
13.368,34.537,32.248,64.549,4.563,20.048,42.617,60.3,27.149,36.711,18.558,40.022,43.958,33.524,-2.9834,42.458
13.368,34.537,32.248,64.549,4.563,20.048,42.617,60.3,27.149,36.711,18.558,40.022,43.958,33.524,-2.9834,42.458
13.271,35.018,32.075,65.068,4.5436,20.375,42.273,61.054,27.51,37.414,18.609,40.467,44.156,33.997,-2.8402,42.98
13.271,35.018,32.075,65.068,4.5436,20.375,42.273,61.054,27.51,37.414,18.609,40.467,44.156,33.997,-2.8402,42.98
13.22,35.258,31.988,65.326,4.5316,20.539,42.099,61.43,27.69,37.763,18.632,40.689,44.254,34.233,-2.7705,43.241
13.22,35.258,31.988,65.326,4.5316,20.539,42.099,61.43,27.69,37.763,18.632,40.689,44.254,34.233,-2.7705,43.241
13.168,35.499,31.902,65.582,4.5182,20.704,41.924,61.806,27.868,38.112,18.653,40.912,44.35,34.469,-2.7021,43.501
13.168,35.499,31.902,65.582,4.5182,20.704,41.924,61.806,27.868,38.112,18.653,40.912,44.35,34.469,-2.7021,43.501
13.115,35.739,31.817,65.837,4.5033,20.87,41.748,62.181,28.046,38.459,18.672,41.134,44.446,34.704,-2.635,43.761
13.115,35.739,31.817,65.837,4.5033,20.87,41.748,62.181,28.046,38.459,18.672,41.134,44.446,34.704,-2.635,43.761
13.06,35.98,31.731,66.09,4.4869,21.037,41.571,62.556,28.222,38.805,18.689,41.356,44.54,34.938,-2.5692,44.02
13.06,35.98,31.731,66.09,4.4869,21.037,41.571,62.556,28.222,38.805,18.689,41.356,44.54,34.938,-2.5692,44.02
13.003,36.22,31.645,66.341,4.4691,21.204,41.393,62.93,28.398,39.15,18.705,41.577,44.633,35.172,-2.5047,44.279
13.003,36.22,31.645,66.341,4.4691,21.204,41.393,62.93,28.398,39.15,18.705,41.577,44.633,35.172,-2.5047,44.279
13.003,36.22,31.645,66.341,4.4691,21.204,41.393,62.93,28.398,39.15,18.705,41.577,44.633,35.172,-2.5047,44.279
12.945,36.461,31.56,66.591,4.4497,21.372,41.213,63.304,28.572,39.494,18.719,41.799,44.725,35.405,-2.4415,44.537
12.945,36.461,31.56,66.591,4.4497,21.372,41.213,63.304,28.572,39.494,18.719,41.799,44.725,35.405,-2.4415,44.537
12.945,36.461,31.56,66.591,4.4497,21.372,41.213,63.304,28.572,39.494,18.719,41.799,44.725,35.405,-2.4415,44.537
12.945,36.461,31.56,66.591,4.4497,21.372,41.213,63.304,28.572,39.494,18.719,41.799,44.725,35.405,-2.4415,44.537
12.824,36.941,31.389,67.087,4.4067,21.71,40.851,64.049,28.918,40.177,18.741,42.241,44.906,35.869,-2.3189,45.052
12.824,36.941,31.389,67.087,4.4067,21.71,40.851,64.049,28.918,40.177,18.741,42.241,44.906,35.869,-2.3189,45.052
12.824,36.941,31.389,67.087,4.4067,21.71,40.851,64.049,28.918,40.177,18.741,42.241,44.906,35.869,-2.3189,45.052
12.697,37.422,31.219,67.576,4.3578,22.051,40.483,64.793,29.259,40.855,18.756,42.683,45.083,36.331,-2.2015,45.565
12.697,37.422,31.219,67.576,4.3578,22.051,40.483,64.793,29.259,40.855,18.756,42.683,45.083,36.331,-2.2015,45.565
12.697,37.422,31.219,67.576,4.3578,22.051,40.483,64.793,29.259,40.855,18.756,42.683,45.083,36.331,-2.2015,45.565
12.632,37.662,31.134,67.819,4.3311,22.222,40.298,65.164,29.429,41.192,18.761,42.903,45.169,36.561,-2.1447,45.821
12.632,37.662,31.134,67.819,4.3311,22.222,40.298,65.164,29.429,41.192,18.761,42.903,45.169,36.561,-2.1447,45.821
12.496,38.142,30.965,68.299,4.2734,22.566,39.923,65.904,29.764,41.862,18.766,43.343,45.338,37.018,-2.0351,46.331
12.496,38.142,30.965,68.299,4.2734,22.566,39.923,65.904,29.764,41.862,18.766,43.343,45.338,37.018,-2.0351,46.331
12.496,38.142,30.965,68.299,4.2734,22.566,39.923,65.904,29.764,41.862,18.766,43.343,45.338,37.018,-2.0351,46.331
12.427,38.382,30.881,68.537,4.2423,22.74,39.735,66.273,29.93,42.195,18.766,43.563,45.421,37.246,-1.9822,46.585
12.427,38.382,30.881,68.537,4.2423,22.74,39.735,66.273,29.93,42.195,18.766,43.563,45.421,37.246,-1.9822,46.585
12.427,38.382,30.881,68.537,4.2423,22.74,39.735,66.273,29.93,42.195,18.766,43.563,45.421,37.246,-1.9822,46.585
12.355,38.622,30.797,68.774,4.2098,22.914,39.545,66.641,30.095,42.526,18.764,43.782,45.503,37.472,-1.9306,46.838
12.282,38.861,30.713,69.009,4.1759,23.088,39.353,67.009,30.259,42.856,18.76,44.001,45.584,37.698,-1.8802,47.091
12.208,39.101,30.629,69.242,4.1405,23.263,39.161,67.377,30.422,43.184,18.754,44.22,45.663,37.924,-1.8312,47.343
12.208,39.101,30.629,69.242,4.1405,23.263,39.161,67.377,30.422,43.184,18.754,44.22,45.663,37.924,-1.8312,47.343
12.208,39.101,30.629,69.242,4.1405,23.263,39.161,67.377,30.422,43.184,18.754,44.22,45.663,37.924,-1.8312,47.343
12.208,39.101,30.629,69.242,4.1405,23.263,39.161,67.377,30.422,43.184,18.754,44.22,45.663,37.924,-1.8312,47.343
12.133,39.34,30.545,69.474,4.1036,23.439,38.968,67.744,30.584,43.511,18.747,44.438,45.741,38.148,-1.7835,47.595
12.133,39.34,30.545,69.474,4.1036,23.439,38.968,67.744,30.584,43.511,18.747,44.438,45.741,38.148,-1.7835,47.595
12.055,39.58,30.461,69.705,4.0653,23.615,38.773,68.11,30.745,43.836,18.738,44.656,45.818,38.371,-1.737,47.846
11.977,39.819,30.378,69.934,4.0256,23.792,38.577,68.475,30.905,44.16,18.727,44.874,45.894,38.594,-1.6918,48.096
11.977,39.819,30.378,69.934,4.0256,23.792,38.577,68.475,30.905,44.16,18.727,44.874,45.894,38.594,-1.6918,48.096
11.897,40.058,30.295,70.162,3.9844,23.97,38.38,68.84,31.063,44.482,18.715,45.091,45.969,38.816,-1.6479,48.345
11.897,40.058,30.295,70.162,3.9844,23.97,38.38,68.84,31.063,44.482,18.715,45.091,45.969,38.816,-1.6479,48.345
11.897,40.058,30.295,70.162,3.9844,23.97,38.38,68.84,31.063,44.482,18.715,45.091,45.969,38.816,-1.6479,48.345
11.816,40.297,30.211,70.388,3.9418,24.148,38.182,69.205,31.221,44.803,18.7,45.308,46.042,39.036,-1.6053,48.594
11.816,40.297,30.211,70.388,3.9418,24.148,38.182,69.205,31.221,44.803,18.7,45.308,46.042,39.036,-1.6053,48.594
11.649,40.775,30.045,70.835,3.8522,24.506,37.783,69.932,31.533,45.439,18.667,45.741,46.186,39.475,-1.5239,49.09
11.649,40.775,30.045,70.835,3.8522,24.506,37.783,69.932,31.533,45.439,18.667,45.741,46.186,39.475,-1.5239,49.09
11.649,40.775,30.045,70.835,3.8522,24.506,37.783,69.932,31.533,45.439,18.667,45.741,46.186,39.475,-1.5239,49.09
11.563,41.014,29.963,71.057,3.8053,24.686,37.582,70.294,31.687,45.755,18.647,45.957,46.255,39.693,-1.4851,49.336
11.563,41.014,29.963,71.057,3.8053,24.686,37.582,70.294,31.687,45.755,18.647,45.957,46.255,39.693,-1.4851,49.336
11.476,41.252,29.88,71.277,3.757,24.867,37.379,70.656,31.84,46.069,18.626,46.172,46.324,39.91,-1.4475,49.582
11.388,41.491,29.797,71.496,3.7072,25.048,37.176,71.017,31.992,46.381,18.603,46.387,46.391,40.126,-1.4113,49.828
11.388,41.491,29.797,71.496,3.7072,25.048,37.176,71.017,31.992,46.381,18.603,46.387,46.391,40.126,-1.4113,49.828
11.388,41.491,29.797,71.496,3.7072,25.048,37.176,71.017,31.992,46.381,18.603,46.387,46.391,40.126,-1.4113,49.828
11.299,41.729,29.715,71.713,3.656,25.229,36.971,71.378,32.143,46.692,18.579,46.602,46.457,40.341,-1.3763,50.072
11.299,41.729,29.715,71.713,3.656,25.229,36.971,71.378,32.143,46.692,18.579,46.602,46.457,40.341,-1.3763,50.072
11.208,41.967,29.633,71.928,3.6034,25.411,36.765,71.738,32.293,47.001,18.552,46.816,46.522,40.555,-1.3426,50.316
11.208,41.967,29.633,71.928,3.6034,25.411,36.765,71.738,32.293,47.001,18.552,46.816,46.522,40.555,-1.3426,50.316
11.208,41.967,29.633,71.928,3.6034,25.411,36.765,71.738,32.293,47.001,18.552,46.816,46.522,40.555,-1.3426,50.316
11.115,42.204,29.55,72.143,3.5494,25.594,36.558,72.097,32.442,47.308,18.524,47.029,46.585,40.768,-1.3101,50.558
11.115,42.204,29.55,72.143,3.5494,25.594,36.558,72.097,32.442,47.308,18.524,47.029,46.585,40.768,-1.3101,50.558
11.115,42.204,29.55,72.143,3.5494,25.594,36.558,72.097,32.442,47.308,18.524,47.029,46.585,40.768,-1.3101,50.558
10.927,42.68,29.387,72.567,3.4371,25.961,36.141,72.813,32.737,47.918,18.463,47.455,46.708,41.191,-1.249,51.042
10.927,42.68,29.387,72.567,3.4371,25.961,36.141,72.813,32.737,47.918,18.463,47.455,46.708,41.191,-1.249,51.042
10.83,42.917,29.305,72.777,3.3789,26.146,35.93,73.171,32.882,48.22,18.43,47.667,46.768,41.4,-1.2203,51.282
10.83,42.917,29.305,72.777,3.3789,26.146,35.93,73.171,32.882,48.22,18.43,47.667,46.768,41.4,-1.2203,51.282
10.733,43.154,29.223,72.985,3.3192,26.33,35.719,73.527,33.026,48.52,18.395,47.878,46.827,41.609,-1.1928,51.521
10.733,43.154,29.223,72.985,3.3192,26.33,35.719,73.527,33.026,48.52,18.395,47.878,46.827,41.609,-1.1928,51.521
10.634,43.391,29.142,73.192,3.2582,26.516,35.507,73.883,33.17,48.818,18.359,48.089,46.884,41.816,-1.1666,51.76
10.634,43.391,29.142,73.192,3.2582,26.516,35.507,73.883,33.17,48.818,18.359,48.089,46.884,41.816,-1.1666,51.76
10.534,43.628,29.06,73.397,3.1958,26.702,35.293,74.238,33.312,49.115,18.32,48.3,46.94,42.023,-1.1417,51.998
10.534,43.628,29.06,73.397,3.1958,26.702,35.293,74.238,33.312,49.115,18.32,48.3,46.94,42.023,-1.1417,51.998
10.432,43.864,28.979,73.601,3.132,26.888,35.079,74.593,33.453,49.41,18.281,48.51,46.994,42.228,-1.118,52.235
10.432,43.864,28.979,73.601,3.132,26.888,35.079,74.593,33.453,49.41,18.281,48.51,46.994,42.228,-1.118,52.235
10.329,44.1,28.898,73.804,3.0668,27.075,34.863,74.947,33.593,49.703,18.239,48.719,47.047,42.432,-1.0955,52.471
10.329,44.1,28.898,73.804,3.0668,27.075,34.863,74.947,33.593,49.703,18.239,48.719,47.047,42.432,-1.0955,52.471
10.329,44.1,28.898,73.804,3.0668,27.075,34.863,74.947,33.593,49.703,18.239,48.719,47.047,42.432,-1.0955,52.471
10.225,44.336,28.817,74.005,3.0003,27.262,34.646,75.3,33.732,49.994,18.196,48.928,47.099,42.635,-1.0742,52.706
10.225,44.336,28.817,74.005,3.0003,27.262,34.646,75.3,33.732,49.994,18.196,48.928,47.099,42.635,-1.0742,52.706
10.12,44.572,28.736,74.205,2.9323,27.45,34.428,75.652,33.869,50.283,18.151,49.136,47.15,42.837,-1.0542,52.94
10.12,44.572,28.736,74.205,2.9323,27.45,34.428,75.652,33.869,50.283,18.151,49.136,47.15,42.837,-1.0542,52.94
10.013,44.808,28.655,74.403,2.863,27.638,34.209,76.004,34.006,50.57,18.105,49.344,47.199,43.037,-1.0354,53.173
9.9055,45.043,28.574,74.6,2.7924,27.827,33.989,76.355,34.141,50.855,18.056,49.551,47.247,43.236,-1.0179,53.406
9.9055,45.043,28.574,74.6,2.7924,27.827,33.989,76.355,34.141,50.855,18.056,49.551,47.247,43.236,-1.0179,53.406
9.9055,45.043,28.574,74.6,2.7924,27.827,33.989,76.355,34.141,50.855,18.056,49.551,47.247,43.236,-1.0179,53.406
9.7964,45.278,28.494,74.795,2.7204,28.017,33.768,76.706,34.275,51.139,18.007,49.758,47.294,43.434,-1.0015,53.637
9.7964,45.278,28.494,74.795,2.7204,28.017,33.768,76.706,34.275,51.139,18.007,49.758,47.294,43.434,-1.0015,53.637
9.7964,45.278,28.494,74.795,2.7204,28.017,33.768,76.706,34.275,51.139,18.007,49.758,47.294,43.434,-1.0015,53.637
9.5746,45.748,28.333,75.181,2.5723,28.396,33.323,77.404,34.54,51.7,17.902,50.169,47.383,43.826,-0.97242,54.097
9.5746,45.748,28.333,75.181,2.5723,28.396,33.323,77.404,34.54,51.7,17.902,50.169,47.383,43.826,-0.97242,54.097
9.5746,45.748,28.333,75.181,2.5723,28.396,33.323,77.404,34.54,51.7,17.902,50.169,47.383,43.826,-0.97242,54.097
9.4618,45.982,28.252,75.373,2.4962,28.587,33.099,77.752,34.671,51.977,17.848,50.373,47.426,44.021,-0.95969,54.326
9.3478,46.216,28.172,75.562,2.4188,28.778,32.874,78.1,34.801,52.253,17.792,50.577,47.468,44.213,-0.94815,54.553
9.3478,46.216,28.172,75.562,2.4188,28.778,32.874,78.1,34.801,52.253,17.792,50.577,47.468,44.213,-0.94815,54.553
9.2327,46.45,28.092,75.751,2.3401,28.97,32.648,78.447,34.929,52.526,17.734,50.78,47.508,44.405,-0.93781,54.779
9.2327,46.45,28.092,75.751,2.3401,28.97,32.648,78.447,34.929,52.526,17.734,50.78,47.508,44.405,-0.93781,54.779
9.1164,46.684,28.012,75.937,2.26,29.161,32.42,78.793,35.057,52.798,17.674,50.983,47.546,44.595,-0.92865,55.005
9.1164,46.684,28.012,75.937,2.26,29.161,32.42,78.793,35.057,52.798,17.674,50.983,47.546,44.595,-0.92865,55.005
8.9988,46.917,27.932,76.123,2.1786,29.354,32.192,79.138,35.183,53.068,17.613,51.185,47.584,44.784,-0.92068,55.229
8.9988,46.917,27.932,76.123,2.1786,29.354,32.192,79.138,35.183,53.068,17.613,51.185,47.584,44.784,-0.92068,55.229
8.8802,47.15,27.852,76.307,2.0959,29.547,31.963,79.483,35.308,53.335,17.551,51.386,47.62,44.972,-0.91389,55.453
8.8802,47.15,27.852,76.307,2.0959,29.547,31.963,79.483,35.308,53.335,17.551,51.386,47.62,44.972,-0.91389,55.453
8.7603,47.383,27.773,76.49,2.0119,29.74,31.733,79.826,35.432,53.6,17.487,51.587,47.655,45.158,-0.90827,55.675
8.7603,47.383,27.773,76.49,2.0119,29.74,31.733,79.826,35.432,53.6,17.487,51.587,47.655,45.158,-0.90827,55.675
8.6394,47.616,27.693,76.671,1.9265,29.933,31.501,80.17,35.555,53.864,17.421,51.787,47.688,45.342,-0.90382,55.896
8.6394,47.616,27.693,76.671,1.9265,29.933,31.501,80.17,35.555,53.864,17.421,51.787,47.688,45.342,-0.90382,55.896
8.5172,47.848,27.613,76.851,1.8399,30.127,31.269,80.512,35.676,54.125,17.354,51.986,47.72,45.526,-0.90052,56.117
8.5172,47.848,27.613,76.851,1.8399,30.127,31.269,80.512,35.676,54.125,17.354,51.986,47.72,45.526,-0.90052,56.117
8.5172,47.848,27.613,76.851,1.8399,30.127,31.269,80.512,35.676,54.125,17.354,51.986,47.72,45.526,-0.90052,56.117
8.394,48.08,27.534,77.03,1.752,30.322,31.036,80.854,35.797,54.384,17.285,52.184,47.751,45.708,-0.89839,56.336
8.394,48.08,27.534,77.03,1.752,30.322,31.036,80.854,35.797,54.384,17.285,52.184,47.751,45.708,-0.89839,56.336
8.1442,48.543,27.375,77.383,1.5723,30.711,30.566,81.534,36.034,54.896,17.142,52.579,47.808,46.067,-0.89756,56.771
8.1442,48.543,27.375,77.383,1.5723,30.711,30.566,81.534,36.034,54.896,17.142,52.579,47.808,46.067,-0.89756,56.771
8.1442,48.543,27.375,77.383,1.5723,30.711,30.566,81.534,36.034,54.896,17.142,52.579,47.808,46.067,-0.89756,56.771
8.0176,48.774,27.296,77.558,1.4805,30.907,30.33,81.874,36.151,55.149,17.069,52.775,47.835,46.245,-0.89886,56.987
8.0176,48.774,27.296,77.558,1.4805,30.907,30.33,81.874,36.151,55.149,17.069,52.775,47.835,46.245,-0.89886,56.987
8.0176,48.774,27.296,77.558,1.4805,30.907,30.33,81.874,36.151,55.149,17.069,52.775,47.835,46.245,-0.89886,56.987
7.89,49.005,27.217,77.731,1.3875,31.103,30.092,82.212,36.267,55.4,16.994,52.97,47.86,46.421,-0.90129,57.202
7.7612,49.235,27.138,77.903,1.2932,31.299,29.854,82.55,36.382,55.649,16.918,53.165,47.884,46.596,-0.90485,57.415
7.7612,49.235,27.138,77.903,1.2932,31.299,29.854,82.55,36.382,55.649,16.918,53.165,47.884,46.596,-0.90485,57.415
7.6315,49.465,27.059,78.073,1.1976,31.495,29.615,82.887,36.496,55.895,16.84,53.359,47.907,46.769,-0.90953,57.628
7.6315,49.465,27.059,78.073,1.1976,31.495,29.615,82.887,36.496,55.895,16.84,53.359,47.907,46.769,-0.90953,57.628
7.5006,49.695,26.98,78.243,1.1008,31.692,29.375,83.224,36.608,56.139,16.76,53.552,47.928,46.941,-0.91532,57.839
7.3687,49.924,26.901,78.411,1.0027,31.889,29.134,83.559,36.719,56.382,16.679,53.744,47.948,47.111,-0.92222,58.05
7.3687,49.924,26.901,78.411,1.0027,31.889,29.134,83.559,36.719,56.382,16.679,53.744,47.948,47.111,-0.92222,58.05
7.2358,50.153,26.822,78.577,0.9034,32.087,28.892,83.894,36.829,56.622,16.597,53.935,47.966,47.28,-0.93022,58.259
7.2358,50.153,26.822,78.577,0.9034,32.087,28.892,83.894,36.829,56.622,16.597,53.935,47.966,47.28,-0.93022,58.259
7.2358,50.153,26.822,78.577,0.9034,32.087,28.892,83.894,36.829,56.622,16.597,53.935,47.966,47.28,-0.93022,58.259
7.1018,50.382,26.744,78.742,0.80287,32.284,28.649,84.228,36.938,56.859,16.513,54.126,47.984,47.447,-0.93931,58.467
7.1018,50.382,26.744,78.742,0.80287,32.284,28.649,84.228,36.938,56.859,16.513,54.126,47.984,47.447,-0.93931,58.467
7.1018,50.382,26.744,78.742,0.80287,32.284,28.649,84.228,36.938,56.859,16.513,54.126,47.984,47.447,-0.93931,58.467
6.9669,50.611,26.665,78.906,0.7011,32.482,28.405,84.561,37.046,57.095,16.428,54.316,47.999,47.613,-0.94949,58.673
6.9669,50.611,26.665,78.906,0.7011,32.482,28.405,84.561,37.046,57.095,16.428,54.316,47.999,47.613,-0.94949,58.673
6.694,51.067,26.508,79.231,0.49392,32.879,27.914,85.225,37.258,57.559,16.253,54.693,48.027,47.94,-0.97308,59.084
6.694,51.067,26.508,79.231,0.49392,32.879,27.914,85.225,37.258,57.559,16.253,54.693,48.027,47.94,-0.97308,59.084
6.694,51.067,26.508,79.231,0.49392,32.879,27.914,85.225,37.258,57.559,16.253,54.693,48.027,47.94,-0.97308,59.084
6.556,51.294,26.429,79.391,0.38851,33.078,27.668,85.556,37.362,57.788,16.163,54.88,48.039,48.101,-0.98648,59.287
6.556,51.294,26.429,79.391,0.38851,33.078,27.668,85.556,37.362,57.788,16.163,54.88,48.039,48.101,-0.98648,59.287
6.556,51.294,26.429,79.391,0.38851,33.078,27.668,85.556,37.362,57.788,16.163,54.88,48.039,48.101,-0.98648,59.287
6.4171,51.521,26.351,79.55,0.28191,33.278,27.42,85.886,37.465,58.015,16.072,55.066,48.049,48.26,-1.0009,59.489
6.2773,51.748,26.273,79.707,0.17411,33.477,27.171,86.215,37.567,58.239,15.979,55.252,48.058,48.418,-1.0164,59.69
6.2773,51.748,26.273,79.707,0.17411,33.477,27.171,86.215,37.567,58.239,15.979,55.252,48.058,48.418,-1.0164,59.69
6.1364,51.974,26.194,79.864,0.06513,33.677,26.922,86.543,37.668,58.461,15.886,55.436,48.066,48.574,-1.033,59.889
5.9947,52.201,26.116,80.019,-0.045028,33.877,26.672,86.871,37.768,58.681,15.79,55.62,48.072,48.729,-1.0506,60.088
5.9947,52.201,26.116,80.019,-0.045028,33.877,26.672,86.871,37.768,58.681,15.79,55.62,48.072,48.729,-1.0506,60.088
5.9947,52.201,26.116,80.019,-0.045028,33.877,26.672,86.871,37.768,58.681,15.79,55.62,48.072,48.729,-1.0506,60.088
5.852,52.426,26.038,80.173,-0.15636,34.077,26.421,87.198,37.866,58.899,15.694,55.803,48.077,48.882,-1.0692,60.285
5.852,52.426,26.038,80.173,-0.15636,34.077,26.421,87.198,37.866,58.899,15.694,55.803,48.077,48.882,-1.0692,60.285
5.852,52.426,26.038,80.173,-0.15636,34.077,26.421,87.198,37.866,58.899,15.694,55.803,48.077,48.882,-1.0692,60.285
5.7084,52.652,25.959,80.325,-0.26885,34.278,26.169,87.524,37.963,59.114,15.596,55.985,48.081,49.033,-1.0888,60.481
5.7084,52.652,25.959,80.325,-0.26885,34.278,26.169,87.524,37.963,59.114,15.596,55.985,48.081,49.033,-1.0888,60.481
5.5639,52.877,25.881,80.477,-0.3825,34.478,25.916,87.849,38.059,59.327,15.496,56.166,48.083,49.183,-1.1095,60.675
5.4185,53.101,25.803,80.627,-0.49729,34.679,25.662,88.173,38.154,59.538,15.395,56.346,48.084,49.331,-1.1311,60.869
5.4185,53.101,25.803,80.627,-0.49729,34.679,25.662,88.173,38.154,59.538,15.395,56.346,48.084,49.331,-1.1311,60.869
5.4185,53.101,25.803,80.627,-0.49729,34.679,25.662,88.173,38.154,59.538,15.395,56.346,48.084,49.331,-1.1311,60.869
5.2723,53.325,25.725,80.776,-0.61323,34.881,25.407,88.497,38.248,59.746,15.293,56.525,48.084,49.477,-1.1538,61.061
5.2723,53.325,25.725,80.776,-0.61323,34.881,25.407,88.497,38.248,59.746,15.293,56.525,48.084,49.477,-1.1538,61.061
5.1251,53.549,25.647,80.924,-0.7303,35.082,25.152,88.82,38.341,59.952,15.19,56.704,48.082,49.622,-1.1774,61.252
4.9771,53.773,25.568,81.07,-0.84849,35.284,24.895,89.142,38.432,60.156,15.085,56.881,48.079,49.765,-1.2021,61.441
4.9771,53.773,25.568,81.07,-0.84849,35.284,24.895,89.142,38.432,60.156,15.085,56.881,48.079,49.765,-1.2021,61.441
4.9771,53.773,25.568,81.07,-0.84849,35.284,24.895,89.142,38.432,60.156,15.085,56.881,48.079,49.765,-1.2021,61.441
4.8283,53.996,25.49,81.216,-0.9678,35.485,24.638,89.463,38.523,60.358,14.979,57.057,48.074,49.906,-1.2277,61.63
4.6786,54.218,25.412,81.36,-1.0882,35.687,24.38,89.783,38.612,60.557,14.872,57.233,48.068,50.046,-1.2542,61.817
4.5281,54.441,25.334,81.503,-1.2097,35.889,24.121,90.103,38.7,60.754,14.763,57.407,48.061,50.184,-1.2817,62.002
4.5281,54.441,25.334,81.503,-1.2097,35.889,24.121,90.103,38.7,60.754,14.763,57.407,48.061,50.184,-1.2817,62.002
4.5281,54.441,25.334,81.503,-1.2097,35.889,24.121,90.103,38.7,60.754,14.763,57.407,48.061,50.184,-1.2817,62.002
4.3768,54.662,25.256,81.645,-1.3324,36.092,23.862,90.421,38.787,60.948,14.653,57.581,48.053,50.32,-1.3102,62.187
4.3768,54.662,25.256,81.645,-1.3324,36.092,23.862,90.421,38.787,60.948,14.653,57.581,48.053,50.32,-1.3102,62.187
4.2247,54.884,25.178,81.786,-1.456,36.294,23.601,90.739,38.872,61.141,14.542,57.753,48.043,50.455,-1.3396,62.37
4.2247,54.884,25.178,81.786,-1.456,36.294,23.601,90.739,38.872,61.141,14.542,57.753,48.043,50.455,-1.3396,62.37
4.0718,55.105,25.1,81.925,-1.5808,36.497,23.34,91.056,38.957,61.33,14.43,57.925,48.032,50.587,-1.3699,62.552
4.0718,55.105,25.1,81.925,-1.5808,36.497,23.34,91.056,38.957,61.33,14.43,57.925,48.032,50.587,-1.3699,62.552
3.9181,55.326,25.022,82.064,-1.7067,36.7,23.078,91.372,39.04,61.518,14.316,58.095,48.019,50.718,-1.4012,62.732
3.7636,55.546,24.944,82.201,-1.8336,36.903,22.815,91.688,39.122,61.703,14.201,58.265,48.005,50.848,-1.4333,62.912
3.7636,55.546,24.944,82.201,-1.8336,36.903,22.815,91.688,39.122,61.703,14.201,58.265,48.005,50.848,-1.4333,62.912
3.6084,55.766,24.866,82.338,-1.9615,37.106,22.552,92.002,39.203,61.886,14.085,58.433,47.99,50.975,-1.4664,63.09
3.6084,55.766,24.866,82.338,-1.9615,37.106,22.552,92.002,39.203,61.886,14.085,58.433,47.99,50.975,-1.4664,63.09
3.6084,55.766,24.866,82.338,-1.9615,37.106,22.552,92.002,39.203,61.886,14.085,58.433,47.99,50.975,-1.4664,63.09
3.4525,55.985,24.788,82.473,-2.0905,37.309,22.287,92.316,39.283,62.066,13.968,58.601,47.974,51.101,-1.5004,63.266
3.4525,55.985,24.788,82.473,-2.0905,37.309,22.287,92.316,39.283,62.066,13.968,58.601,47.974,51.101,-1.5004,63.266
3.4525,55.985,24.788,82.473,-2.0905,37.309,22.287,92.316,39.283,62.066,13.968,58.601,47.974,51.101,-1.5004,63.266
3.1385,56.423,24.632,82.74,-2.3516,37.716,21.756,92.941,39.44,62.42,13.73,58.933,47.937,51.347,-1.5709,63.615
3.1385,56.423,24.632,82.74,-2.3516,37.716,21.756,92.941,39.44,62.42,13.73,58.933,47.937,51.347,-1.5709,63.615
2.9804,56.641,24.554,82.872,-2.4837,37.919,21.489,93.252,39.516,62.594,13.609,59.097,47.916,51.468,-1.6075,63.788
2.9804,56.641,24.554,82.872,-2.4837,37.919,21.489,93.252,39.516,62.594,13.609,59.097,47.916,51.468,-1.6075,63.788
2.9804,56.641,24.554,82.872,-2.4837,37.919,21.489,93.252,39.516,62.594,13.609,59.097,47.916,51.468,-1.6075,63.788
2.8216,56.859,24.475,83.002,-2.6167,38.123,21.222,93.562,39.591,62.765,13.487,59.26,47.895,51.586,-1.6449,63.959
2.8216,56.859,24.475,83.002,-2.6167,38.123,21.222,93.562,39.591,62.765,13.487,59.26,47.895,51.586,-1.6449,63.959
2.8216,56.859,24.475,83.002,-2.6167,38.123,21.222,93.562,39.591,62.765,13.487,59.26,47.895,51.586,-1.6449,63.959
2.6621,57.076,24.397,83.132,-2.7508,38.326,20.954,93.871,39.665,62.933,13.363,59.423,47.872,51.703,-1.6832,64.129
2.6621,57.076,24.397,83.132,-2.7508,38.326,20.954,93.871,39.665,62.933,13.363,59.423,47.872,51.703,-1.6832,64.129
2.6621,57.076,24.397,83.132,-2.7508,38.326,20.954,93.871,39.665,62.933,13.363,59.423,47.872,51.703,-1.6832,64.129
2.3412,57.51,24.241,83.388,-3.0219,38.734,20.416,94.488,39.81,63.263,13.113,59.744,47.822,51.932,-1.7623,64.464
2.1798,57.726,24.163,83.515,-3.1589,38.938,20.145,94.794,39.881,63.425,12.987,59.904,47.795,52.043,-1.803,64.63
2.1798,57.726,24.163,83.515,-3.1589,38.938,20.145,94.794,39.881,63.425,12.987,59.904,47.795,52.043,-1.803,64.63
2.0177,57.942,24.084,83.64,-3.2969,39.142,19.874,95.1,39.951,63.584,12.859,60.062,47.766,52.153,-1.8446,64.795
2.0177,57.942,24.084,83.64,-3.2969,39.142,19.874,95.1,39.951,63.584,12.859,60.062,47.766,52.153,-1.8446,64.795
2.0177,57.942,24.084,83.64,-3.2969,39.142,19.874,95.1,39.951,63.584,12.859,60.062,47.766,52.153,-1.8446,64.795
1.855,58.157,24.006,83.765,-3.4358,39.346,19.603,95.406,40.019,63.741,12.73,60.219,47.737,52.261,-1.8869,64.958
1.855,58.157,24.006,83.765,-3.4358,39.346,19.603,95.406,40.019,63.741,12.73,60.219,47.737,52.261,-1.8869,64.958
1.6917,58.372,23.928,83.889,-3.5757,39.55,19.33,95.71,40.086,63.895,12.6,60.375,47.706,52.367,-1.9301,65.119
1.6917,58.372,23.928,83.889,-3.5757,39.55,19.33,95.71,40.086,63.895,12.6,60.375,47.706,52.367,-1.9301,65.119
1.5278,58.586,23.849,84.011,-3.7165,39.754,19.057,96.013,40.153,64.047,12.469,60.53,47.674,52.471,-1.974,65.279
1.5278,58.586,23.849,84.011,-3.7165,39.754,19.057,96.013,40.153,64.047,12.469,60.53,47.674,52.471,-1.974,65.279
1.3633,58.8,23.771,84.133,-3.8582,39.958,18.784,96.316,40.218,64.196,12.337,60.684,47.641,52.573,-2.0187,65.438
1.3633,58.8,23.771,84.133,-3.8582,39.958,18.784,96.316,40.218,64.196,12.337,60.684,47.641,52.573,-2.0187,65.438
1.1983,59.014,23.692,84.253,-4.0009,40.162,18.509,96.617,40.282,64.343,12.204,60.836,47.606,52.674,-2.0642,65.596
1.1983,59.014,23.692,84.253,-4.0009,40.162,18.509,96.617,40.282,64.343,12.204,60.836,47.606,52.674,-2.0642,65.596
1.0327,59.227,23.614,84.373,-4.1444,40.367,18.234,96.918,40.344,64.488,12.07,60.988,47.57,52.772,-2.1104,65.752
1.0327,59.227,23.614,84.373,-4.1444,40.367,18.234,96.918,40.344,64.488,12.07,60.988,47.57,52.772,-2.1104,65.752
0.86653,59.439,23.535,84.491,-4.2889,40.571,17.959,97.218,40.406,64.631,11.935,61.139,47.533,52.869,-2.1573,65.907
0.86653,59.439,23.535,84.491,-4.2889,40.571,17.959,97.218,40.406,64.631,11.935,61.139,47.533,52.869,-2.1573,65.907
0.69984,59.651,23.457,84.609,-4.4342,40.775,17.682,97.517,40.467,64.771,11.799,61.288,47.494,52.964,-2.205,66.06
0.69984,59.651,23.457,84.609,-4.4342,40.775,17.682,97.517,40.467,64.771,11.799,61.288,47.494,52.964,-2.205,66.06
0.53263,59.863,23.378,84.726,-4.5804,40.979,17.405,97.815,40.526,64.908,11.662,61.436,47.455,53.057,-2.2534,66.212
0.53263,59.863,23.378,84.726,-4.5804,40.979,17.405,97.815,40.526,64.908,11.662,61.436,47.455,53.057,-2.2534,66.212
0.53263,59.863,23.378,84.726,-4.5804,40.979,17.405,97.815,40.526,64.908,11.662,61.436,47.455,53.057,-2.2534,66.212
0.53263,59.863,23.378,84.726,-4.5804,40.979,17.405,97.815,40.526,64.908,11.662,61.436,47.455,53.057,-2.2534,66.212
0.1967,60.285,23.22,84.957,-4.8754,41.387,16.85,98.409,40.642,65.176,11.384,61.73,47.372,53.238,-2.3522,66.511
0.1967,60.285,23.22,84.957,-4.8754,41.387,16.85,98.409,40.642,65.176,11.384,61.73,47.372,53.238,-2.3522,66.511
0.027996,60.495,23.141,85.071,-5.0242,41.591,16.571,98.705,40.698,65.307,11.244,61.875,47.328,53.325,-2.4027,66.659
0.027996,60.495,23.141,85.071,-5.0242,41.591,16.571,98.705,40.698,65.307,11.244,61.875,47.328,53.325,-2.4027,66.659
-0.14118,60.705,23.062,85.184,-5.1738,41.795,16.292,98.999,40.753,65.435,11.103,62.019,47.284,53.411,-2.4538,66.805
-0.31081,60.915,22.983,85.296,-5.3242,41.999,16.012,99.293,40.806,65.561,10.961,62.161,47.238,53.495,-2.5056,66.95
-0.31081,60.915,22.983,85.296,-5.3242,41.999,16.012,99.293,40.806,65.561,10.961,62.161,47.238,53.495,-2.5056,66.95
-0.48089,61.123,22.904,85.407,-5.4754,42.203,15.731,99.586,40.859,65.684,10.818,62.303,47.191,53.577,-2.5581,67.094
-0.48089,61.123,22.904,85.407,-5.4754,42.203,15.731,99.586,40.859,65.684,10.818,62.303,47.191,53.577,-2.5581,67.094
-0.48089,61.123,22.904,85.407,-5.4754,42.203,15.731,99.586,40.859,65.684,10.818,62.303,47.191,53.577,-2.5581,67.094
-0.48089,61.123,22.904,85.407,-5.4754,42.203,15.731,99.586,40.859,65.684,10.818,62.303,47.191,53.577,-2.5581,67.094
-0.65141,61.332,22.825,85.518,-5.6275,42.407,15.45,99.878,40.911,65.805,10.675,62.444,47.143,53.657,-2.6112,67.236
-0.65141,61.332,22.825,85.518,-5.6275,42.407,15.45,99.878,40.911,65.805,10.675,62.444,47.143,53.657,-2.6112,67.236
-0.9937,61.748,22.666,85.736,-5.9339,42.814,14.886,100.46,41.011,66.039,10.384,62.721,47.043,53.811,-2.7192,67.516
-0.9937,61.748,22.666,85.736,-5.9339,42.814,14.886,100.46,41.011,66.039,10.384,62.721,47.043,53.811,-2.7192,67.516
-0.9937,61.748,22.666,85.736,-5.9339,42.814,14.886,100.46,41.011,66.039,10.384,62.721,47.043,53.811,-2.7192,67.516
-1.1654,61.955,22.586,85.844,-6.0883,43.018,14.604,100.75,41.059,66.153,10.238,62.858,46.991,53.886,-2.7742,67.653
-1.3376,62.161,22.507,85.951,-6.2434,43.221,14.32,101.04,41.106,66.265,10.091,62.994,46.938,53.958,-2.8297,67.79
-1.3376,62.161,22.507,85.951,-6.2434,43.221,14.32,101.04,41.106,66.265,10.091,62.994,46.938,53.958,-2.8297,67.79
-1.3376,62.161,22.507,85.951,-6.2434,43.221,14.32,101.04,41.106,66.265,10.091,62.994,46.938,53.958,-2.8297,67.79
-1.3376,62.161,22.507,85.951,-6.2434,43.221,14.32,101.04,41.106,66.265,10.091,62.994,46.938,53.958,-2.8297,67.79
-1.5101,62.367,22.427,86.057,-6.3993,43.424,14.037,101.33,41.153,66.374,9.9424,63.129,46.884,54.029,-2.8858,67.925
-1.5101,62.367,22.427,86.057,-6.3993,43.424,14.037,101.33,41.153,66.374,9.9424,63.129,46.884,54.029,-2.8858,67.925
-1.6829,62.573,22.347,86.163,-6.556,43.627,13.752,101.61,41.198,66.48,9.7934,63.262,46.828,54.097,-2.9426,68.058
-1.8561,62.778,22.267,86.268,-6.7133,43.83,13.468,101.9,41.242,66.585,9.6436,63.395,46.772,54.164,-2.9998,68.19
-2.0297,62.983,22.187,86.371,-6.8714,44.033,13.182,102.18,41.285,66.687,9.493,63.526,46.714,54.229,-3.0576,68.321
-2.0297,62.983,22.187,86.371,-6.8714,44.033,13.182,102.18,41.285,66.687,9.493,63.526,46.714,54.229,-3.0576,68.321
-2.0297,62.983,22.187,86.371,-6.8714,44.033,13.182,102.18,41.285,66.687,9.493,63.526,46.714,54.229,-3.0576,68.321
-2.2036,63.187,22.107,86.475,-7.0302,44.236,12.897,102.47,41.327,66.786,9.3416,63.656,46.655,54.292,-3.116,68.45
-2.2036,63.187,22.107,86.475,-7.0302,44.236,12.897,102.47,41.327,66.786,9.3416,63.656,46.655,54.292,-3.116,68.45
-2.2036,63.187,22.107,86.475,-7.0302,44.236,12.897,102.47,41.327,66.786,9.3416,63.656,46.655,54.292,-3.116,68.45
-2.3777,63.391,22.027,86.577,-7.1897,44.439,12.61,102.75,41.367,66.884,9.1894,63.785,46.595,54.353,-3.1749,68.578
-2.5522,63.594,21.946,86.678,-7.3498,44.641,12.324,103.03,41.407,66.978,9.0364,63.913,46.534,54.413,-3.2343,68.704
-2.5522,63.594,21.946,86.678,-7.3498,44.641,12.324,103.03,41.407,66.978,9.0364,63.913,46.534,54.413,-3.2343,68.704
-2.727,63.797,21.866,86.779,-7.5107,44.844,12.036,103.31,41.446,67.071,8.8827,64.039,46.472,54.47,-3.2942,68.829
-2.727,63.797,21.866,86.779,-7.5107,44.844,12.036,103.31,41.446,67.071,8.8827,64.039,46.472,54.47,-3.2942,68.829
-2.727,63.797,21.866,86.779,-7.5107,44.844,12.036,103.31,41.446,67.071,8.8827,64.039,46.472,54.47,-3.2942,68.829
-2.902,63.999,21.785,86.879,-7.6722,45.046,11.749,103.59,41.483,67.161,8.7282,64.165,46.408,54.525,-3.3547,68.953
-3.0773,64.201,21.705,86.979,-7.8343,45.248,11.461,103.87,41.52,67.249,8.573,64.289,46.344,54.579,-3.4156,69.075
-3.0773,64.201,21.705,86.979,-7.8343,45.248,11.461,103.87,41.52,67.249,8.573,64.289,46.344,54.579,-3.4156,69.075
-3.2528,64.402,21.624,87.077,-7.9971,45.449,11.172,104.15,41.555,67.335,8.4171,64.412,46.278,54.63,-3.4769,69.195
-3.2528,64.402,21.624,87.077,-7.9971,45.449,11.172,104.15,41.555,67.335,8.4171,64.412,46.278,54.63,-3.4769,69.195
-3.2528,64.402,21.624,87.077,-7.9971,45.449,11.172,104.15,41.555,67.335,8.4171,64.412,46.278,54.63,-3.4769,69.195
-3.4286,64.603,21.543,87.175,-8.1605,45.651,10.883,104.43,41.59,67.418,8.2605,64.534,46.212,54.68,-3.5388,69.315
-3.4286,64.603,21.543,87.175,-8.1605,45.651,10.883,104.43,41.59,67.418,8.2605,64.534,46.212,54.68,-3.5388,69.315
-3.7807,65.004,21.38,87.369,-8.4892,46.053,10.304,104.98,41.656,67.577,7.9452,64.774,46.075,54.774,-3.6638,69.549
-3.7807,65.004,21.38,87.369,-8.4892,46.053,10.304,104.98,41.656,67.577,7.9452,64.774,46.075,54.774,-3.6638,69.549
-3.9571,65.203,21.299,87.465,-8.6544,46.254,10.014,105.26,41.687,67.653,7.7866,64.892,46.005,54.818,-3.7269,69.664
-3.9571,65.203,21.299,87.465,-8.6544,46.254,10.014,105.26,41.687,67.653,7.7866,64.892,46.005,54.818,-3.7269,69.664
-4.1337,65.402,21.217,87.56,-8.8202,46.455,9.7235,105.53,41.717,67.727,7.6273,65.009,45.934,54.86,-3.7905,69.777
-4.1337,65.402,21.217,87.56,-8.8202,46.455,9.7235,105.53,41.717,67.727,7.6273,65.009,45.934,54.86,-3.7905,69.777
-4.1337,65.402,21.217,87.56,-8.8202,46.455,9.7235,105.53,41.717,67.727,7.6273,65.009,45.934,54.86,-3.7905,69.777
-4.3104,65.6,21.135,87.655,-8.9865,46.655,9.4326,105.8,41.747,67.799,7.4674,65.125,45.862,54.901,-3.8545,69.889
-4.3104,65.6,21.135,87.655,-8.9865,46.655,9.4326,105.8,41.747,67.799,7.4674,65.125,45.862,54.901,-3.8545,69.889
-4.3104,65.6,21.135,87.655,-8.9865,46.655,9.4326,105.8,41.747,67.799,7.4674,65.125,45.862,54.901,-3.8545,69.889
-4.3104,65.6,21.135,87.655,-8.9865,46.655,9.4326,105.8,41.747,67.799,7.4674,65.125,45.862,54.901,-3.8545,69.889
-4.3104,65.6,21.135,87.655,-8.9865,46.655,9.4326,105.8,41.747,67.799,7.4674,65.125,45.862,54.901,-3.8545,69.889
-4.6644,65.996,20.972,87.842,-9.3209,47.055,8.8497,106.35,41.802,67.936,7.1458,65.353,45.715,54.975,-3.9836,70.109
-4.6644,65.996,20.972,87.842,-9.3209,47.055,8.8497,106.35,41.802,67.936,7.1458,65.353,45.715,54.975,-3.9836,70.109
-4.6644,65.996,20.972,87.842,-9.3209,47.055,8.8497,106.35,41.802,67.936,7.1458,65.353,45.715,54.975,-3.9836,70.109
-5.0188,66.389,20.807,88.027,-9.6574,47.455,8.2654,106.89,41.853,68.063,6.8217,65.576,45.564,55.043,-4.1141,70.323
-5.0188,66.389,20.807,88.027,-9.6574,47.455,8.2654,106.89,41.853,68.063,6.8217,65.576,45.564,55.043,-4.1141,70.323
-5.0188,66.389,20.807,88.027,-9.6574,47.455,8.2654,106.89,41.853,68.063,6.8217,65.576,45.564,55.043,-4.1141,70.323
-5.1962,66.585,20.725,88.118,-9.8265,47.654,7.9727,107.16,41.878,68.123,6.6588,65.686,45.487,55.074,-4.1799,70.428
-5.3737,66.78,20.642,88.209,-9.996,47.852,7.6798,107.42,41.901,68.181,6.4954,65.795,45.408,55.102,-4.2461,70.532
-5.5513,66.975,20.559,88.3,-10.166,48.051,7.3865,107.69,41.923,68.237,6.3315,65.902,45.329,55.13,-4.3125,70.634
-5.5513,66.975,20.559,88.3,-10.166,48.051,7.3865,107.69,41.923,68.237,6.3315,65.902,45.329,55.13,-4.3125,70.634
-5.7289,67.17,20.476,88.389,-10.336,48.249,7.0929,107.96,41.944,68.29,6.167,66.009,45.249,55.155,-4.3793,70.734
-5.7289,67.17,20.476,88.389,-10.336,48.249,7.0929,107.96,41.944,68.29,6.167,66.009,45.249,55.155,-4.3793,70.734
-5.7289,67.17,20.476,88.389,-10.336,48.249,7.0929,107.96,41.944,68.29,6.167,66.009,45.249,55.155,-4.3793,70.734
-5.9066,67.364,20.393,88.479,-10.507,48.447,6.799,108.22,41.965,68.341,6.002,66.114,45.168,55.178,-4.4464,70.834
-5.9066,67.364,20.393,88.479,-10.507,48.447,6.799,108.22,41.965,68.341,6.002,66.114,45.168,55.178,-4.4464,70.834
-6.0844,67.557,20.31,88.567,-10.679,48.645,6.5049,108.48,41.984,68.39,5.8365,66.217,45.086,55.199,-4.5137,70.931
-6.0844,67.557,20.31,88.567,-10.679,48.645,6.5049,108.48,41.984,68.39,5.8365,66.217,45.086,55.199,-4.5137,70.931
-6.2621,67.75,20.226,88.656,-10.851,48.842,6.2105,108.75,42.002,68.437,5.6705,66.32,45.003,55.219,-4.5814,71.028
-6.4399,67.943,20.143,88.743,-11.023,49.039,5.9158,109.01,42.019,68.482,5.5041,66.421,44.919,55.237,-4.6492,71.123
-6.4399,67.943,20.143,88.743,-11.023,49.039,5.9158,109.01,42.019,68.482,5.5041,66.421,44.919,55.237,-4.6492,71.123
-6.4399,67.943,20.143,88.743,-11.023,49.039,5.9158,109.01,42.019,68.482,5.5041,66.421,44.919,55.237,-4.6492,71.123
-6.6177,68.135,20.059,88.83,-11.195,49.236,5.6208,109.27,42.036,68.524,5.3372,66.522,44.834,55.253,-4.7174,71.216
-6.6177,68.135,20.059,88.83,-11.195,49.236,5.6208,109.27,42.036,68.524,5.3372,66.522,44.834,55.253,-4.7174,71.216
-6.7955,68.326,19.975,88.917,-11.368,49.432,5.3256,109.53,42.051,68.564,5.1698,66.621,44.748,55.266,-4.7857,71.309
-6.7955,68.326,19.975,88.917,-11.368,49.432,5.3256,109.53,42.051,68.564,5.1698,66.621,44.748,55.266,-4.7857,71.309
-6.9732,68.517,19.891,89.003,-11.542,49.628,5.0302,109.79,42.066,68.602,5.0021,66.718,44.661,55.279,-4.8543,71.4
-6.9732,68.517,19.891,89.003,-11.542,49.628,5.0302,109.79,42.066,68.602,5.0021,66.718,44.661,55.279,-4.8543,71.4
-7.151,68.708,19.806,89.089,-11.716,49.823,4.7346,110.05,42.079,68.638,4.8339,66.815,44.574,55.289,-4.9231,71.489
-7.151,68.708,19.806,89.089,-11.716,49.823,4.7346,110.05,42.079,68.638,4.8339,66.815,44.574,55.289,-4.9231,71.489
-7.3286,68.898,19.722,89.174,-11.89,50.018,4.4387,110.31,42.092,68.671,4.6653,66.91,44.485,55.297,-4.9921,71.577
-7.5063,69.087,19.637,89.259,-12.064,50.213,4.1427,110.56,42.103,68.703,4.4963,67.005,44.396,55.304,-5.0613,71.664
-7.5063,69.087,19.637,89.259,-12.064,50.213,4.1427,110.56,42.103,68.703,4.4963,67.005,44.396,55.304,-5.0613,71.664
-7.5063,69.087,19.637,89.259,-12.064,50.213,4.1427,110.56,42.103,68.703,4.4963,67.005,44.396,55.304,-5.0613,71.664
-7.6838,69.276,19.552,89.343,-12.239,50.407,3.8464,110.82,42.114,68.732,4.327,67.097,44.305,55.309,-5.1307,71.749
-7.6838,69.276,19.552,89.343,-12.239,50.407,3.8464,110.82,42.114,68.732,4.327,67.097,44.305,55.309,-5.1307,71.749
-7.8613,69.465,19.467,89.427,-12.414,50.601,3.55,111.07,42.124,68.759,4.1573,67.189,44.214,55.311,-5.2003,71.833
-7.8613,69.465,19.467,89.427,-12.414,50.601,3.55,111.07,42.124,68.759,4.1573,67.189,44.214,55.311,-5.2003,71.833
-8.0387,69.653,19.382,89.51,-12.59,50.795,3.2534,111.33,42.133,68.784,3.9873,67.28,44.122,55.312,-5.2699,71.915
-8.0387,69.653,19.382,89.51,-12.59,50.795,3.2534,111.33,42.133,68.784,3.9873,67.28,44.122,55.312,-5.2699,71.915
-8.0387,69.653,19.382,89.51,-12.59,50.795,3.2534,111.33,42.133,68.784,3.9873,67.28,44.122,55.312,-5.2699,71.915
-8.2159,69.84,19.296,89.593,-12.765,50.988,2.9566,111.58,42.141,68.807,3.8169,67.369,44.029,55.312,-5.3398,71.996
-8.2159,69.84,19.296,89.593,-12.765,50.988,2.9566,111.58,42.141,68.807,3.8169,67.369,44.029,55.312,-5.3398,71.996
-8.3931,70.027,19.211,89.676,-12.941,51.181,2.6596,111.83,42.148,68.828,3.6462,67.457,43.935,55.309,-5.4097,72.076
-8.5701,70.213,19.125,89.758,-13.117,51.373,2.3626,112.08,42.154,68.846,3.4753,67.544,43.84,55.305,-5.4798,72.154
-8.5701,70.213,19.125,89.758,-13.117,51.373,2.3626,112.08,42.154,68.846,3.4753,67.544,43.84,55.305,-5.4798,72.154
-8.7469,70.399,19.039,89.839,-13.294,51.565,2.0653,112.33,42.159,68.863,3.304,67.63,43.745,55.298,-5.55,72.231
-8.7469,70.399,19.039,89.839,-13.294,51.565,2.0653,112.33,42.159,68.863,3.304,67.63,43.745,55.298,-5.55,72.231
-8.7469,70.399,19.039,89.839,-13.294,51.565,2.0653,112.33,42.159,68.863,3.304,67.63,43.745,55.298,-5.55,72.231
-8.9236,70.585,18.952,89.921,-13.471,51.757,1.768,112.58,42.163,68.877,3.1325,67.714,43.649,55.29,-5.6203,72.307
-8.9236,70.585,18.952,89.921,-13.471,51.757,1.768,112.58,42.163,68.877,3.1325,67.714,43.649,55.29,-5.6203,72.307
-9.2765,70.954,18.779,90.083,-13.825,52.138,1.173,113.07,42.169,68.899,2.7886,67.88,43.454,55.269,-5.761,72.454
-9.2765,70.954,18.779,90.083,-13.825,52.138,1.173,113.07,42.169,68.899,2.7886,67.88,43.454,55.269,-5.761,72.454
-9.2765,70.954,18.779,90.083,-13.825,52.138,1.173,113.07,42.169,68.899,2.7886,67.88,43.454,55.269,-5.761,72.454
-9.4527,71.138,18.692,90.163,-14.002,52.328,0.87529,113.32,42.171,68.908,2.6164,67.961,43.355,55.256,-5.8315,72.525
-9.4527,71.138,18.692,90.163,-14.002,52.328,0.87529,113.32,42.171,68.908,2.6164,67.961,43.355,55.256,-5.8315,72.525
-9.6286,71.322,18.605,90.243,-14.18,52.518,0.57753,113.57,42.172,68.914,2.4439,68.04,43.256,55.24,-5.902,72.595
-9.6286,71.322,18.605,90.243,-14.18,52.518,0.57753,113.57,42.172,68.914,2.4439,68.04,43.256,55.24,-5.902,72.595
-9.8043,71.505,18.518,90.323,-14.358,52.707,0.2797,113.81,42.172,68.918,2.2712,68.119,43.156,55.223,-5.9726,72.664
-9.9798,71.687,18.43,90.402,-14.535,52.896,-0.018204,114.05,42.171,68.92,2.0983,68.196,43.055,55.205,-6.0431,72.731
-9.9798,71.687,18.43,90.402,-14.535,52.896,-0.018204,114.05,42.171,68.92,2.0983,68.196,43.055,55.205,-6.0431,72.731
-9.9798,71.687,18.43,90.402,-14.535,52.896,-0.018204,114.05,42.171,68.92,2.0983,68.196,43.055,55.205,-6.0431,72.731
-10.155,71.869,18.343,90.481,-14.714,53.084,-0.31616,114.3,42.169,68.92,1.9253,68.272,42.954,55.184,-6.1137,72.797
-10.155,71.869,18.343,90.481,-14.714,53.084,-0.31616,114.3,42.169,68.92,1.9253,68.272,42.954,55.184,-6.1137,72.797
-10.155,71.869,18.343,90.481,-14.714,53.084,-0.31616,114.3,42.169,68.92,1.9253,68.272,42.954,55.184,-6.1137,72.797
-10.33,72.05,18.255,90.56,-14.892,53.271,-0.61417,114.54,42.167,68.918,1.7521,68.347,42.851,55.162,-6.1843,72.862
-10.505,72.231,18.167,90.638,-15.07,53.459,-0.91222,114.78,42.163,68.914,1.5787,68.421,42.748,55.138,-6.2549,72.926
-10.505,72.231,18.167,90.638,-15.07,53.459,-0.91222,114.78,42.163,68.914,1.5787,68.421,42.748,55.138,-6.2549,72.926
-10.679,72.412,18.078,90.717,-15.248,53.645,-1.2103,115.02,42.159,68.908,1.4052,68.493,42.644,55.112,-6.3254,72.988
-10.679,72.412,18.078,90.717,-15.248,53.645,-1.2103,115.02,42.159,68.908,1.4052,68.493,42.644,55.112,-6.3254,72.988
-10.853,72.592,17.99,90.795,-15.427,53.831,-1.5084,115.26,42.154,68.9,1.2316,68.564,42.54,55.084,-6.3959,73.048
-11.027,72.771,17.901,90.872,-15.605,54.017,-1.8065,115.49,42.148,68.89,1.0579,68.634,42.435,55.055,-6.4663,73.108
-11.027,72.771,17.901,90.872,-15.605,54.017,-1.8065,115.49,42.148,68.89,1.0579,68.634,42.435,55.055,-6.4663,73.108
-11.027,72.771,17.901,90.872,-15.605,54.017,-1.8065,115.49,42.148,68.89,1.0579,68.634,42.435,55.055,-6.4663,73.108
-11.201,72.95,17.812,90.95,-15.784,54.202,-2.1046,115.73,42.141,68.878,0.8841,68.703,42.329,55.024,-6.5367,73.166
-11.201,72.95,17.812,90.95,-15.784,54.202,-2.1046,115.73,42.141,68.878,0.8841,68.703,42.329,55.024,-6.5367,73.166
-11.201,72.95,17.812,90.95,-15.784,54.202,-2.1046,115.73,42.141,68.878,0.8841,68.703,42.329,55.024,-6.5367,73.166
-11.374,73.128,17.723,91.027,-15.963,54.386,-2.4027,115.97,42.134,68.864,0.71023,68.771,42.223,54.992,-6.607,73.223
-11.374,73.128,17.723,91.027,-15.963,54.386,-2.4027,115.97,42.134,68.864,0.71023,68.771,42.223,54.992,-6.607,73.223
-11.719,73.483,17.544,91.181,-16.32,54.754,-2.9988,116.44,42.117,68.831,0.36232,68.903,42.008,54.921,-6.7473,73.333
-11.719,73.483,17.544,91.181,-16.32,54.754,-2.9988,116.44,42.117,68.831,0.36232,68.903,42.008,54.921,-6.7473,73.333
-11.719,73.483,17.544,91.181,-16.32,54.754,-2.9988,116.44,42.117,68.831,0.36232,68.903,42.008,54.921,-6.7473,73.333
-11.891,73.66,17.454,91.257,-16.499,54.937,-3.2968,116.67,42.107,68.811,0.1883,68.967,41.9,54.883,-6.8173,73.386
-11.891,73.66,17.454,91.257,-16.499,54.937,-3.2968,116.67,42.107,68.811,0.1883,68.967,41.9,54.883,-6.8173,73.386
-12.063,73.837,17.364,91.334,-16.677,55.119,-3.5947,116.9,42.096,68.789,0.014274,69.03,41.791,54.844,-6.8871,73.437
-12.063,73.837,17.364,91.334,-16.677,55.119,-3.5947,116.9,42.096,68.789,0.014274,69.03,41.791,54.844,-6.8871,73.437
-12.063,73.837,17.364,91.334,-16.677,55.119,-3.5947,116.9,42.096,68.789,0.014274,69.03,41.791,54.844,-6.8871,73.437
-12.234,74.013,17.273,91.41,-16.856,55.301,-3.8926,117.13,42.085,68.766,-0.15976,69.092,41.682,54.803,-6.9568,73.488
-12.405,74.188,17.183,91.486,-17.035,55.482,-4.1904,117.36,42.073,68.741,-0.33379,69.153,41.571,54.76,-7.0264,73.537
-12.576,74.363,17.092,91.562,-17.213,55.662,-4.4881,117.59,42.06,68.714,-0.50779,69.212,41.461,54.716,-7.0958,73.585
-12.576,74.363,17.092,91.562,-17.213,55.662,-4.4881,117.59,42.06,68.714,-0.50779,69.212,41.461,54.716,-7.0958,73.585
-12.576,74.363,17.092,91.562,-17.213,55.662,-4.4881,117.59,42.06,68.714,-0.50779,69.212,41.461,54.716,-7.0958,73.585
-12.746,74.537,17.001,91.637,-17.392,55.842,-4.7857,117.82,42.046,68.685,-0.68175,69.271,41.35,54.669,-7.1651,73.631
-12.746,74.537,17.001,91.637,-17.392,55.842,-4.7857,117.82,42.046,68.685,-0.68175,69.271,41.35,54.669,-7.1651,73.631
-12.915,74.711,16.91,91.713,-17.57,56.022,-5.0833,118.05,42.032,68.654,-0.85566,69.328,41.238,54.622,-7.2341,73.676
-12.915,74.711,16.91,91.713,-17.57,56.022,-5.0833,118.05,42.032,68.654,-0.85566,69.328,41.238,54.622,-7.2341,73.676
-13.085,74.884,16.819,91.788,-17.749,56.2,-5.3807,118.27,42.017,68.622,-1.0295,69.384,41.126,54.572,-7.303,73.72
-13.085,74.884,16.819,91.788,-17.749,56.2,-5.3807,118.27,42.017,68.622,-1.0295,69.384,41.126,54.572,-7.303,73.72
-13.253,75.057,16.727,91.864,-17.927,56.379,-5.678,118.5,42.001,68.587,-1.2033,69.439,41.013,54.521,-7.3716,73.763
-13.253,75.057,16.727,91.864,-17.927,56.379,-5.678,118.5,42.001,68.587,-1.2033,69.439,41.013,54.521,-7.3716,73.763
-13.421,75.23,16.635,91.939,-18.105,56.556,-5.9752,118.72,41.985,68.551,-1.3769,69.492,40.899,54.469,-7.4401,73.805
-13.421,75.23,16.635,91.939,-18.105,56.556,-5.9752,118.72,41.985,68.551,-1.3769,69.492,40.899,54.469,-7.4401,73.805
-13.589,75.401,16.543,92.014,-18.283,56.733,-6.2722,118.95,41.967,68.513,-1.5505,69.545,40.786,54.415,-7.5082,73.845
-13.589,75.401,16.543,92.014,-18.283,56.733,-6.2722,118.95,41.967,68.513,-1.5505,69.545,40.786,54.415,-7.5082,73.845
-13.756,75.573,16.451,92.089,-18.461,56.909,-6.5691,119.17,41.949,68.473,-1.724,69.596,40.671,54.359,-7.5762,73.884
-13.756,75.573,16.451,92.089,-18.461,56.909,-6.5691,119.17,41.949,68.473,-1.724,69.596,40.671,54.359,-7.5762,73.884
-13.756,75.573,16.451,92.089,-18.461,56.909,-6.5691,119.17,41.949,68.473,-1.724,69.596,40.671,54.359,-7.5762,73.884
-13.923,75.744,16.358,92.164,-18.639,57.085,-6.8658,119.39,41.931,68.432,-1.8973,69.647,40.557,54.301,-7.6439,73.922
-13.923,75.744,16.358,92.164,-18.639,57.085,-6.8658,119.39,41.931,68.432,-1.8973,69.647,40.557,54.301,-7.6439,73.922
-14.089,75.914,16.266,92.238,-18.816,57.26,-7.1623,119.61,41.912,68.389,-2.0704,69.696,40.441,54.242,-7.7113,73.959
-14.089,75.914,16.266,92.238,-18.816,57.26,-7.1623,119.61,41.912,68.389,-2.0704,69.696,40.441,54.242,-7.7113,73.959
-14.089,75.914,16.266,92.238,-18.816,57.26,-7.1623,119.61,41.912,68.389,-2.0704,69.696,40.441,54.242,-7.7113,73.959
-14.42,76.253,16.08,92.388,-19.17,57.608,-7.7549,120.05,41.871,68.297,-2.4162,69.791,40.209,54.12,-7.8453,74.029
-14.42,76.253,16.08,92.388,-19.17,57.608,-7.7549,120.05,41.871,68.297,-2.4162,69.791,40.209,54.12,-7.8453,74.029
-14.584,76.422,15.986,92.462,-19.347,57.781,-8.0508,120.27,41.85,68.249,-2.5889,69.836,40.093,54.056,-7.9119,74.062
-14.584,76.422,15.986,92.462,-19.347,57.781,-8.0508,120.27,41.85,68.249,-2.5889,69.836,40.093,54.056,-7.9119,74.062
-14.748,76.59,15.893,92.537,-19.524,57.953,-8.3466,120.48,41.828,68.199,-2.7613,69.881,39.976,53.991,-7.9781,74.094
-14.748,76.59,15.893,92.537,-19.524,57.953,-8.3466,120.48,41.828,68.199,-2.7613,69.881,39.976,53.991,-7.9781,74.094
-14.748,76.59,15.893,92.537,-19.524,57.953,-8.3466,120.48,41.828,68.199,-2.7613,69.881,39.976,53.991,-7.9781,74.094
-14.912,76.758,15.799,92.611,-19.7,58.125,-8.6421,120.7,41.805,68.147,-2.9335,69.924,39.859,53.924,-8.044,74.124
-14.912,76.758,15.799,92.611,-19.7,58.125,-8.6421,120.7,41.805,68.147,-2.9335,69.924,39.859,53.924,-8.044,74.124
-15.237,77.092,15.611,92.76,-20.052,58.466,-9.2325,121.13,41.758,68.039,-3.2772,70.008,39.623,53.787,-8.1748,74.182
-15.237,77.092,15.611,92.76,-20.052,58.466,-9.2325,121.13,41.758,68.039,-3.2772,70.008,39.623,53.787,-8.1748,74.182
-15.398,77.259,15.517,92.835,-20.228,58.635,-9.5273,121.34,41.733,67.982,-3.4486,70.048,39.504,53.715,-8.2396,74.209
-15.398,77.259,15.517,92.835,-20.228,58.635,-9.5273,121.34,41.733,67.982,-3.4486,70.048,39.504,53.715,-8.2396,74.209
-15.398,77.259,15.517,92.835,-20.228,58.635,-9.5273,121.34,41.733,67.982,-3.4486,70.048,39.504,53.715,-8.2396,74.209
-15.398,77.259,15.517,92.835,-20.228,58.635,-9.5273,121.34,41.733,67.982,-3.4486,70.048,39.504,53.715,-8.2396,74.209
-15.559,77.425,15.422,92.909,-20.403,58.804,-9.8219,121.55,41.708,67.924,-3.6198,70.087,39.385,53.643,-8.3041,74.236
-15.559,77.425,15.422,92.909,-20.403,58.804,-9.8219,121.55,41.708,67.924,-3.6198,70.087,39.385,53.643,-8.3041,74.236
-15.719,77.59,15.327,92.984,-20.578,58.973,-10.116,121.76,41.682,67.864,-3.7907,70.125,39.266,53.569,-8.3682,74.26
-15.879,77.755,15.232,93.058,-20.752,59.14,-10.41,121.97,41.656,67.803,-3.9613,70.162,39.146,53.493,-8.4319,74.284
-15.879,77.755,15.232,93.058,-20.752,59.14,-10.41,121.97,41.656,67.803,-3.9613,70.162,39.146,53.493,-8.4319,74.284
-16.038,77.919,15.137,93.133,-20.926,59.307,-10.704,122.18,41.629,67.74,-4.1316,70.198,39.027,53.416,-8.4952,74.307
-16.038,77.919,15.137,93.133,-20.926,59.307,-10.704,122.18,41.629,67.74,-4.1316,70.198,39.027,53.416,-8.4952,74.307
-16.196,78.083,15.042,93.207,-21.1,59.473,-10.997,122.39,41.601,67.676,-4.3015,70.232,38.906,53.337,-8.5581,74.328
-16.196,78.083,15.042,93.207,-21.1,59.473,-10.997,122.39,41.601,67.676,-4.3015,70.232,38.906,53.337,-8.5581,74.328
-16.354,78.247,14.946,93.282,-21.274,59.638,-11.29,122.6,41.573,67.61,-4.4711,70.266,38.786,53.258,-8.6205,74.349
-16.354,78.247,14.946,93.282,-21.274,59.638,-11.29,122.6,41.573,67.61,-4.4711,70.266,38.786,53.258,-8.6205,74.349
-16.51,78.409,14.85,93.356,-21.447,59.803,-11.583,122.81,41.544,67.542,-4.6404,70.299,38.665,53.176,-8.6825,74.368
-16.51,78.409,14.85,93.356,-21.447,59.803,-11.583,122.81,41.544,67.542,-4.6404,70.299,38.665,53.176,-8.6825,74.368
-16.667,78.572,14.754,93.431,-21.619,59.967,-11.876,123.01,41.515,67.473,-4.8093,70.33,38.544,53.094,-8.7441,74.386
-16.667,78.572,14.754,93.431,-21.619,59.967,-11.876,123.01,41.515,67.473,-4.8093,70.33,38.544,53.094,-8.7441,74.386
-16.667,78.572,14.754,93.431,-21.619,59.967,-11.876,123.01,41.515,67.473,-4.8093,70.33,38.544,53.094,-8.7441,74.386
-16.822,78.734,14.658,93.506,-21.791,60.13,-12.168,123.22,41.485,67.403,-4.9778,70.36,38.423,53.009,-8.8052,74.404
-16.822,78.734,14.658,93.506,-21.791,60.13,-12.168,123.22,41.485,67.403,-4.9778,70.36,38.423,53.009,-8.8052,74.404
-16.822,78.734,14.658,93.506,-21.791,60.13,-12.168,123.22,41.485,67.403,-4.9778,70.36,38.423,53.009,-8.8052,74.404
-17.13,79.056,14.465,93.655,-22.134,60.454,-12.751,123.62,41.424,67.257,-5.3136,70.418,38.18,52.837,-8.9259,74.435
-17.13,79.056,14.465,93.655,-22.134,60.454,-12.751,123.62,41.424,67.257,-5.3136,70.418,38.18,52.837,-8.9259,74.435
-17.13,79.056,14.465,93.655,-22.134,60.454,-12.751,123.62,41.424,67.257,-5.3136,70.418,38.18,52.837,-8.9259,74.435
-17.284,79.217,14.368,93.73,-22.305,60.615,-13.042,123.82,41.393,67.182,-5.4809,70.445,38.058,52.749,-8.9855,74.448
-17.436,79.377,14.271,93.805,-22.476,60.775,-13.333,124.02,41.361,67.106,-5.6477,70.471,37.935,52.659,-9.0446,74.461
-17.587,79.536,14.174,93.88,-22.645,60.934,-13.623,124.22,41.328,67.028,-5.8141,70.496,37.813,52.568,-9.1032,74.473
-17.587,79.536,14.174,93.88,-22.645,60.934,-13.623,124.22,41.328,67.028,-5.8141,70.496,37.813,52.568,-9.1032,74.473
-17.587,79.536,14.174,93.88,-22.645,60.934,-13.623,124.22,41.328,67.028,-5.8141,70.496,37.813,52.568,-9.1032,74.473
-17.738,79.695,14.077,93.956,-22.815,61.093,-13.913,124.42,41.295,66.949,-5.98,70.52,37.691,52.476,-9.1613,74.484
-17.738,79.695,14.077,93.956,-22.815,61.093,-13.913,124.42,41.295,66.949,-5.98,70.52,37.691,52.476,-9.1613,74.484
-17.738,79.695,14.077,93.956,-22.815,61.093,-13.913,124.42,41.295,66.949,-5.98,70.52,37.691,52.476,-9.1613,74.484
-17.888,79.854,13.979,94.031,-22.983,61.25,-14.202,124.62,41.261,66.869,-6.1455,70.543,37.568,52.383,-9.2188,74.494
-17.888,79.854,13.979,94.031,-22.983,61.25,-14.202,124.62,41.261,66.869,-6.1455,70.543,37.568,52.383,-9.2188,74.494
-17.888,79.854,13.979,94.031,-22.983,61.25,-14.202,124.62,41.261,66.869,-6.1455,70.543,37.568,52.383,-9.2188,74.494
-17.888,79.854,13.979,94.031,-22.983,61.25,-14.202,124.62,41.261,66.869,-6.1455,70.543,37.568,52.383,-9.2188,74.494
-18.186,80.169,13.784,94.182,-23.319,61.563,-14.78,125.01,41.193,66.704,-6.4749,70.586,37.322,52.192,-9.3321,74.51
-18.186,80.169,13.784,94.182,-23.319,61.563,-14.78,125.01,41.193,66.704,-6.4749,70.586,37.322,52.192,-9.3321,74.51
-18.48,80.483,13.588,94.334,-23.653,61.874,-15.356,125.4,41.122,66.533,-6.8023,70.625,37.076,51.996,-9.4432,74.522
-18.48,80.483,13.588,94.334,-23.653,61.874,-15.356,125.4,41.122,66.533,-6.8023,70.625,37.076,51.996,-9.4432,74.522
-18.48,80.483,13.588,94.334,-23.653,61.874,-15.356,125.4,41.122,66.533,-6.8023,70.625,37.076,51.996,-9.4432,74.522
-18.625,80.639,13.489,94.41,-23.819,62.027,-15.643,125.6,41.086,66.446,-6.9651,70.643,36.952,51.896,-9.4978,74.527
-18.625,80.639,13.489,94.41,-23.819,62.027,-15.643,125.6,41.086,66.446,-6.9651,70.643,36.952,51.896,-9.4978,74.527
-18.77,80.794,13.391,94.486,-23.984,62.18,-15.93,125.79,41.05,66.358,-7.1275,70.66,36.829,51.795,-9.5519,74.531
-18.77,80.794,13.391,94.486,-23.984,62.18,-15.93,125.79,41.05,66.358,-7.1275,70.66,36.829,51.795,-9.5519,74.531
-18.914,80.95,13.292,94.563,-24.149,62.333,-16.216,125.98,41.013,66.268,-7.2892,70.676,36.705,51.693,-9.6053,74.533
-18.914,80.95,13.292,94.563,-24.149,62.333,-16.216,125.98,41.013,66.268,-7.2892,70.676,36.705,51.693,-9.6053,74.533
-19.057,81.104,13.193,94.639,-24.313,62.484,-16.502,126.17,40.976,66.177,-7.4504,70.691,36.582,51.589,-9.658,74.535
-19.057,81.104,13.193,94.639,-24.313,62.484,-16.502,126.17,40.976,66.177,-7.4504,70.691,36.582,51.589,-9.658,74.535
-19.2,81.258,13.094,94.716,-24.476,62.635,-16.787,126.36,40.938,66.085,-7.611,70.705,36.458,51.485,-9.7102,74.536
-19.2,81.258,13.094,94.716,-24.476,62.635,-16.787,126.36,40.938,66.085,-7.611,70.705,36.458,51.485,-9.7102,74.536
-19.341,81.412,12.995,94.793,-24.639,62.784,-17.072,126.55,40.9,65.991,-7.771,70.718,36.334,51.379,-9.7617,74.536
-19.341,81.412,12.995,94.793,-24.639,62.784,-17.072,126.55,40.9,65.991,-7.771,70.718,36.334,51.379,-9.7617,74.536
-19.341,81.412,12.995,94.793,-24.639,62.784,-17.072,126.55,40.9,65.991,-7.771,70.718,36.334,51.379,-9.7617,74.536
-19.481,81.565,12.896,94.87,-24.8,62.933,-17.357,126.73,40.862,65.897,-7.9303,70.73,36.211,51.272,-9.8125,74.535
-19.481,81.565,12.896,94.87,-24.8,62.933,-17.357,126.73,40.862,65.897,-7.9303,70.73,36.211,51.272,-9.8125,74.535
-19.759,81.87,12.697,95.025,-25.122,63.229,-17.924,127.11,40.783,65.704,-8.2471,70.751,35.963,51.054,-9.9121,74.53
-19.759,81.87,12.697,95.025,-25.122,63.229,-17.924,127.11,40.783,65.704,-8.2471,70.751,35.963,51.054,-9.9121,74.53
-19.759,81.87,12.697,95.025,-25.122,63.229,-17.924,127.11,40.783,65.704,-8.2471,70.751,35.963,51.054,-9.9121,74.53
-19.896,82.022,12.597,95.103,-25.282,63.375,-18.206,127.29,40.744,65.606,-8.4046,70.76,35.839,50.944,-9.9609,74.526
-19.896,82.022,12.597,95.103,-25.282,63.375,-18.206,127.29,40.744,65.606,-8.4046,70.76,35.839,50.944,-9.9609,74.526
-20.033,82.173,12.498,95.181,-25.441,63.521,-18.489,127.47,40.703,65.506,-8.5613,70.768,35.715,50.833,-10.009,74.521
-20.033,82.173,12.498,95.181,-25.441,63.521,-18.489,127.47,40.703,65.506,-8.5613,70.768,35.715,50.833,-10.009,74.521
-20.168,82.324,12.398,95.259,-25.599,63.666,-18.77,127.66,40.663,65.406,-8.7174,70.775,35.592,50.72,-10.056,74.515
-20.168,82.324,12.398,95.259,-25.599,63.666,-18.77,127.66,40.663,65.406,-8.7174,70.775,35.592,50.72,-10.056,74.515
-20.303,82.475,12.298,95.337,-25.757,63.809,-19.051,127.84,40.622,65.304,-8.8728,70.782,35.468,50.606,-10.103,74.509
-20.303,82.475,12.298,95.337,-25.757,63.809,-19.051,127.84,40.622,65.304,-8.8728,70.782,35.468,50.606,-10.103,74.509
-20.303,82.475,12.298,95.337,-25.757,63.809,-19.051,127.84,40.622,65.304,-8.8728,70.782,35.468,50.606,-10.103,74.509
-20.436,82.625,12.197,95.416,-25.913,63.953,-19.332,128.02,40.581,65.202,-9.0275,70.787,35.344,50.492,-10.149,74.501
-20.436,82.625,12.197,95.416,-25.913,63.953,-19.332,128.02,40.581,65.202,-9.0275,70.787,35.344,50.492,-10.149,74.501
-20.569,82.774,12.097,95.495,-26.069,64.095,-19.612,128.2,40.539,65.098,-9.1815,70.791,35.221,50.376,-10.194,74.493
-20.569,82.774,12.097,95.495,-26.069,64.095,-19.612,128.2,40.539,65.098,-9.1815,70.791,35.221,50.376,-10.194,74.493
-20.7,82.923,11.997,95.574,-26.224,64.236,-19.891,128.38,40.498,64.993,-9.3347,70.795,35.097,50.259,-10.238,74.484
-20.7,82.923,11.997,95.574,-26.224,64.236,-19.891,128.38,40.498,64.993,-9.3347,70.795,35.097,50.259,-10.238,74.484
-20.831,83.071,11.896,95.654,-26.378,64.377,-20.17,128.56,40.455,64.887,-9.4872,70.798,34.974,50.141,-10.282,74.474
-20.96,83.219,11.796,95.733,-26.531,64.516,-20.448,128.73,40.413,64.78,-9.6389,70.799,34.851,50.022,-10.325,74.463
-20.96,83.219,11.796,95.733,-26.531,64.516,-20.448,128.73,40.413,64.78,-9.6389,70.799,34.851,50.022,-10.325,74.463
-21.088,83.367,11.695,95.813,-26.684,64.655,-20.725,128.91,40.37,64.673,-9.7899,70.8,34.728,49.902,-10.367,74.451
-21.088,83.367,11.695,95.813,-26.684,64.655,-20.725,128.91,40.37,64.673,-9.7899,70.8,34.728,49.902,-10.367,74.451
-21.215,83.514,11.594,95.894,-26.835,64.793,-21.002,129.09,40.327,64.564,-9.9401,70.8,34.605,49.781,-10.408,74.439
-21.215,83.514,11.594,95.894,-26.835,64.793,-21.002,129.09,40.327,64.564,-9.9401,70.8,34.605,49.781,-10.408,74.439
-21.342,83.661,11.493,95.974,-26.986,64.93,-21.278,129.26,40.283,64.454,-10.09,70.799,34.482,49.66,-10.449,74.426
-21.342,83.661,11.493,95.974,-26.986,64.93,-21.278,129.26,40.283,64.454,-10.09,70.799,34.482,49.66,-10.449,74.426
-21.342,83.661,11.493,95.974,-26.986,64.93,-21.278,129.26,40.283,64.454,-10.09,70.799,34.482,49.66,-10.449,74.426
-21.467,83.807,11.392,96.055,-27.136,65.066,-21.553,129.43,40.24,64.343,-10.238,70.797,34.359,49.537,-10.489,74.411
-21.591,83.953,11.291,96.136,-27.284,65.201,-21.828,129.61,40.196,64.231,-10.386,70.795,34.236,49.413,-10.527,74.396
-21.713,84.098,11.19,96.218,-27.432,65.336,-22.102,129.78,40.151,64.118,-10.533,70.791,34.114,49.288,-10.565,74.381
-21.713,84.098,11.19,96.218,-27.432,65.336,-22.102,129.78,40.151,64.118,-10.533,70.791,34.114,49.288,-10.565,74.381
-21.713,84.098,11.19,96.218,-27.432,65.336,-22.102,129.78,40.151,64.118,-10.533,70.791,34.114,49.288,-10.565,74.381
-21.835,84.243,11.089,96.299,-27.579,65.469,-22.376,129.95,40.107,64.005,-10.679,70.787,33.992,49.163,-10.603,74.364
-21.835,84.243,11.089,96.299,-27.579,65.469,-22.376,129.95,40.107,64.005,-10.679,70.787,33.992,49.163,-10.603,74.364
-21.956,84.387,10.988,96.381,-27.725,65.602,-22.649,130.12,40.062,63.89,-10.824,70.781,33.87,49.037,-10.639,74.347
-21.956,84.387,10.988,96.381,-27.725,65.602,-22.649,130.12,40.062,63.89,-10.824,70.781,33.87,49.037,-10.639,74.347
-22.075,84.531,10.887,96.464,-27.87,65.734,-22.921,130.29,40.017,63.775,-10.969,70.775,33.748,48.909,-10.674,74.329
-22.075,84.531,10.887,96.464,-27.87,65.734,-22.921,130.29,40.017,63.775,-10.969,70.775,33.748,48.909,-10.674,74.329
-22.193,84.674,10.785,96.546,-28.014,65.864,-23.192,130.45,39.972,63.658,-11.112,70.768,33.626,48.781,-10.709,74.31
-22.193,84.674,10.785,96.546,-28.014,65.864,-23.192,130.45,39.972,63.658,-11.112,70.768,33.626,48.781,-10.709,74.31
-22.31,84.817,10.684,96.629,-28.157,65.994,-23.463,130.62,39.926,63.541,-11.255,70.761,33.505,48.652,-10.743,74.291
-22.31,84.817,10.684,96.629,-28.157,65.994,-23.463,130.62,39.926,63.541,-11.255,70.761,33.505,48.652,-10.743,74.291
-22.426,84.96,10.582,96.713,-28.299,66.123,-23.733,130.79,39.88,63.423,-11.397,70.752,33.384,48.522,-10.776,74.271
-22.426,84.96,10.582,96.713,-28.299,66.123,-23.733,130.79,39.88,63.423,-11.397,70.752,33.384,48.522,-10.776,74.271
-22.541,85.102,10.481,96.796,-28.439,66.251,-24.002,130.95,39.835,63.304,-11.538,70.743,33.263,48.391,-10.807,74.25
-22.541,85.102,10.481,96.796,-28.439,66.251,-24.002,130.95,39.835,63.304,-11.538,70.743,33.263,48.391,-10.807,74.25
-22.655,85.244,10.379,96.88,-28.579,66.379,-24.27,131.12,39.788,63.185,-11.677,70.732,33.142,48.26,-10.838,74.228
-22.655,85.244,10.379,96.88,-28.579,66.379,-24.27,131.12,39.788,63.185,-11.677,70.732,33.142,48.26,-10.838,74.228
-22.767,85.385,10.278,96.965,-28.718,66.505,-24.538,131.28,39.742,63.064,-11.817,70.721,33.022,48.128,-10.869,74.206
-22.767,85.385,10.278,96.965,-28.718,66.505,-24.538,131.28,39.742,63.064,-11.817,70.721,33.022,48.128,-10.869,74.206
-22.878,85.525,10.176,97.049,-28.855,66.63,-24.805,131.44,39.696,62.943,-11.955,70.71,32.902,47.994,-10.898,74.183
-22.878,85.525,10.176,97.049,-28.855,66.63,-24.805,131.44,39.696,62.943,-11.955,70.71,32.902,47.994,-10.898,74.183
-22.988,85.666,10.075,97.134,-28.992,66.755,-25.071,131.6,39.649,62.821,-12.092,70.697,32.782,47.861,-10.926,74.159
-22.988,85.666,10.075,97.134,-28.992,66.755,-25.071,131.6,39.649,62.821,-12.092,70.697,32.782,47.861,-10.926,74.159
-23.097,85.806,9.9733,97.22,-29.127,66.879,-25.336,131.76,39.602,62.698,-12.228,70.684,32.663,47.726,-10.953,74.135
-23.097,85.806,9.9733,97.22,-29.127,66.879,-25.336,131.76,39.602,62.698,-12.228,70.684,32.663,47.726,-10.953,74.135
-23.204,85.945,9.8717,97.305,-29.262,67.001,-25.601,131.92,39.555,62.575,-12.363,70.67,32.544,47.591,-10.98,74.11
-23.204,85.945,9.8717,97.305,-29.262,67.001,-25.601,131.92,39.555,62.575,-12.363,70.67,32.544,47.591,-10.98,74.11
-23.31,86.084,9.7702,97.391,-29.395,67.123,-25.865,132.08,39.508,62.451,-12.497,70.655,32.425,47.455,-11.005,74.084
-23.415,86.222,9.6686,97.478,-29.527,67.244,-26.128,132.24,39.461,62.326,-12.631,70.639,32.307,47.318,-11.029,74.058
-23.415,86.222,9.6686,97.478,-29.527,67.244,-26.128,132.24,39.461,62.326,-12.631,70.639,32.307,47.318,-11.029,74.058
-23.415,86.222,9.6686,97.478,-29.527,67.244,-26.128,132.24,39.461,62.326,-12.631,70.639,32.307,47.318,-11.029,74.058
-23.519,86.36,9.5671,97.565,-29.657,67.364,-26.39,132.39,39.413,62.201,-12.763,70.623,32.189,47.18,-11.053,74.031
-23.519,86.36,9.5671,97.565,-29.657,67.364,-26.39,132.39,39.413,62.201,-12.763,70.623,32.189,47.18,-11.053,74.031
-23.621,86.498,9.4656,97.652,-29.787,67.483,-26.651,132.55,39.366,62.074,-12.894,70.606,32.071,47.042,-11.075,74.003
-23.621,86.498,9.4656,97.652,-29.787,67.483,-26.651,132.55,39.366,62.074,-12.894,70.606,32.071,47.042,-11.075,74.003
-23.621,86.498,9.4656,97.652,-29.787,67.483,-26.651,132.55,39.366,62.074,-12.894,70.606,32.071,47.042,-11.075,74.003
-23.722,86.635,9.3642,97.739,-29.915,67.601,-26.912,132.71,39.318,61.948,-13.024,70.588,31.954,46.904,-11.097,73.975
-23.822,86.772,9.2628,97.827,-30.042,67.718,-27.171,132.86,39.27,61.82,-13.153,70.569,31.837,46.764,-11.117,73.946
-23.92,86.908,9.1614,97.916,-30.168,67.834,-27.43,133.01,39.222,61.692,-13.281,70.55,31.72,46.624,-11.137,73.917
-23.92,86.908,9.1614,97.916,-30.168,67.834,-27.43,133.01,39.222,61.692,-13.281,70.55,31.72,46.624,-11.137,73.917
-23.92,86.908,9.1614,97.916,-30.168,67.834,-27.43,133.01,39.222,61.692,-13.281,70.55,31.72,46.624,-11.137,73.917
-24.017,87.044,9.0601,98.005,-30.293,67.95,-27.688,133.16,39.174,61.563,-13.408,70.53,31.604,46.483,-11.155,73.887
-24.017,87.044,9.0601,98.005,-30.293,67.95,-27.688,133.16,39.174,61.563,-13.408,70.53,31.604,46.483,-11.155,73.887
-24.017,87.044,9.0601,98.005,-30.293,67.95,-27.688,133.16,39.174,61.563,-13.408,70.53,31.604,46.483,-11.155,73.887
-24.113,87.179,8.9588,98.094,-30.416,68.064,-27.945,133.32,39.126,61.434,-13.534,70.51,31.489,46.342,-11.172,73.856
-24.113,87.179,8.9588,98.094,-30.416,68.064,-27.945,133.32,39.126,61.434,-13.534,70.51,31.489,46.342,-11.172,73.856
-24.207,87.314,8.8576,98.183,-30.538,68.177,-28.201,133.47,39.078,61.304,-13.659,70.488,31.373,46.2,-11.189,73.825
-24.3,87.449,8.7565,98.273,-30.659,68.29,-28.457,133.61,39.03,61.174,-13.783,70.466,31.259,46.058,-11.204,73.794
-24.3,87.449,8.7565,98.273,-30.659,68.29,-28.457,133.61,39.03,61.174,-13.783,70.466,31.259,46.058,-11.204,73.794
-24.3,87.449,8.7565,98.273,-30.659,68.29,-28.457,133.61,39.03,61.174,-13.783,70.466,31.259,46.058,-11.204,73.794
-24.392,87.583,8.6555,98.364,-30.779,68.401,-28.711,133.76,38.982,61.043,-13.906,70.443,31.144,45.915,-11.218,73.762
-24.392,87.583,8.6555,98.364,-30.779,68.401,-28.711,133.76,38.982,61.043,-13.906,70.443,31.144,45.915,-11.218,73.762
-24.392,87.583,8.6555,98.364,-30.779,68.401,-28.711,133.76,38.982,61.043,-13.906,70.443,31.144,45.915,-11.218,73.762
-24.572,87.85,8.4536,98.546,-31.014,68.622,-29.217,134.06,38.885,60.78,-14.148,70.396,30.917,45.627,-11.244,73.696
-24.572,87.85,8.4536,98.546,-31.014,68.622,-29.217,134.06,38.885,60.78,-14.148,70.396,30.917,45.627,-11.244,73.696
-24.659,87.983,8.3529,98.637,-31.13,68.731,-29.469,134.2,38.837,60.647,-14.267,70.371,30.804,45.483,-11.255,73.662
-24.659,87.983,8.3529,98.637,-31.13,68.731,-29.469,134.2,38.837,60.647,-14.267,70.371,30.804,45.483,-11.255,73.662
-24.745,88.115,8.2522,98.729,-31.244,68.839,-29.72,134.35,38.788,60.514,-14.386,70.346,30.692,45.338,-11.264,73.628
-24.745,88.115,8.2522,98.729,-31.244,68.839,-29.72,134.35,38.788,60.514,-14.386,70.346,30.692,45.338,-11.264,73.628
-24.83,88.247,8.1517,98.822,-31.357,68.945,-29.97,134.49,38.74,60.381,-14.503,70.32,30.58,45.192,-11.273,73.593
-24.83,88.247,8.1517,98.822,-31.357,68.945,-29.97,134.49,38.74,60.381,-14.503,70.32,30.58,45.192,-11.273,73.593
-24.913,88.378,8.0513,98.914,-31.468,69.051,-30.219,134.63,38.692,60.247,-14.619,70.294,30.469,45.046,-11.281,73.558
-24.913,88.378,8.0513,98.914,-31.468,69.051,-30.219,134.63,38.692,60.247,-14.619,70.294,30.469,45.046,-11.281,73.558
-24.995,88.51,7.951,99.008,-31.578,69.157,-30.466,134.78,38.643,60.113,-14.733,70.267,30.358,44.899,-11.288,73.522
-24.995,88.51,7.951,99.008,-31.578,69.157,-30.466,134.78,38.643,60.113,-14.733,70.267,30.358,44.899,-11.288,73.522
-24.995,88.51,7.951,99.008,-31.578,69.157,-30.466,134.78,38.643,60.113,-14.733,70.267,30.358,44.899,-11.288,73.522
-25.076,88.64,7.8508,99.101,-31.687,69.261,-30.713,134.92,38.595,59.978,-14.847,70.239,30.248,44.753,-11.293,73.486
-25.076,88.64,7.8508,99.101,-31.687,69.261,-30.713,134.92,38.595,59.978,-14.847,70.239,30.248,44.753,-11.293,73.486
-25.233,88.9,7.651,99.29,-31.9,69.466,-31.204,135.2,38.498,59.708,-15.071,70.181,30.029,44.457,-11.301,73.412
-25.233,88.9,7.651,99.29,-31.9,69.466,-31.204,135.2,38.498,59.708,-15.071,70.181,30.029,44.457,-11.301,73.412
-25.233,88.9,7.651,99.29,-31.9,69.466,-31.204,135.2,38.498,59.708,-15.071,70.181,30.029,44.457,-11.301,73.412
-25.309,89.03,7.5513,99.385,-32.005,69.567,-31.448,135.33,38.45,59.572,-15.181,70.152,29.92,44.309,-11.303,73.375
-25.309,89.03,7.5513,99.385,-32.005,69.567,-31.448,135.33,38.45,59.572,-15.181,70.152,29.92,44.309,-11.303,73.375
-25.384,89.159,7.4517,99.481,-32.108,69.668,-31.692,135.47,38.402,59.436,-15.29,70.122,29.812,44.161,-11.304,73.337
-25.384,89.159,7.4517,99.481,-32.108,69.668,-31.692,135.47,38.402,59.436,-15.29,70.122,29.812,44.161,-11.304,73.337
-25.457,89.287,7.3524,99.576,-32.209,69.767,-31.934,135.61,38.353,59.299,-15.397,70.091,29.705,44.012,-11.304,73.299
-25.457,89.287,7.3524,99.576,-32.209,69.767,-31.934,135.61,38.353,59.299,-15.397,70.091,29.705,44.012,-11.304,73.299
-25.529,89.416,7.2532,99.673,-32.309,69.866,-32.175,135.74,38.305,59.162,-15.504,70.06,29.598,43.863,-11.303,73.26
-25.599,89.543,7.1542,99.77,-32.408,69.963,-32.415,135.88,38.257,59.025,-15.609,70.028,29.492,43.713,-11.3,73.221
-25.599,89.543,7.1542,99.77,-32.408,69.963,-32.415,135.88,38.257,59.025,-15.609,70.028,29.492,43.713,-11.3,73.221
-25.599,89.543,7.1542,99.77,-32.408,69.963,-32.415,135.88,38.257,59.025,-15.609,70.028,29.492,43.713,-11.3,73.221
-25.668,89.671,7.0554,99.867,-32.505,70.06,-32.654,136.01,38.209,58.888,-15.713,69.996,29.386,43.563,-11.297,73.181
-25.668,89.671,7.0554,99.867,-32.505,70.06,-32.654,136.01,38.209,58.888,-15.713,69.996,29.386,43.563,-11.297,73.181
-25.668,89.671,7.0554,99.867,-32.505,70.06,-32.654,136.01,38.209,58.888,-15.713,69.996,29.386,43.563,-11.297,73.181
-25.735,89.798,6.9569,99.964,-32.6,70.156,-32.892,136.14,38.161,58.75,-15.815,69.963,29.281,43.413,-11.292,73.141
-25.735,89.798,6.9569,99.964,-32.6,70.156,-32.892,136.14,38.161,58.75,-15.815,69.963,29.281,43.413,-11.292,73.141
-25.801,89.924,6.8585,100.06,-32.694,70.25,-33.129,136.28,38.114,58.612,-15.917,69.93,29.177,43.262,-11.286,73.101
-25.801,89.924,6.8585,100.06,-32.694,70.25,-33.129,136.28,38.114,58.612,-15.917,69.93,29.177,43.262,-11.286,73.101
-25.865,90.05,6.7604,100.16,-32.786,70.344,-33.364,136.41,38.066,58.474,-16.017,69.896,29.073,43.112,-11.279,73.06
-25.865,90.05,6.7604,100.16,-32.786,70.344,-33.364,136.41,38.066,58.474,-16.017,69.896,29.073,43.112,-11.279,73.06
-25.928,90.176,6.6625,100.26,-32.877,70.437,-33.599,136.54,38.018,58.336,-16.116,69.862,28.97,42.961,-11.27,73.02
-25.989,90.301,6.5648,100.36,-32.967,70.529,-33.833,136.67,37.971,58.197,-16.214,69.827,28.868,42.809,-11.261,72.978
-25.989,90.301,6.5648,100.36,-32.967,70.529,-33.833,136.67,37.971,58.197,-16.214,69.827,28.868,42.809,-11.261,72.978
-26.049,90.426,6.4674,100.46,-33.054,70.62,-34.066,136.8,37.923,58.058,-16.31,69.791,28.766,42.658,-11.25,72.937
-26.049,90.426,6.4674,100.46,-33.054,70.62,-34.066,136.8,37.923,58.058,-16.31,69.791,28.766,42.658,-11.25,72.937
-26.107,90.551,6.3702,100.56,-33.14,70.71,-34.297,136.92,37.876,57.919,-16.405,69.756,28.665,42.506,-11.238,72.895
-26.107,90.551,6.3702,100.56,-33.14,70.71,-34.297,136.92,37.876,57.919,-16.405,69.756,28.665,42.506,-11.238,72.895
-26.163,90.675,6.2733,100.66,-33.225,70.799,-34.528,137.05,37.829,57.78,-16.499,69.719,28.565,42.354,-11.225,72.852
-26.218,90.798,6.1766,100.76,-33.308,70.887,-34.757,137.17,37.782,57.64,-16.591,69.682,28.466,42.202,-11.21,72.81
-26.218,90.798,6.1766,100.76,-33.308,70.887,-34.757,137.17,37.782,57.64,-16.591,69.682,28.466,42.202,-11.21,72.81
-26.272,90.922,6.0803,100.86,-33.389,70.975,-34.986,137.3,37.736,57.501,-16.682,69.645,28.367,42.05,-11.194,72.767
-26.272,90.922,6.0803,100.86,-33.389,70.975,-34.986,137.3,37.736,57.501,-16.682,69.645,28.367,42.05,-11.194,72.767
-26.272,90.922,6.0803,100.86,-33.389,70.975,-34.986,137.3,37.736,57.501,-16.682,69.645,28.367,42.05,-11.194,72.767
-26.323,91.044,5.9842,100.97,-33.469,71.061,-35.213,137.42,37.689,57.361,-16.772,69.608,28.268,41.897,-11.177,72.724
-26.323,91.044,5.9842,100.97,-33.469,71.061,-35.213,137.42,37.689,57.361,-16.772,69.608,28.268,41.897,-11.177,72.724
-26.323,91.044,5.9842,100.97,-33.469,71.061,-35.213,137.42,37.689,57.361,-16.772,69.608,28.268,41.897,-11.177,72.724
-26.374,91.167,5.8884,101.07,-33.547,71.146,-35.439,137.55,37.643,57.221,-16.86,69.57,28.171,41.744,-11.159,72.681
-26.374,91.167,5.8884,101.07,-33.547,71.146,-35.439,137.55,37.643,57.221,-16.86,69.57,28.171,41.744,-11.159,72.681
-26.374,91.167,5.8884,101.07,-33.547,71.146,-35.439,137.55,37.643,57.221,-16.86,69.57,28.171,41.744,-11.159,72.681
-26.469,91.411,5.6978,101.28,-33.698,71.314,-35.888,137.79,37.55,56.941,-17.033,69.492,27.978,41.439,-11.119,72.593
-26.469,91.411,5.6978,101.28,-33.698,71.314,-35.888,137.79,37.55,56.941,-17.033,69.492,27.978,41.439,-11.119,72.593
-26.515,91.532,5.603,101.38,-33.771,71.397,-36.111,137.91,37.504,56.801,-17.117,69.453,27.883,41.286,-11.097,72.549
-26.515,91.532,5.603,101.38,-33.771,71.397,-36.111,137.91,37.504,56.801,-17.117,69.453,27.883,41.286,-11.097,72.549
-26.515,91.532,5.603,101.38,-33.771,71.397,-36.111,137.91,37.504,56.801,-17.117,69.453,27.883,41.286,-11.097,72.549
-26.558,91.653,5.5084,101.48,-33.842,71.479,-36.332,138.03,37.459,56.661,-17.2,69.413,27.789,41.132,-11.074,72.505
-26.558,91.653,5.5084,101.48,-33.842,71.479,-36.332,138.03,37.459,56.661,-17.2,69.413,27.789,41.132,-11.074,72.505
-26.601,91.773,5.4143,101.59,-33.912,71.56,-36.553,138.15,37.413,56.521,-17.282,69.373,27.695,40.979,-11.05,72.46
-26.641,91.893,5.3204,101.7,-33.98,71.639,-36.772,138.26,37.368,56.38,-17.362,69.333,27.602,40.826,-11.024,72.415
-26.68,92.013,5.227,101.8,-34.046,71.718,-36.99,138.38,37.323,56.24,-17.441,69.292,27.51,40.672,-10.997,72.37
-26.68,92.013,5.227,101.8,-34.046,71.718,-36.99,138.38,37.323,56.24,-17.441,69.292,27.51,40.672,-10.997,72.37
-26.68,92.013,5.227,101.8,-34.046,71.718,-36.99,138.38,37.323,56.24,-17.441,69.292,27.51,40.672,-10.997,72.37
-26.717,92.132,5.1339,101.91,-34.11,71.796,-37.207,138.5,37.278,56.1,-17.519,69.251,27.418,40.519,-10.969,72.325
-26.717,92.132,5.1339,101.91,-34.11,71.796,-37.207,138.5,37.278,56.1,-17.519,69.251,27.418,40.519,-10.969,72.325
-26.717,92.132,5.1339,101.91,-34.11,71.796,-37.207,138.5,37.278,56.1,-17.519,69.251,27.418,40.519,-10.969,72.325
-26.753,92.251,5.0411,102.01,-34.173,71.873,-37.423,138.61,37.234,55.959,-17.595,69.209,27.328,40.366,-10.939,72.28
-26.787,92.37,4.9488,102.12,-34.234,71.95,-37.638,138.73,37.19,55.819,-17.67,69.167,27.238,40.212,-10.908,72.234
