49.71,-92.357,52.147,-46.014,52.164,-106.99,57.442,-62.36,34.402,-57.365,63.935,-14.937,-0.89825,-75.91,42.295,-59.211
49.71,-92.357,52.147,-46.014,52.164,-106.99,57.442,-62.36,34.402,-57.365,63.935,-14.937,-0.89825,-75.91,42.295,-59.211
49.659,-92.337,52.198,-45.967,52.059,-106.9,57.362,-62.198,34.438,-57.413,64.034,-14.836,-0.97234,-75.905,42.269,-59.14
49.659,-92.337,52.198,-45.967,52.059,-106.9,57.362,-62.198,34.438,-57.413,64.034,-14.836,-0.97234,-75.905,42.269,-59.14
49.607,-92.316,52.247,-45.92,51.954,-106.8,57.28,-62.036,34.474,-57.459,64.13,-14.736,-1.0467,-75.898,42.24,-59.068
49.607,-92.316,52.247,-45.92,51.954,-106.8,57.28,-62.036,34.474,-57.459,64.13,-14.736,-1.0467,-75.898,42.24,-59.068
49.553,-92.293,52.295,-45.873,51.848,-106.7,57.197,-61.872,34.509,-57.504,64.223,-14.637,-1.1212,-75.889,42.21,-58.993
49.553,-92.293,52.295,-45.873,51.848,-106.7,57.197,-61.872,34.509,-57.504,64.223,-14.637,-1.1212,-75.889,42.21,-58.993
49.499,-92.269,52.342,-45.825,51.741,-106.59,57.113,-61.708,34.543,-57.547,64.314,-14.538,-1.196,-75.877,42.178,-58.915
49.499,-92.269,52.342,-45.825,51.741,-106.59,57.113,-61.708,34.543,-57.547,64.314,-14.538,-1.196,-75.877,42.178,-58.915
49.444,-92.244,52.388,-45.777,51.635,-106.49,57.027,-61.543,34.578,-57.589,64.403,-14.439,-1.2709,-75.863,42.145,-58.836
49.444,-92.244,52.388,-45.777,51.635,-106.49,57.027,-61.543,34.578,-57.589,64.403,-14.439,-1.2709,-75.863,42.145,-58.836
49.388,-92.218,52.433,-45.728,51.527,-106.38,56.941,-61.377,34.612,-57.63,64.488,-14.341,-1.3461,-75.847,42.109,-58.754
49.388,-92.218,52.433,-45.728,51.527,-106.38,56.941,-61.377,34.612,-57.63,64.488,-14.341,-1.3461,-75.847,42.109,-58.754
49.331,-92.19,52.476,-45.679,51.42,-106.28,56.854,-61.209,34.645,-57.67,64.572,-14.244,-1.4215,-75.829,42.072,-58.671
49.331,-92.19,52.476,-45.679,51.42,-106.28,56.854,-61.209,34.645,-57.67,64.572,-14.244,-1.4215,-75.829,42.072,-58.671
49.273,-92.162,52.519,-45.63,51.312,-106.17,56.765,-61.041,34.678,-57.709,64.652,-14.146,-1.4971,-75.809,42.034,-58.585
49.273,-92.162,52.519,-45.63,51.312,-106.17,56.765,-61.041,34.678,-57.709,64.652,-14.146,-1.4971,-75.809,42.034,-58.585
49.214,-92.132,52.561,-45.58,51.203,-106.06,56.676,-60.872,34.711,-57.746,64.73,-14.05,-1.5728,-75.787,41.993,-58.496
49.214,-92.132,52.561,-45.58,51.203,-106.06,56.676,-60.872,34.711,-57.746,64.73,-14.05,-1.5728,-75.787,41.993,-58.496
49.154,-92.101,52.601,-45.531,51.094,-105.94,56.585,-60.703,34.743,-57.782,64.805,-13.954,-1.6488,-75.763,41.951,-58.406
49.093,-92.069,52.641,-45.48,50.985,-105.83,56.493,-60.532,34.774,-57.817,64.878,-13.859,-1.7249,-75.736,41.907,-58.313
49.093,-92.069,52.641,-45.48,50.985,-105.83,56.493,-60.532,34.774,-57.817,64.878,-13.859,-1.7249,-75.736,41.907,-58.313
49.093,-92.069,52.641,-45.48,50.985,-105.83,56.493,-60.532,34.774,-57.817,64.878,-13.859,-1.7249,-75.736,41.907,-58.313
49.032,-92.035,52.679,-45.43,50.875,-105.72,56.4,-60.36,34.806,-57.85,64.948,-13.764,-1.8012,-75.708,41.861,-58.218
49.032,-92.035,52.679,-45.43,50.875,-105.72,56.4,-60.36,34.806,-57.85,64.948,-13.764,-1.8012,-75.708,41.861,-58.218
49.032,-92.035,52.679,-45.43,50.875,-105.72,56.4,-60.36,34.806,-57.85,64.948,-13.764,-1.8012,-75.708,41.861,-58.218
48.969,-92.001,52.717,-45.379,50.765,-105.6,56.306,-60.188,34.836,-57.883,65.015,-13.67,-1.8776,-75.677,41.814,-58.121
48.969,-92.001,52.717,-45.379,50.765,-105.6,56.306,-60.188,34.836,-57.883,65.015,-13.67,-1.8776,-75.677,41.814,-58.121
48.842,-91.928,52.788,-45.276,50.544,-105.36,56.115,-59.84,34.897,-57.944,65.142,-13.484,-2.0309,-75.609,41.715,-57.919
48.842,-91.928,52.788,-45.276,50.544,-105.36,56.115,-59.84,34.897,-57.944,65.142,-13.484,-2.0309,-75.609,41.715,-57.919
48.777,-91.89,52.822,-45.225,50.433,-105.24,56.018,-59.665,34.926,-57.973,65.201,-13.392,-2.1078,-75.572,41.662,-57.815
48.777,-91.89,52.822,-45.225,50.433,-105.24,56.018,-59.665,34.926,-57.973,65.201,-13.392,-2.1078,-75.572,41.662,-57.815
48.777,-91.89,52.822,-45.225,50.433,-105.24,56.018,-59.665,34.926,-57.973,65.201,-13.392,-2.1078,-75.572,41.662,-57.815
48.711,-91.851,52.855,-45.173,50.322,-105.12,55.919,-59.489,34.955,-58,65.258,-13.301,-2.1848,-75.533,41.608,-57.709
48.711,-91.851,52.855,-45.173,50.322,-105.12,55.919,-59.489,34.955,-58,65.258,-13.301,-2.1848,-75.533,41.608,-57.709
48.711,-91.851,52.855,-45.173,50.322,-105.12,55.919,-59.489,34.955,-58,65.258,-13.301,-2.1848,-75.533,41.608,-57.709
48.644,-91.811,52.887,-45.121,50.21,-105,55.82,-59.313,34.983,-58.027,65.312,-13.211,-2.2619,-75.492,41.553,-57.601
48.576,-91.77,52.917,-45.068,50.098,-104.87,55.72,-59.135,35.011,-58.052,65.364,-13.121,-2.3391,-75.449,41.495,-57.49
48.508,-91.727,52.947,-45.016,49.986,-104.75,55.618,-58.957,35.038,-58.076,65.413,-13.033,-2.4164,-75.404,41.436,-57.377
48.508,-91.727,52.947,-45.016,49.986,-104.75,55.618,-58.957,35.038,-58.076,65.413,-13.033,-2.4164,-75.404,41.436,-57.377
48.508,-91.727,52.947,-45.016,49.986,-104.75,55.618,-58.957,35.038,-58.076,65.413,-13.033,-2.4164,-75.404,41.436,-57.377
48.438,-91.684,52.976,-44.963,49.874,-104.62,55.516,-58.777,35.065,-58.099,65.459,-12.945,-2.4939,-75.356,41.376,-57.262
48.438,-91.684,52.976,-44.963,49.874,-104.62,55.516,-58.777,35.065,-58.099,65.459,-12.945,-2.4939,-75.356,41.376,-57.262
48.368,-91.639,53.003,-44.91,49.761,-104.49,55.412,-58.597,35.091,-58.121,65.502,-12.858,-2.5714,-75.307,41.314,-57.145
48.368,-91.639,53.003,-44.91,49.761,-104.49,55.412,-58.597,35.091,-58.121,65.502,-12.858,-2.5714,-75.307,41.314,-57.145
48.368,-91.639,53.003,-44.91,49.761,-104.49,55.412,-58.597,35.091,-58.121,65.502,-12.858,-2.5714,-75.307,41.314,-57.145
48.297,-91.593,53.029,-44.857,49.648,-104.36,55.307,-58.417,35.117,-58.141,65.543,-12.772,-2.649,-75.255,41.25,-57.025
48.297,-91.593,53.029,-44.857,49.648,-104.36,55.307,-58.417,35.117,-58.141,65.543,-12.772,-2.649,-75.255,41.25,-57.025
48.225,-91.547,53.055,-44.803,49.535,-104.22,55.202,-58.235,35.142,-58.161,65.582,-12.687,-2.7268,-75.202,41.185,-56.903
48.152,-91.499,53.079,-44.75,49.421,-104.09,55.095,-58.052,35.167,-58.179,65.618,-12.602,-2.8045,-75.146,41.118,-56.779
48.152,-91.499,53.079,-44.75,49.421,-104.09,55.095,-58.052,35.167,-58.179,65.618,-12.602,-2.8045,-75.146,41.118,-56.779
48.152,-91.499,53.079,-44.75,49.421,-104.09,55.095,-58.052,35.167,-58.179,65.618,-12.602,-2.8045,-75.146,41.118,-56.779
48.079,-91.45,53.102,-44.696,49.308,-103.96,54.987,-57.869,35.191,-58.197,65.651,-12.519,-2.8824,-75.088,41.049,-56.653
48.079,-91.45,53.102,-44.696,49.308,-103.96,54.987,-57.869,35.191,-58.197,65.651,-12.519,-2.8824,-75.088,41.049,-56.653
48.079,-91.45,53.102,-44.696,49.308,-103.96,54.987,-57.869,35.191,-58.197,65.651,-12.519,-2.8824,-75.088,41.049,-56.653
47.929,-91.348,53.145,-44.588,49.08,-103.68,54.768,-57.501,35.238,-58.228,65.709,-12.355,-3.0383,-74.967,40.907,-56.394
47.929,-91.348,53.145,-44.588,49.08,-103.68,54.768,-57.501,35.238,-58.228,65.709,-12.355,-3.0383,-74.967,40.907,-56.394
47.853,-91.296,53.164,-44.534,48.965,-103.54,54.658,-57.315,35.26,-58.242,65.734,-12.275,-3.1163,-74.903,40.834,-56.261
47.853,-91.296,53.164,-44.534,48.965,-103.54,54.658,-57.315,35.26,-58.242,65.734,-12.275,-3.1163,-74.903,40.834,-56.261
47.777,-91.243,53.183,-44.479,48.851,-103.4,54.546,-57.129,35.282,-58.255,65.757,-12.196,-3.1943,-74.837,40.759,-56.126
47.699,-91.189,53.2,-44.425,48.736,-103.26,54.433,-56.942,35.303,-58.266,65.777,-12.118,-3.2724,-74.769,40.682,-55.989
47.699,-91.189,53.2,-44.425,48.736,-103.26,54.433,-56.942,35.303,-58.266,65.777,-12.118,-3.2724,-74.769,40.682,-55.989
47.699,-91.189,53.2,-44.425,48.736,-103.26,54.433,-56.942,35.303,-58.266,65.777,-12.118,-3.2724,-74.769,40.682,-55.989
47.621,-91.133,53.217,-44.37,48.622,-103.12,54.319,-56.754,35.324,-58.277,65.794,-12.041,-3.3505,-74.699,40.604,-55.849
47.621,-91.133,53.217,-44.37,48.622,-103.12,54.319,-56.754,35.324,-58.277,65.794,-12.041,-3.3505,-74.699,40.604,-55.849
47.621,-91.133,53.217,-44.37,48.622,-103.12,54.319,-56.754,35.324,-58.277,65.794,-12.041,-3.3505,-74.699,40.604,-55.849
47.542,-91.077,53.232,-44.315,48.507,-102.97,54.204,-56.565,35.344,-58.287,65.809,-11.965,-3.4287,-74.627,40.525,-55.708
47.542,-91.077,53.232,-44.315,48.507,-102.97,54.204,-56.565,35.344,-58.287,65.809,-11.965,-3.4287,-74.627,40.525,-55.708
47.462,-91.019,53.246,-44.261,48.392,-102.83,54.088,-56.376,35.364,-58.295,65.821,-11.89,-3.5068,-74.553,40.444,-55.564
47.381,-90.961,53.259,-44.206,48.277,-102.68,53.971,-56.186,35.382,-58.303,65.831,-11.816,-3.585,-74.477,40.361,-55.418
47.3,-90.901,53.271,-44.151,48.162,-102.53,53.854,-55.996,35.401,-58.31,65.838,-11.743,-3.6632,-74.399,40.277,-55.27
47.3,-90.901,53.271,-44.151,48.162,-102.53,53.854,-55.996,35.401,-58.31,65.838,-11.743,-3.6632,-74.399,40.277,-55.27
47.218,-90.841,53.282,-44.096,48.046,-102.38,53.735,-55.804,35.418,-58.315,65.843,-11.672,-3.7413,-74.319,40.191,-55.119
47.218,-90.841,53.282,-44.096,48.046,-102.38,53.735,-55.804,35.418,-58.315,65.843,-11.672,-3.7413,-74.319,40.191,-55.119
47.218,-90.841,53.282,-44.096,48.046,-102.38,53.735,-55.804,35.418,-58.315,65.843,-11.672,-3.7413,-74.319,40.191,-55.119
47.135,-90.78,53.291,-44.04,47.931,-102.23,53.615,-55.612,35.435,-58.319,65.844,-11.602,-3.8195,-74.237,40.104,-54.967
47.135,-90.78,53.291,-44.04,47.931,-102.23,53.615,-55.612,35.435,-58.319,65.844,-11.602,-3.8195,-74.237,40.104,-54.967
47.051,-90.717,53.3,-43.985,47.815,-102.08,53.494,-55.419,35.452,-58.323,65.844,-11.533,-3.8976,-74.154,40.016,-54.812
46.967,-90.654,53.307,-43.93,47.7,-101.92,53.372,-55.226,35.468,-58.325,65.84,-11.465,-3.9757,-74.068,39.926,-54.655
46.967,-90.654,53.307,-43.93,47.7,-101.92,53.372,-55.226,35.468,-58.325,65.84,-11.465,-3.9757,-74.068,39.926,-54.655
46.881,-90.589,53.313,-43.875,47.584,-101.77,53.25,-55.032,35.483,-58.327,65.834,-11.399,-4.0538,-73.98,39.834,-54.496
46.881,-90.589,53.313,-43.875,47.584,-101.77,53.25,-55.032,35.483,-58.327,65.834,-11.399,-4.0538,-73.98,39.834,-54.496
46.795,-90.524,53.318,-43.819,47.469,-101.61,53.126,-54.837,35.497,-58.327,65.826,-11.334,-4.1318,-73.89,39.741,-54.334
46.795,-90.524,53.318,-43.819,47.469,-101.61,53.126,-54.837,35.497,-58.327,65.826,-11.334,-4.1318,-73.89,39.741,-54.334
46.795,-90.524,53.318,-43.819,47.469,-101.61,53.126,-54.837,35.497,-58.327,65.826,-11.334,-4.1318,-73.89,39.741,-54.334
46.709,-90.457,53.322,-43.764,47.353,-101.46,53.001,-54.642,35.511,-58.327,65.815,-11.27,-4.2098,-73.798,39.647,-54.171
46.709,-90.457,53.322,-43.764,47.353,-101.46,53.001,-54.642,35.511,-58.327,65.815,-11.27,-4.2098,-73.798,39.647,-54.171
46.621,-90.39,53.325,-43.708,47.237,-101.3,52.876,-54.446,35.524,-58.325,65.801,-11.207,-4.2878,-73.705,39.551,-54.005
46.621,-90.39,53.325,-43.708,47.237,-101.3,52.876,-54.446,35.524,-58.325,65.801,-11.207,-4.2878,-73.705,39.551,-54.005
46.533,-90.321,53.327,-43.653,47.121,-101.14,52.749,-54.249,35.536,-58.323,65.785,-11.146,-4.3657,-73.609,39.454,-53.837
46.533,-90.321,53.327,-43.653,47.121,-101.14,52.749,-54.249,35.536,-58.323,65.785,-11.146,-4.3657,-73.609,39.454,-53.837
46.444,-90.252,53.327,-43.598,47.006,-100.98,52.622,-54.052,35.548,-58.319,65.766,-11.086,-4.4435,-73.512,39.355,-53.668
46.444,-90.252,53.327,-43.598,47.006,-100.98,52.622,-54.052,35.548,-58.319,65.766,-11.086,-4.4435,-73.512,39.355,-53.668
46.355,-90.182,53.326,-43.542,46.89,-100.81,52.493,-53.854,35.559,-58.315,65.745,-11.028,-4.5213,-73.412,39.255,-53.496
46.355,-90.182,53.326,-43.542,46.89,-100.81,52.493,-53.854,35.559,-58.315,65.745,-11.028,-4.5213,-73.412,39.255,-53.496
46.265,-90.111,53.325,-43.487,46.774,-100.65,52.364,-53.655,35.57,-58.31,65.721,-10.971,-4.599,-73.311,39.154,-53.321
46.265,-90.111,53.325,-43.487,46.774,-100.65,52.364,-53.655,35.57,-58.31,65.721,-10.971,-4.599,-73.311,39.154,-53.321
46.174,-90.038,53.322,-43.432,46.658,-100.48,52.234,-53.456,35.579,-58.304,65.695,-10.915,-4.6766,-73.207,39.051,-53.145
46.082,-89.965,53.318,-43.376,46.542,-100.32,52.102,-53.256,35.588,-58.296,65.666,-10.861,-4.7541,-73.102,38.947,-52.967
46.082,-89.965,53.318,-43.376,46.542,-100.32,52.102,-53.256,35.588,-58.296,65.666,-10.861,-4.7541,-73.102,38.947,-52.967
45.99,-89.891,53.313,-43.321,46.427,-100.15,51.97,-53.056,35.596,-58.288,65.634,-10.809,-4.8315,-72.995,38.841,-52.786
45.99,-89.891,53.313,-43.321,46.427,-100.15,51.97,-53.056,35.596,-58.288,65.634,-10.809,-4.8315,-72.995,38.841,-52.786
45.99,-89.891,53.313,-43.321,46.427,-100.15,51.97,-53.056,35.596,-58.288,65.634,-10.809,-4.8315,-72.995,38.841,-52.786
45.897,-89.816,53.306,-43.266,46.311,-99.983,51.837,-52.855,35.604,-58.28,65.601,-10.757,-4.9089,-72.886,38.734,-52.603
45.897,-89.816,53.306,-43.266,46.311,-99.983,51.837,-52.855,35.604,-58.28,65.601,-10.757,-4.9089,-72.886,38.734,-52.603
45.803,-89.74,53.299,-43.211,46.195,-99.813,51.703,-52.653,35.611,-58.27,65.564,-10.708,-4.9861,-72.775,38.626,-52.418
45.803,-89.74,53.299,-43.211,46.195,-99.813,51.703,-52.653,35.611,-58.27,65.564,-10.708,-4.9861,-72.775,38.626,-52.418
45.709,-89.664,53.29,-43.155,46.08,-99.642,51.569,-52.451,35.617,-58.259,65.525,-10.66,-5.0632,-72.663,38.516,-52.232
45.709,-89.664,53.29,-43.155,46.08,-99.642,51.569,-52.451,35.617,-58.259,65.525,-10.66,-5.0632,-72.663,38.516,-52.232
45.613,-89.586,53.28,-43.1,45.964,-99.47,51.433,-52.248,35.622,-58.247,65.484,-10.613,-5.1402,-72.548,38.405,-52.043
45.518,-89.507,53.269,-43.046,45.849,-99.296,51.296,-52.045,35.627,-58.235,65.44,-10.568,-5.2171,-72.432,38.293,-51.852
45.518,-89.507,53.269,-43.046,45.849,-99.296,51.296,-52.045,35.627,-58.235,65.44,-10.568,-5.2171,-72.432,38.293,-51.852
45.518,-89.507,53.269,-43.046,45.849,-99.296,51.296,-52.045,35.627,-58.235,65.44,-10.568,-5.2171,-72.432,38.293,-51.852
45.421,-89.428,53.257,-42.991,45.734,-99.122,51.159,-51.841,35.631,-58.222,65.393,-10.524,-5.2939,-72.314,38.18,-51.658
45.421,-89.428,53.257,-42.991,45.734,-99.122,51.159,-51.841,35.631,-58.222,65.393,-10.524,-5.2939,-72.314,38.18,-51.658
45.324,-89.347,53.244,-42.936,45.618,-98.946,51.021,-51.636,35.634,-58.207,65.345,-10.482,-5.3705,-72.194,38.065,-51.463
45.324,-89.347,53.244,-42.936,45.618,-98.946,51.021,-51.636,35.634,-58.207,65.345,-10.482,-5.3705,-72.194,38.065,-51.463
45.226,-89.266,53.23,-42.881,45.503,-98.769,50.881,-51.431,35.637,-58.192,65.293,-10.442,-5.447,-72.072,37.949,-51.266
45.128,-89.184,53.214,-42.827,45.388,-98.591,50.741,-51.226,35.638,-58.177,65.239,-10.403,-5.5233,-71.948,37.831,-51.066
45.128,-89.184,53.214,-42.827,45.388,-98.591,50.741,-51.226,35.638,-58.177,65.239,-10.403,-5.5233,-71.948,37.831,-51.066
45.029,-89.101,53.198,-42.772,45.273,-98.412,50.6,-51.02,35.639,-58.16,65.183,-10.366,-5.5995,-71.822,37.713,-50.865
45.029,-89.101,53.198,-42.772,45.273,-98.412,50.6,-51.02,35.639,-58.16,65.183,-10.366,-5.5995,-71.822,37.713,-50.865
45.029,-89.101,53.198,-42.772,45.273,-98.412,50.6,-51.02,35.639,-58.16,65.183,-10.366,-5.5995,-71.822,37.713,-50.865
44.929,-89.017,53.18,-42.718,45.158,-98.232,50.459,-50.813,35.639,-58.143,65.124,-10.33,-5.6756,-71.695,37.593,-50.661
44.929,-89.017,53.18,-42.718,45.158,-98.232,50.459,-50.813,35.639,-58.143,65.124,-10.33,-5.6756,-71.695,37.593,-50.661
44.828,-88.932,53.161,-42.664,45.044,-98.051,50.316,-50.606,35.639,-58.124,65.063,-10.297,-5.7515,-71.566,37.472,-50.456
44.828,-88.932,53.161,-42.664,45.044,-98.051,50.316,-50.606,35.639,-58.124,65.063,-10.297,-5.7515,-71.566,37.472,-50.456
44.828,-88.932,53.161,-42.664,45.044,-98.051,50.316,-50.606,35.639,-58.124,65.063,-10.297,-5.7515,-71.566,37.472,-50.456
44.727,-88.846,53.141,-42.61,44.929,-97.868,50.172,-50.399,35.637,-58.105,65,-10.264,-5.8272,-71.435,37.349,-50.248
44.727,-88.846,53.141,-42.61,44.929,-97.868,50.172,-50.399,35.637,-58.105,65,-10.264,-5.8272,-71.435,37.349,-50.248
44.727,-88.846,53.141,-42.61,44.929,-97.868,50.172,-50.399,35.637,-58.105,65,-10.264,-5.8272,-71.435,37.349,-50.248
44.523,-88.673,53.097,-42.502,44.7,-97.5,49.883,-49.982,35.632,-58.065,64.865,-10.205,-5.9781,-71.168,37.101,-49.827
44.42,-88.584,53.073,-42.449,44.586,-97.314,49.737,-49.773,35.628,-58.043,64.795,-10.178,-6.0533,-71.032,36.975,-49.613
44.42,-88.584,53.073,-42.449,44.586,-97.314,49.737,-49.773,35.628,-58.043,64.795,-10.178,-6.0533,-71.032,36.975,-49.613
44.42,-88.584,53.073,-42.449,44.586,-97.314,49.737,-49.773,35.628,-58.043,64.795,-10.178,-6.0533,-71.032,36.975,-49.613
44.317,-88.495,53.048,-42.395,44.472,-97.127,49.59,-49.564,35.624,-58.021,64.721,-10.153,-6.1283,-70.894,36.848,-49.398
44.317,-88.495,53.048,-42.395,44.472,-97.127,49.59,-49.564,35.624,-58.021,64.721,-10.153,-6.1283,-70.894,36.848,-49.398
44.212,-88.406,53.022,-42.342,44.359,-96.939,49.443,-49.354,35.618,-57.998,64.646,-10.129,-6.2031,-70.754,36.72,-49.18
44.212,-88.406,53.022,-42.342,44.359,-96.939,49.443,-49.354,35.618,-57.998,64.646,-10.129,-6.2031,-70.754,36.72,-49.18
44.212,-88.406,53.022,-42.342,44.359,-96.939,49.443,-49.354,35.618,-57.998,64.646,-10.129,-6.2031,-70.754,36.72,-49.18
44.108,-88.315,52.995,-42.289,44.245,-96.75,49.294,-49.144,35.612,-57.975,64.568,-10.107,-6.2778,-70.613,36.59,-48.96
44.108,-88.315,52.995,-42.289,44.245,-96.75,49.294,-49.144,35.612,-57.975,64.568,-10.107,-6.2778,-70.613,36.59,-48.96
44.108,-88.315,52.995,-42.289,44.245,-96.75,49.294,-49.144,35.612,-57.975,64.568,-10.107,-6.2778,-70.613,36.59,-48.96
43.896,-88.131,52.938,-42.184,44.018,-96.368,48.995,-48.722,35.597,-57.925,64.405,-10.069,-6.4264,-70.325,36.328,-48.515
43.896,-88.131,52.938,-42.184,44.018,-96.368,48.995,-48.722,35.597,-57.925,64.405,-10.069,-6.4264,-70.325,36.328,-48.515
43.789,-88.038,52.907,-42.131,43.905,-96.176,48.844,-48.51,35.589,-57.9,64.32,-10.052,-6.5004,-70.178,36.195,-48.289
43.789,-88.038,52.907,-42.131,43.905,-96.176,48.844,-48.51,35.589,-57.9,64.32,-10.052,-6.5004,-70.178,36.195,-48.289
43.682,-87.944,52.875,-42.079,43.792,-95.983,48.693,-48.298,35.579,-57.873,64.233,-10.038,-6.5742,-70.03,36.062,-48.062
43.682,-87.944,52.875,-42.079,43.792,-95.983,48.693,-48.298,35.579,-57.873,64.233,-10.038,-6.5742,-70.03,36.062,-48.062
43.574,-87.849,52.843,-42.027,43.68,-95.788,48.54,-48.085,35.569,-57.846,64.143,-10.025,-6.6478,-69.88,35.927,-47.832
43.465,-87.754,52.808,-41.975,43.567,-95.593,48.387,-47.873,35.558,-57.818,64.051,-10.014,-6.7211,-69.729,35.791,-47.601
43.465,-87.754,52.808,-41.975,43.567,-95.593,48.387,-47.873,35.558,-57.818,64.051,-10.014,-6.7211,-69.729,35.791,-47.601
43.465,-87.754,52.808,-41.975,43.567,-95.593,48.387,-47.873,35.558,-57.818,64.051,-10.014,-6.7211,-69.729,35.791,-47.601
43.356,-87.658,52.773,-41.924,43.455,-95.397,48.233,-47.659,35.546,-57.79,63.957,-10.005,-6.7943,-69.575,35.653,-47.368
43.356,-87.658,52.773,-41.924,43.455,-95.397,48.233,-47.659,35.546,-57.79,63.957,-10.005,-6.7943,-69.575,35.653,-47.368
43.246,-87.56,52.737,-41.872,43.343,-95.199,48.079,-47.446,35.533,-57.761,63.86,-9.9974,-6.8671,-69.421,35.515,-47.132
43.246,-87.56,52.737,-41.872,43.343,-95.199,48.079,-47.446,35.533,-57.761,63.86,-9.9974,-6.8671,-69.421,35.515,-47.132
43.246,-87.56,52.737,-41.872,43.343,-95.199,48.079,-47.446,35.533,-57.761,63.86,-9.9974,-6.8671,-69.421,35.515,-47.132
43.136,-87.463,52.699,-41.821,43.232,-95.001,47.923,-47.231,35.52,-57.731,63.762,-9.992,-6.9398,-69.264,35.376,-46.895
43.136,-87.463,52.699,-41.821,43.232,-95.001,47.923,-47.231,35.52,-57.731,63.762,-9.992,-6.9398,-69.264,35.376,-46.895
43.136,-87.463,52.699,-41.821,43.232,-95.001,47.923,-47.231,35.52,-57.731,63.762,-9.992,-6.9398,-69.264,35.376,-46.895
42.913,-87.265,52.621,-41.72,43.009,-94.601,47.61,-46.802,35.49,-57.669,63.557,-9.9868,-7.0844,-68.946,35.095,-46.415
42.913,-87.265,52.621,-41.72,43.009,-94.601,47.61,-46.802,35.49,-57.669,63.557,-9.9868,-7.0844,-68.946,35.095,-46.415
42.801,-87.164,52.58,-41.67,42.898,-94.399,47.452,-46.587,35.474,-57.638,63.451,-9.987,-7.1563,-68.785,34.952,-46.172
42.801,-87.164,52.58,-41.67,42.898,-94.399,47.452,-46.587,35.474,-57.638,63.451,-9.987,-7.1563,-68.785,34.952,-46.172
42.801,-87.164,52.58,-41.67,42.898,-94.399,47.452,-46.587,35.474,-57.638,63.451,-9.987,-7.1563,-68.785,34.952,-46.172
42.689,-87.063,52.538,-41.62,42.787,-94.197,47.294,-46.371,35.457,-57.605,63.344,-9.9892,-7.2279,-68.622,34.809,-45.927
42.689,-87.063,52.538,-41.62,42.787,-94.197,47.294,-46.371,35.457,-57.605,63.344,-9.9892,-7.2279,-68.622,34.809,-45.927
42.689,-87.063,52.538,-41.62,42.787,-94.197,47.294,-46.371,35.457,-57.605,63.344,-9.9892,-7.2279,-68.622,34.809,-45.927
42.461,-86.859,52.45,-41.52,42.566,-93.789,46.975,-45.939,35.42,-57.539,63.121,-9.9993,-7.3705,-68.291,34.519,-45.432
42.461,-86.859,52.45,-41.52,42.566,-93.789,46.975,-45.939,35.42,-57.539,63.121,-9.9993,-7.3705,-68.291,34.519,-45.432
42.347,-86.756,52.404,-41.471,42.456,-93.583,46.815,-45.723,35.4,-57.505,63.007,-10.007,-7.4413,-68.124,34.373,-45.181
42.347,-86.756,52.404,-41.471,42.456,-93.583,46.815,-45.723,35.4,-57.505,63.007,-10.007,-7.4413,-68.124,34.373,-45.181
42.232,-86.652,52.358,-41.422,42.347,-93.377,46.653,-45.506,35.38,-57.47,62.89,-10.017,-7.5119,-67.954,34.226,-44.929
42.232,-86.652,52.358,-41.422,42.347,-93.377,46.653,-45.506,35.38,-57.47,62.89,-10.017,-7.5119,-67.954,34.226,-44.929
42.116,-86.548,52.31,-41.374,42.237,-93.17,46.491,-45.289,35.358,-57.435,62.771,-10.029,-7.5823,-67.783,34.078,-44.675
42.116,-86.548,52.31,-41.374,42.237,-93.17,46.491,-45.289,35.358,-57.435,62.771,-10.029,-7.5823,-67.783,34.078,-44.675
42,-86.442,52.261,-41.325,42.128,-92.962,46.329,-45.071,35.336,-57.399,62.65,-10.043,-7.6523,-67.611,33.929,-44.419
42,-86.442,52.261,-41.325,42.128,-92.962,46.329,-45.071,35.336,-57.399,62.65,-10.043,-7.6523,-67.611,33.929,-44.419
41.883,-86.336,52.21,-41.278,42.019,-92.752,46.165,-44.854,35.313,-57.363,62.527,-10.059,-7.7221,-67.437,33.779,-44.161
41.766,-86.229,52.159,-41.23,41.911,-92.542,46.001,-44.635,35.289,-57.326,62.402,-10.077,-7.7916,-67.262,33.629,-43.902
41.766,-86.229,52.159,-41.23,41.911,-92.542,46.001,-44.635,35.289,-57.326,62.402,-10.077,-7.7916,-67.262,33.629,-43.902
41.766,-86.229,52.159,-41.23,41.911,-92.542,46.001,-44.635,35.289,-57.326,62.402,-10.077,-7.7916,-67.262,33.629,-43.902
41.648,-86.122,52.106,-41.183,41.803,-92.331,45.837,-44.417,35.264,-57.288,62.274,-10.096,-7.8608,-67.085,33.477,-43.641
41.648,-86.122,52.106,-41.183,41.803,-92.331,45.837,-44.417,35.264,-57.288,62.274,-10.096,-7.8608,-67.085,33.477,-43.641
41.648,-86.122,52.106,-41.183,41.803,-92.331,45.837,-44.417,35.264,-57.288,62.274,-10.096,-7.8608,-67.085,33.477,-43.641
41.529,-86.013,52.053,-41.136,41.695,-92.119,45.671,-44.198,35.238,-57.25,62.145,-10.118,-7.9297,-66.907,33.324,-43.377
41.41,-85.904,51.998,-41.089,41.587,-91.906,45.505,-43.98,35.211,-57.212,62.013,-10.142,-7.9983,-66.727,33.171,-43.113
41.41,-85.904,51.998,-41.089,41.587,-91.906,45.505,-43.98,35.211,-57.212,62.013,-10.142,-7.9983,-66.727,33.171,-43.113
41.29,-85.795,51.942,-41.043,41.48,-91.692,45.339,-43.76,35.184,-57.173,61.879,-10.168,-8.0666,-66.546,33.017,-42.846
41.29,-85.795,51.942,-41.043,41.48,-91.692,45.339,-43.76,35.184,-57.173,61.879,-10.168,-8.0666,-66.546,33.017,-42.846
41.17,-85.684,51.885,-40.997,41.373,-91.478,45.171,-43.541,35.155,-57.133,61.743,-10.196,-8.1346,-66.363,32.862,-42.578
41.17,-85.684,51.885,-40.997,41.373,-91.478,45.171,-43.541,35.155,-57.133,61.743,-10.196,-8.1346,-66.363,32.862,-42.578
41.049,-85.573,51.827,-40.951,41.266,-91.262,45.003,-43.321,35.126,-57.093,61.605,-10.226,-8.2023,-66.179,32.706,-42.307
41.049,-85.573,51.827,-40.951,41.266,-91.262,45.003,-43.321,35.126,-57.093,61.605,-10.226,-8.2023,-66.179,32.706,-42.307
40.928,-85.462,51.767,-40.906,41.159,-91.046,44.835,-43.101,35.096,-57.053,61.465,-10.258,-8.2697,-65.993,32.549,-42.036
40.928,-85.462,51.767,-40.906,41.159,-91.046,44.835,-43.101,35.096,-57.053,61.465,-10.258,-8.2697,-65.993,32.549,-42.036
40.806,-85.349,51.707,-40.861,41.053,-90.828,44.665,-42.881,35.065,-57.012,61.323,-10.292,-8.3367,-65.806,32.392,-41.762
40.806,-85.349,51.707,-40.861,41.053,-90.828,44.665,-42.881,35.065,-57.012,61.323,-10.292,-8.3367,-65.806,32.392,-41.762
40.806,-85.349,51.707,-40.861,41.053,-90.828,44.665,-42.881,35.065,-57.012,61.323,-10.292,-8.3367,-65.806,32.392,-41.762
40.684,-85.236,51.645,-40.817,40.947,-90.61,44.495,-42.661,35.032,-56.971,61.179,-10.328,-8.4035,-65.617,32.234,-41.487
40.684,-85.236,51.645,-40.817,40.947,-90.61,44.495,-42.661,35.032,-56.971,61.179,-10.328,-8.4035,-65.617,32.234,-41.487
40.437,-85.008,51.518,-40.729,40.737,-90.171,44.154,-42.22,34.966,-56.887,60.885,-10.406,-8.5361,-65.236,31.915,-40.931
40.437,-85.008,51.518,-40.729,40.737,-90.171,44.154,-42.22,34.966,-56.887,60.885,-10.406,-8.5361,-65.236,31.915,-40.931
40.437,-85.008,51.518,-40.729,40.737,-90.171,44.154,-42.22,34.966,-56.887,60.885,-10.406,-8.5361,-65.236,31.915,-40.931
40.313,-84.893,51.453,-40.685,40.632,-89.95,43.982,-41.999,34.931,-56.844,60.735,-10.448,-8.6019,-65.044,31.755,-40.651
40.313,-84.893,51.453,-40.685,40.632,-89.95,43.982,-41.999,34.931,-56.844,60.735,-10.448,-8.6019,-65.044,31.755,-40.651
40.313,-84.893,51.453,-40.685,40.632,-89.95,43.982,-41.999,34.931,-56.844,60.735,-10.448,-8.6019,-65.044,31.755,-40.651
40.189,-84.777,51.387,-40.642,40.528,-89.728,43.81,-41.778,34.895,-56.801,60.583,-10.492,-8.6674,-64.85,31.593,-40.369
40.064,-84.661,51.319,-40.6,40.423,-89.506,43.637,-41.556,34.858,-56.758,60.429,-10.539,-8.7325,-64.654,31.432,-40.085
39.938,-84.544,51.251,-40.558,40.32,-89.282,43.463,-41.335,34.821,-56.714,60.273,-10.587,-8.7974,-64.458,31.269,-39.8
39.938,-84.544,51.251,-40.558,40.32,-89.282,43.463,-41.335,34.821,-56.714,60.273,-10.587,-8.7974,-64.458,31.269,-39.8
39.812,-84.426,51.181,-40.516,40.216,-89.058,43.289,-41.113,34.782,-56.67,60.115,-10.638,-8.8618,-64.26,31.106,-39.513
39.812,-84.426,51.181,-40.516,40.216,-89.058,43.289,-41.113,34.782,-56.67,60.115,-10.638,-8.8618,-64.26,31.106,-39.513
39.812,-84.426,51.181,-40.516,40.216,-89.058,43.289,-41.113,34.782,-56.67,60.115,-10.638,-8.8618,-64.26,31.106,-39.513
39.685,-84.308,51.11,-40.475,40.113,-88.833,43.114,-40.891,34.743,-56.625,59.955,-10.69,-8.926,-64.06,30.942,-39.224
39.685,-84.308,51.11,-40.475,40.113,-88.833,43.114,-40.891,34.743,-56.625,59.955,-10.69,-8.926,-64.06,30.942,-39.224
39.558,-84.189,51.038,-40.434,40.01,-88.607,42.939,-40.669,34.703,-56.58,59.793,-10.745,-8.9898,-63.86,30.777,-38.934
39.558,-84.189,51.038,-40.434,40.01,-88.607,42.939,-40.669,34.703,-56.58,59.793,-10.745,-8.9898,-63.86,30.777,-38.934
39.43,-84.069,50.965,-40.393,39.908,-88.381,42.763,-40.447,34.661,-56.535,59.629,-10.802,-9.0533,-63.658,30.612,-38.642
39.301,-83.949,50.891,-40.353,39.806,-88.153,42.587,-40.225,34.619,-56.489,59.464,-10.861,-9.1165,-63.454,30.446,-38.349
39.301,-83.949,50.891,-40.353,39.806,-88.153,42.587,-40.225,34.619,-56.489,59.464,-10.861,-9.1165,-63.454,30.446,-38.349
39.172,-83.828,50.816,-40.313,39.704,-87.925,42.41,-40.003,34.576,-56.443,59.296,-10.921,-9.1793,-63.25,30.279,-38.054
39.172,-83.828,50.816,-40.313,39.704,-87.925,42.41,-40.003,34.576,-56.443,59.296,-10.921,-9.1793,-63.25,30.279,-38.054
39.172,-83.828,50.816,-40.313,39.704,-87.925,42.41,-40.003,34.576,-56.443,59.296,-10.921,-9.1793,-63.25,30.279,-38.054
39.043,-83.706,50.739,-40.274,39.602,-87.696,42.232,-39.78,34.532,-56.397,59.127,-10.985,-9.2417,-63.044,30.112,-37.758
39.043,-83.706,50.739,-40.274,39.602,-87.696,42.232,-39.78,34.532,-56.397,59.127,-10.985,-9.2417,-63.044,30.112,-37.758
39.043,-83.706,50.739,-40.274,39.602,-87.696,42.232,-39.78,34.532,-56.397,59.127,-10.985,-9.2417,-63.044,30.112,-37.758
38.913,-83.584,50.662,-40.235,39.501,-87.466,42.054,-39.557,34.487,-56.35,58.956,-11.05,-9.3038,-62.837,29.945,-37.46
38.913,-83.584,50.662,-40.235,39.501,-87.466,42.054,-39.557,34.487,-56.35,58.956,-11.05,-9.3038,-62.837,29.945,-37.46
38.913,-83.584,50.662,-40.235,39.501,-87.466,42.054,-39.557,34.487,-56.35,58.956,-11.05,-9.3038,-62.837,29.945,-37.46
38.913,-83.584,50.662,-40.235,39.501,-87.466,42.054,-39.557,34.487,-56.35,58.956,-11.05,-9.3038,-62.837,29.945,-37.46
38.651,-83.338,50.503,-40.159,39.3,-87.004,41.696,-39.112,34.395,-56.255,58.608,-11.186,-9.427,-62.42,29.608,-36.859
38.651,-83.338,50.503,-40.159,39.3,-87.004,41.696,-39.112,34.395,-56.255,58.608,-11.186,-9.427,-62.42,29.608,-36.859
38.651,-83.338,50.503,-40.159,39.3,-87.004,41.696,-39.112,34.395,-56.255,58.608,-11.186,-9.427,-62.42,29.608,-36.859
38.388,-83.09,50.341,-40.084,39.101,-86.539,41.336,-38.666,34.298,-56.16,58.253,-11.331,-9.5487,-61.997,29.268,-36.253
38.388,-83.09,50.341,-40.084,39.101,-86.539,41.336,-38.666,34.298,-56.16,58.253,-11.331,-9.5487,-61.997,29.268,-36.253
38.388,-83.09,50.341,-40.084,39.101,-86.539,41.336,-38.666,34.298,-56.16,58.253,-11.331,-9.5487,-61.997,29.268,-36.253
38.255,-82.965,50.257,-40.048,39.001,-86.305,41.156,-38.443,34.249,-56.112,58.073,-11.407,-9.6091,-61.784,29.098,-35.947
38.255,-82.965,50.257,-40.048,39.001,-86.305,41.156,-38.443,34.249,-56.112,58.073,-11.407,-9.6091,-61.784,29.098,-35.947
37.988,-82.713,50.088,-39.976,38.804,-85.836,40.793,-37.997,34.147,-56.014,57.708,-11.564,-9.7287,-61.355,28.755,-35.332
37.988,-82.713,50.088,-39.976,38.804,-85.836,40.793,-37.997,34.147,-56.014,57.708,-11.564,-9.7287,-61.355,28.755,-35.332
37.988,-82.713,50.088,-39.976,38.804,-85.836,40.793,-37.997,34.147,-56.014,57.708,-11.564,-9.7287,-61.355,28.755,-35.332
37.854,-82.586,50.002,-39.941,38.705,-85.6,40.611,-37.773,34.095,-55.965,57.522,-11.646,-9.788,-61.138,28.583,-35.022
37.854,-82.586,50.002,-39.941,38.705,-85.6,40.611,-37.773,34.095,-55.965,57.522,-11.646,-9.788,-61.138,28.583,-35.022
37.854,-82.586,50.002,-39.941,38.705,-85.6,40.611,-37.773,34.095,-55.965,57.522,-11.646,-9.788,-61.138,28.583,-35.022
37.719,-82.458,49.914,-39.906,38.607,-85.363,40.428,-37.55,34.041,-55.916,57.335,-11.73,-9.8469,-60.921,28.411,-34.711
37.719,-82.458,49.914,-39.906,38.607,-85.363,40.428,-37.55,34.041,-55.916,57.335,-11.73,-9.8469,-60.921,28.411,-34.711
37.584,-82.33,49.826,-39.872,38.51,-85.126,40.245,-37.327,33.987,-55.867,57.146,-11.816,-9.9054,-60.702,28.238,-34.398
37.448,-82.202,49.736,-39.838,38.413,-84.888,40.061,-37.104,33.932,-55.817,56.956,-11.905,-9.9636,-60.482,28.065,-34.084
37.312,-82.073,49.645,-39.805,38.316,-84.649,39.877,-36.88,33.876,-55.767,56.764,-11.995,-10.021,-60.262,27.891,-33.769
37.312,-82.073,49.645,-39.805,38.316,-84.649,39.877,-36.88,33.876,-55.767,56.764,-11.995,-10.021,-60.262,27.891,-33.769
37.175,-81.943,49.553,-39.772,38.219,-84.41,39.692,-36.657,33.819,-55.717,56.57,-12.087,-10.079,-60.04,27.717,-33.452
37.175,-81.943,49.553,-39.772,38.219,-84.41,39.692,-36.657,33.819,-55.717,56.57,-12.087,-10.079,-60.04,27.717,-33.452
37.175,-81.943,49.553,-39.772,38.219,-84.41,39.692,-36.657,33.819,-55.717,56.57,-12.087,-10.079,-60.04,27.717,-33.452
37.038,-81.813,49.46,-39.74,38.123,-84.17,39.507,-36.433,33.761,-55.667,56.374,-12.182,-10.136,-59.817,27.542,-33.134
37.038,-81.813,49.46,-39.74,38.123,-84.17,39.507,-36.433,33.761,-55.667,56.374,-12.182,-10.136,-59.817,27.542,-33.134
36.9,-81.682,49.367,-39.708,38.027,-83.929,39.322,-36.21,33.703,-55.616,56.177,-12.278,-10.193,-59.593,27.367,-32.815
36.9,-81.682,49.367,-39.708,38.027,-83.929,39.322,-36.21,33.703,-55.616,56.177,-12.278,-10.193,-59.593,27.367,-32.815
36.762,-81.55,49.271,-39.676,37.932,-83.687,39.136,-35.987,33.643,-55.565,55.979,-12.377,-10.249,-59.367,27.192,-32.494
36.762,-81.55,49.271,-39.676,37.932,-83.687,39.136,-35.987,33.643,-55.565,55.979,-12.377,-10.249,-59.367,27.192,-32.494
36.623,-81.419,49.175,-39.646,37.836,-83.445,38.949,-35.763,33.583,-55.515,55.778,-12.478,-10.305,-59.141,27.016,-32.172
36.623,-81.419,49.175,-39.646,37.836,-83.445,38.949,-35.763,33.583,-55.515,55.778,-12.478,-10.305,-59.141,27.016,-32.172
36.483,-81.286,49.078,-39.615,37.742,-83.202,38.763,-35.54,33.521,-55.463,55.577,-12.58,-10.361,-58.914,26.84,-31.848
36.483,-81.286,49.078,-39.615,37.742,-83.202,38.763,-35.54,33.521,-55.463,55.577,-12.58,-10.361,-58.914,26.84,-31.848
36.343,-81.153,48.98,-39.585,37.647,-82.959,38.575,-35.317,33.459,-55.412,55.373,-12.685,-10.416,-58.686,26.664,-31.523
36.343,-81.153,48.98,-39.585,37.647,-82.959,38.575,-35.317,33.459,-55.412,55.373,-12.685,-10.416,-58.686,26.664,-31.523
36.203,-81.02,48.881,-39.556,37.553,-82.715,38.388,-35.093,33.396,-55.361,55.168,-12.792,-10.471,-58.457,26.487,-31.198
36.203,-81.02,48.881,-39.556,37.553,-82.715,38.388,-35.093,33.396,-55.361,55.168,-12.792,-10.471,-58.457,26.487,-31.198
36.062,-80.886,48.78,-39.527,37.459,-82.47,38.2,-34.87,33.331,-55.309,54.962,-12.901,-10.525,-58.227,26.31,-30.87
35.92,-80.751,48.679,-39.499,37.366,-82.224,38.011,-34.647,33.266,-55.258,54.754,-13.012,-10.58,-57.996,26.132,-30.542
35.92,-80.751,48.679,-39.499,37.366,-82.224,38.011,-34.647,33.266,-55.258,54.754,-13.012,-10.58,-57.996,26.132,-30.542
35.92,-80.751,48.679,-39.499,37.366,-82.224,38.011,-34.647,33.266,-55.258,54.754,-13.012,-10.58,-57.996,26.132,-30.542
35.778,-80.616,48.576,-39.471,37.272,-81.978,37.822,-34.424,33.2,-55.206,54.544,-13.125,-10.633,-57.764,25.955,-30.212
35.778,-80.616,48.576,-39.471,37.272,-81.978,37.822,-34.424,33.2,-55.206,54.544,-13.125,-10.633,-57.764,25.955,-30.212
35.636,-80.48,48.473,-39.444,37.18,-81.731,37.633,-34.201,33.133,-55.154,54.333,-13.24,-10.687,-57.531,25.777,-29.881
35.636,-80.48,48.473,-39.444,37.18,-81.731,37.633,-34.201,33.133,-55.154,54.333,-13.24,-10.687,-57.531,25.777,-29.881
35.636,-80.48,48.473,-39.444,37.18,-81.731,37.633,-34.201,33.133,-55.154,54.333,-13.24,-10.687,-57.531,25.777,-29.881
35.493,-80.344,48.368,-39.417,37.087,-81.484,37.443,-33.978,33.066,-55.102,54.121,-13.357,-10.74,-57.297,25.598,-29.549
35.493,-80.344,48.368,-39.417,37.087,-81.484,37.443,-33.978,33.066,-55.102,54.121,-13.357,-10.74,-57.297,25.598,-29.549
35.493,-80.344,48.368,-39.417,37.087,-81.484,37.443,-33.978,33.066,-55.102,54.121,-13.357,-10.74,-57.297,25.598,-29.549
35.205,-80.071,48.156,-39.365,36.903,-80.987,37.062,-33.532,32.928,-54.998,53.691,-13.597,-10.845,-56.827,25.241,-28.881
35.205,-80.071,48.156,-39.365,36.903,-80.987,37.062,-33.532,32.928,-54.998,53.691,-13.597,-10.845,-56.827,25.241,-28.881
35.061,-79.933,48.049,-39.34,36.811,-80.738,36.872,-33.31,32.857,-54.945,53.474,-13.72,-10.897,-56.591,25.062,-28.546
35.061,-79.933,48.049,-39.34,36.811,-80.738,36.872,-33.31,32.857,-54.945,53.474,-13.72,-10.897,-56.591,25.062,-28.546
34.915,-79.795,47.94,-39.316,36.72,-80.488,36.68,-33.087,32.786,-54.893,53.256,-13.845,-10.948,-56.353,24.883,-28.209
34.915,-79.795,47.94,-39.316,36.72,-80.488,36.68,-33.087,32.786,-54.893,53.256,-13.845,-10.948,-56.353,24.883,-28.209
34.77,-79.656,47.83,-39.291,36.629,-80.238,36.489,-32.865,32.714,-54.841,53.037,-13.972,-11,-56.115,24.704,-27.871
34.77,-79.656,47.83,-39.291,36.629,-80.238,36.489,-32.865,32.714,-54.841,53.037,-13.972,-11,-56.115,24.704,-27.871
34.624,-79.517,47.72,-39.268,36.539,-79.987,36.297,-32.642,32.641,-54.788,52.816,-14.101,-11.051,-55.876,24.524,-27.532
34.624,-79.517,47.72,-39.268,36.539,-79.987,36.297,-32.642,32.641,-54.788,52.816,-14.101,-11.051,-55.876,24.524,-27.532
34.624,-79.517,47.72,-39.268,36.539,-79.987,36.297,-32.642,32.641,-54.788,52.816,-14.101,-11.051,-55.876,24.524,-27.532
34.477,-79.378,47.608,-39.245,36.448,-79.735,36.104,-32.42,32.567,-54.736,52.593,-14.232,-11.101,-55.636,24.344,-27.192
34.477,-79.378,47.608,-39.245,36.448,-79.735,36.104,-32.42,32.567,-54.736,52.593,-14.232,-11.101,-55.636,24.344,-27.192
34.477,-79.378,47.608,-39.245,36.448,-79.735,36.104,-32.42,32.567,-54.736,52.593,-14.232,-11.101,-55.636,24.344,-27.192
34.182,-79.097,47.382,-39.2,36.269,-79.23,35.719,-31.976,32.416,-54.63,52.144,-14.5,-11.201,-55.154,23.985,-26.509
34.182,-79.097,47.382,-39.2,36.269,-79.23,35.719,-31.976,32.416,-54.63,52.144,-14.5,-11.201,-55.154,23.985,-26.509
34.034,-78.956,47.267,-39.179,36.179,-78.977,35.525,-31.755,32.34,-54.578,51.918,-14.637,-11.25,-54.912,23.804,-26.166
34.034,-78.956,47.267,-39.179,36.179,-78.977,35.525,-31.755,32.34,-54.578,51.918,-14.637,-11.25,-54.912,23.804,-26.166
33.885,-78.814,47.151,-39.158,36.09,-78.723,35.332,-31.533,32.262,-54.525,51.69,-14.776,-11.3,-54.669,23.624,-25.822
33.885,-78.814,47.151,-39.158,36.09,-78.723,35.332,-31.533,32.262,-54.525,51.69,-14.776,-11.3,-54.669,23.624,-25.822
33.736,-78.672,47.035,-39.138,36.001,-78.469,35.137,-31.312,32.184,-54.472,51.461,-14.916,-11.348,-54.426,23.444,-25.476
33.586,-78.53,46.917,-39.118,35.913,-78.214,34.943,-31.09,32.105,-54.419,51.231,-15.059,-11.397,-54.181,23.263,-25.13
33.586,-78.53,46.917,-39.118,35.913,-78.214,34.943,-31.09,32.105,-54.419,51.231,-15.059,-11.397,-54.181,23.263,-25.13
33.586,-78.53,46.917,-39.118,35.913,-78.214,34.943,-31.09,32.105,-54.419,51.231,-15.059,-11.397,-54.181,23.263,-25.13
33.436,-78.387,46.798,-39.099,35.824,-77.959,34.748,-30.869,32.025,-54.367,50.999,-15.203,-11.445,-53.936,23.083,-24.783
33.436,-78.387,46.798,-39.099,35.824,-77.959,34.748,-30.869,32.025,-54.367,50.999,-15.203,-11.445,-53.936,23.083,-24.783
33.285,-78.244,46.679,-39.08,35.736,-77.703,34.553,-30.648,31.945,-54.314,50.766,-15.35,-11.492,-53.69,22.902,-24.435
33.285,-78.244,46.679,-39.08,35.736,-77.703,34.553,-30.648,31.945,-54.314,50.766,-15.35,-11.492,-53.69,22.902,-24.435
33.134,-78.1,46.558,-39.062,35.649,-77.446,34.358,-30.428,31.863,-54.261,50.532,-15.498,-11.539,-53.444,22.721,-24.086
33.134,-78.1,46.558,-39.062,35.649,-77.446,34.358,-30.428,31.863,-54.261,50.532,-15.498,-11.539,-53.444,22.721,-24.086
32.982,-77.956,46.437,-39.044,35.561,-77.189,34.163,-30.207,31.781,-54.208,50.297,-15.648,-11.586,-53.197,22.54,-23.736
32.982,-77.956,46.437,-39.044,35.561,-77.189,34.163,-30.207,31.781,-54.208,50.297,-15.648,-11.586,-53.197,22.54,-23.736
32.83,-77.811,46.314,-39.027,35.474,-76.931,33.967,-29.987,31.698,-54.156,50.06,-15.8,-11.633,-52.949,22.359,-23.385
32.83,-77.811,46.314,-39.027,35.474,-76.931,33.967,-29.987,31.698,-54.156,50.06,-15.8,-11.633,-52.949,22.359,-23.385
32.677,-77.666,46.191,-39.011,35.387,-76.673,33.77,-29.767,31.614,-54.103,49.823,-15.954,-11.679,-52.7,22.179,-23.033
32.677,-77.666,46.191,-39.011,35.387,-76.673,33.77,-29.767,31.614,-54.103,49.823,-15.954,-11.679,-52.7,22.179,-23.033
32.524,-77.521,46.067,-38.995,35.3,-76.415,33.574,-29.547,31.529,-54.05,49.584,-16.109,-11.725,-52.451,21.998,-22.68
32.524,-77.521,46.067,-38.995,35.3,-76.415,33.574,-29.547,31.529,-54.05,49.584,-16.109,-11.725,-52.451,21.998,-22.68
32.37,-77.375,45.941,-38.98,35.214,-76.156,33.377,-29.328,31.443,-53.998,49.344,-16.267,-11.771,-52.202,21.817,-22.326
32.37,-77.375,45.941,-38.98,35.214,-76.156,33.377,-29.328,31.443,-53.998,49.344,-16.267,-11.771,-52.202,21.817,-22.326
32.216,-77.228,45.815,-38.965,35.128,-75.896,33.18,-29.108,31.357,-53.945,49.103,-16.426,-11.816,-51.951,21.636,-21.972
32.216,-77.228,45.815,-38.965,35.128,-75.896,33.18,-29.108,31.357,-53.945,49.103,-16.426,-11.816,-51.951,21.636,-21.972
32.061,-77.082,45.688,-38.951,35.042,-75.636,32.983,-28.889,31.27,-53.893,48.86,-16.587,-11.861,-51.7,21.455,-21.617
32.061,-77.082,45.688,-38.951,35.042,-75.636,32.983,-28.889,31.27,-53.893,48.86,-16.587,-11.861,-51.7,21.455,-21.617
31.905,-76.934,45.56,-38.937,34.956,-75.376,32.785,-28.671,31.182,-53.84,48.617,-16.75,-11.905,-51.449,21.274,-21.261
31.905,-76.934,45.56,-38.937,34.956,-75.376,32.785,-28.671,31.182,-53.84,48.617,-16.75,-11.905,-51.449,21.274,-21.261
31.905,-76.934,45.56,-38.937,34.956,-75.376,32.785,-28.671,31.182,-53.84,48.617,-16.75,-11.905,-51.449,21.274,-21.261
31.749,-76.787,45.431,-38.924,34.87,-75.115,32.587,-28.452,31.093,-53.788,48.372,-16.914,-11.949,-51.197,21.094,-20.904
31.593,-76.639,45.301,-38.912,34.785,-74.854,32.389,-28.234,31.004,-53.736,48.127,-17.081,-11.993,-50.944,20.913,-20.546
31.436,-76.49,45.17,-38.9,34.7,-74.592,32.191,-28.016,30.913,-53.684,47.88,-17.249,-12.037,-50.691,20.732,-20.188
31.436,-76.49,45.17,-38.9,34.7,-74.592,32.191,-28.016,30.913,-53.684,47.88,-17.249,-12.037,-50.691,20.732,-20.188
31.279,-76.341,45.039,-38.888,34.615,-74.329,31.992,-27.798,30.822,-53.632,47.632,-17.418,-12.08,-50.437,20.552,-19.829
31.279,-76.341,45.039,-38.888,34.615,-74.329,31.992,-27.798,30.822,-53.632,47.632,-17.418,-12.08,-50.437,20.552,-19.829
31.121,-76.192,44.906,-38.878,34.53,-74.067,31.794,-27.581,30.73,-53.58,47.384,-17.59,-12.123,-50.183,20.371,-19.469
31.121,-76.192,44.906,-38.878,34.53,-74.067,31.794,-27.581,30.73,-53.58,47.384,-17.59,-12.123,-50.183,20.371,-19.469
31.121,-76.192,44.906,-38.878,34.53,-74.067,31.794,-27.581,30.73,-53.58,47.384,-17.59,-12.123,-50.183,20.371,-19.469
30.962,-76.042,44.772,-38.867,34.446,-73.804,31.595,-27.364,30.638,-53.528,47.134,-17.763,-12.165,-49.929,20.191,-19.108
30.962,-76.042,44.772,-38.867,34.446,-73.804,31.595,-27.364,30.638,-53.528,47.134,-17.763,-12.165,-49.929,20.191,-19.108
30.803,-75.892,44.638,-38.858,34.361,-73.54,31.395,-27.147,30.545,-53.476,46.883,-17.937,-12.207,-49.674,20.01,-18.747
30.644,-75.742,44.503,-38.849,34.277,-73.276,31.196,-26.93,30.451,-53.424,46.631,-18.113,-12.249,-49.418,19.83,-18.385
30.644,-75.742,44.503,-38.849,34.277,-73.276,31.196,-26.93,30.451,-53.424,46.631,-18.113,-12.249,-49.418,19.83,-18.385
30.484,-75.591,44.367,-38.84,34.193,-73.012,30.996,-26.714,30.356,-53.373,46.378,-18.291,-12.291,-49.162,19.65,-18.022
30.484,-75.591,44.367,-38.84,34.193,-73.012,30.996,-26.714,30.356,-53.373,46.378,-18.291,-12.291,-49.162,19.65,-18.022
30.484,-75.591,44.367,-38.84,34.193,-73.012,30.996,-26.714,30.356,-53.373,46.378,-18.291,-12.291,-49.162,19.65,-18.022
30.323,-75.44,44.23,-38.832,34.109,-72.747,30.796,-26.499,30.261,-53.321,46.125,-18.471,-12.332,-48.906,19.47,-17.659
30.323,-75.44,44.23,-38.832,34.109,-72.747,30.796,-26.499,30.261,-53.321,46.125,-18.471,-12.332,-48.906,19.47,-17.659
30.323,-75.44,44.23,-38.832,34.109,-72.747,30.796,-26.499,30.261,-53.321,46.125,-18.471,-12.332,-48.906,19.47,-17.659
30.162,-75.288,44.092,-38.825,34.026,-72.481,30.596,-26.283,30.164,-53.27,45.87,-18.652,-12.373,-48.649,19.291,-17.295
30.162,-75.288,44.092,-38.825,34.026,-72.481,30.596,-26.283,30.164,-53.27,45.87,-18.652,-12.373,-48.649,19.291,-17.295
30.162,-75.288,44.092,-38.825,34.026,-72.481,30.596,-26.283,30.164,-53.27,45.87,-18.652,-12.373,-48.649,19.291,-17.295
29.839,-74.984,43.814,-38.812,33.859,-71.95,30.195,-25.853,29.97,-53.168,45.358,-19.019,-12.454,-48.134,18.932,-16.566
29.676,-74.832,43.674,-38.806,33.775,-71.683,29.994,-25.639,29.872,-53.117,45.1,-19.205,-12.494,-47.876,18.753,-16.2
29.676,-74.832,43.674,-38.806,33.775,-71.683,29.994,-25.639,29.872,-53.117,45.1,-19.205,-12.494,-47.876,18.753,-16.2
29.676,-74.832,43.674,-38.806,33.775,-71.683,29.994,-25.639,29.872,-53.117,45.1,-19.205,-12.494,-47.876,18.753,-16.2
29.513,-74.678,43.533,-38.801,33.692,-71.417,29.793,-25.425,29.773,-53.066,44.842,-19.392,-12.533,-47.618,18.574,-15.834
29.513,-74.678,43.533,-38.801,33.692,-71.417,29.793,-25.425,29.773,-53.066,44.842,-19.392,-12.533,-47.618,18.574,-15.834
29.513,-74.678,43.533,-38.801,33.692,-71.417,29.793,-25.425,29.773,-53.066,44.842,-19.392,-12.533,-47.618,18.574,-15.834
29.349,-74.525,43.391,-38.797,33.609,-71.15,29.592,-25.211,29.674,-53.015,44.583,-19.581,-12.573,-47.359,18.395,-15.467
29.349,-74.525,43.391,-38.797,33.609,-71.15,29.592,-25.211,29.674,-53.015,44.583,-19.581,-12.573,-47.359,18.395,-15.467
29.021,-74.217,43.104,-38.789,33.444,-70.614,29.19,-24.785,29.473,-52.915,44.062,-19.962,-12.651,-46.841,18.038,-14.732
29.021,-74.217,43.104,-38.789,33.444,-70.614,29.19,-24.785,29.473,-52.915,44.062,-19.962,-12.651,-46.841,18.038,-14.732
28.856,-74.063,42.96,-38.786,33.361,-70.346,28.988,-24.573,29.371,-52.865,43.8,-20.156,-12.689,-46.581,17.86,-14.364
28.856,-74.063,42.96,-38.786,33.361,-70.346,28.988,-24.573,29.371,-52.865,43.8,-20.156,-12.689,-46.581,17.86,-14.364
28.856,-74.063,42.96,-38.786,33.361,-70.346,28.988,-24.573,29.371,-52.865,43.8,-20.156,-12.689,-46.581,17.86,-14.364
28.69,-73.908,42.815,-38.784,33.279,-70.078,28.786,-24.361,29.269,-52.815,43.537,-20.35,-12.727,-46.321,17.682,-13.995
28.69,-73.908,42.815,-38.784,33.279,-70.078,28.786,-24.361,29.269,-52.815,43.537,-20.35,-12.727,-46.321,17.682,-13.995
28.524,-73.753,42.669,-38.783,33.196,-69.809,28.584,-24.149,29.166,-52.765,43.274,-20.546,-12.765,-46.061,17.505,-13.626
28.524,-73.753,42.669,-38.783,33.196,-69.809,28.584,-24.149,29.166,-52.765,43.274,-20.546,-12.765,-46.061,17.505,-13.626
28.357,-73.597,42.522,-38.782,33.114,-69.54,28.382,-23.938,29.063,-52.716,43.01,-20.743,-12.803,-45.801,17.328,-13.256
28.19,-73.442,42.375,-38.781,33.032,-69.27,28.18,-23.728,28.959,-52.666,42.745,-20.942,-12.84,-45.54,17.151,-12.886
28.19,-73.442,42.375,-38.781,33.032,-69.27,28.18,-23.728,28.959,-52.666,42.745,-20.942,-12.84,-45.54,17.151,-12.886
28.022,-73.286,42.226,-38.781,32.949,-69,27.977,-23.517,28.855,-52.617,42.479,-21.142,-12.877,-45.279,16.974,-12.516
28.022,-73.286,42.226,-38.781,32.949,-69,27.977,-23.517,28.855,-52.617,42.479,-21.142,-12.877,-45.279,16.974,-12.516
28.022,-73.286,42.226,-38.781,32.949,-69,27.977,-23.517,28.855,-52.617,42.479,-21.142,-12.877,-45.279,16.974,-12.516
27.854,-73.129,42.077,-38.782,32.867,-68.73,27.775,-23.307,28.75,-52.568,42.212,-21.343,-12.914,-45.018,16.798,-12.145
27.854,-73.129,42.077,-38.782,32.867,-68.73,27.775,-23.307,28.75,-52.568,42.212,-21.343,-12.914,-45.018,16.798,-12.145
27.854,-73.129,42.077,-38.782,32.867,-68.73,27.775,-23.307,28.75,-52.568,42.212,-21.343,-12.914,-45.018,16.798,-12.145
27.686,-72.972,41.928,-38.783,32.785,-68.46,27.572,-23.098,28.644,-52.52,41.945,-21.545,-12.951,-44.757,16.622,-11.774
27.686,-72.972,41.928,-38.783,32.785,-68.46,27.572,-23.098,28.644,-52.52,41.945,-21.545,-12.951,-44.757,16.622,-11.774
27.516,-72.815,41.777,-38.785,32.703,-68.189,27.369,-22.889,28.538,-52.471,41.677,-21.749,-12.987,-44.496,16.446,-11.403
27.516,-72.815,41.777,-38.785,32.703,-68.189,27.369,-22.889,28.538,-52.471,41.677,-21.749,-12.987,-44.496,16.446,-11.403
27.176,-72.5,41.474,-38.79,32.539,-67.647,26.963,-22.473,28.324,-52.375,41.139,-22.16,-13.059,-43.972,16.096,-10.659
27.176,-72.5,41.474,-38.79,32.539,-67.647,26.963,-22.473,28.324,-52.375,41.139,-22.16,-13.059,-43.972,16.096,-10.659
27.006,-72.342,41.321,-38.794,32.457,-67.375,26.76,-22.265,28.216,-52.327,40.869,-22.368,-13.094,-43.71,15.921,-10.287
27.006,-72.342,41.321,-38.794,32.457,-67.375,26.76,-22.265,28.216,-52.327,40.869,-22.368,-13.094,-43.71,15.921,-10.287
27.006,-72.342,41.321,-38.794,32.457,-67.375,26.76,-22.265,28.216,-52.327,40.869,-22.368,-13.094,-43.71,15.921,-10.287
26.835,-72.184,41.168,-38.798,32.375,-67.103,26.556,-22.058,28.108,-52.279,40.599,-22.576,-13.129,-43.449,15.747,-9.9143
26.835,-72.184,41.168,-38.798,32.375,-67.103,26.556,-22.058,28.108,-52.279,40.599,-22.576,-13.129,-43.449,15.747,-9.9143
26.835,-72.184,41.168,-38.798,32.375,-67.103,26.556,-22.058,28.108,-52.279,40.599,-22.576,-13.129,-43.449,15.747,-9.9143
26.663,-72.025,41.014,-38.802,32.293,-66.831,26.353,-21.852,27.999,-52.232,40.327,-22.786,-13.164,-43.186,15.573,-9.5415
26.663,-72.025,41.014,-38.802,32.293,-66.831,26.353,-21.852,27.999,-52.232,40.327,-22.786,-13.164,-43.186,15.573,-9.5415
26.318,-71.707,40.704,-38.813,32.129,-66.286,25.946,-21.44,27.78,-52.138,39.783,-23.209,-13.234,-42.662,15.226,-8.7953
26.318,-71.707,40.704,-38.813,32.129,-66.286,25.946,-21.44,27.78,-52.138,39.783,-23.209,-13.234,-42.662,15.226,-8.7953
26.145,-71.548,40.548,-38.819,32.047,-66.014,25.742,-21.235,27.669,-52.091,39.509,-23.422,-13.268,-42.4,15.053,-8.4218
26.145,-71.548,40.548,-38.819,32.047,-66.014,25.742,-21.235,27.669,-52.091,39.509,-23.422,-13.268,-42.4,15.053,-8.4218
26.145,-71.548,40.548,-38.819,32.047,-66.014,25.742,-21.235,27.669,-52.091,39.509,-23.422,-13.268,-42.4,15.053,-8.4218
25.971,-71.388,40.391,-38.826,31.965,-65.741,25.538,-21.031,27.559,-52.045,39.236,-23.636,-13.302,-42.138,14.881,-8.0483
25.971,-71.388,40.391,-38.826,31.965,-65.741,25.538,-21.031,27.559,-52.045,39.236,-23.636,-13.302,-42.138,14.881,-8.0483
25.797,-71.228,40.234,-38.834,31.883,-65.467,25.334,-20.827,27.447,-51.998,38.961,-23.851,-13.336,-41.875,14.709,-7.6745
25.622,-71.068,40.075,-38.842,31.8,-65.194,25.13,-20.624,27.336,-51.952,38.686,-24.067,-13.37,-41.613,14.538,-7.3007
25.622,-71.068,40.075,-38.842,31.8,-65.194,25.13,-20.624,27.336,-51.952,38.686,-24.067,-13.37,-41.613,14.538,-7.3007
25.622,-71.068,40.075,-38.842,31.8,-65.194,25.13,-20.624,27.336,-51.952,38.686,-24.067,-13.37,-41.613,14.538,-7.3007
25.447,-70.907,39.917,-38.85,31.718,-64.92,24.926,-20.421,27.224,-51.907,38.411,-24.284,-13.403,-41.351,14.367,-6.9267
25.447,-70.907,39.917,-38.85,31.718,-64.92,24.926,-20.421,27.224,-51.907,38.411,-24.284,-13.403,-41.351,14.367,-6.9267
25.271,-70.747,39.757,-38.859,31.636,-64.646,24.722,-20.219,27.111,-51.861,38.135,-24.502,-13.436,-41.088,14.196,-6.5527
25.271,-70.747,39.757,-38.859,31.636,-64.646,24.722,-20.219,27.111,-51.861,38.135,-24.502,-13.436,-41.088,14.196,-6.5527
25.271,-70.747,39.757,-38.859,31.636,-64.646,24.722,-20.219,27.111,-51.861,38.135,-24.502,-13.436,-41.088,14.196,-6.5527
25.095,-70.585,39.597,-38.869,31.554,-64.372,24.518,-20.017,26.998,-51.816,37.858,-24.721,-13.469,-40.826,14.026,-6.1785
25.095,-70.585,39.597,-38.869,31.554,-64.372,24.518,-20.017,26.998,-51.816,37.858,-24.721,-13.469,-40.826,14.026,-6.1785
25.095,-70.585,39.597,-38.869,31.554,-64.372,24.518,-20.017,26.998,-51.816,37.858,-24.721,-13.469,-40.826,14.026,-6.1785
24.918,-70.424,39.437,-38.879,31.471,-64.098,24.313,-19.816,26.885,-51.771,37.581,-24.94,-13.502,-40.564,13.856,-5.8043
24.741,-70.263,39.276,-38.89,31.389,-63.824,24.109,-19.616,26.771,-51.727,37.303,-25.161,-13.535,-40.301,13.687,-5.4301
24.563,-70.101,39.114,-38.902,31.306,-63.549,23.904,-19.416,26.657,-51.682,37.025,-25.382,-13.567,-40.039,13.519,-5.0559
24.563,-70.101,39.114,-38.902,31.306,-63.549,23.904,-19.416,26.657,-51.682,37.025,-25.382,-13.567,-40.039,13.519,-5.0559
24.385,-69.939,38.952,-38.913,31.223,-63.274,23.7,-19.217,26.543,-51.638,36.747,-25.605,-13.599,-39.777,13.351,-4.6817
24.385,-69.939,38.952,-38.913,31.223,-63.274,23.7,-19.217,26.543,-51.638,36.747,-25.605,-13.599,-39.777,13.351,-4.6817
24.385,-69.939,38.952,-38.913,31.223,-63.274,23.7,-19.217,26.543,-51.638,36.747,-25.605,-13.599,-39.777,13.351,-4.6817
24.206,-69.776,38.789,-38.926,31.14,-62.999,23.495,-19.018,26.428,-51.594,36.468,-25.828,-13.631,-39.515,13.183,-4.3074
24.206,-69.776,38.789,-38.926,31.14,-62.999,23.495,-19.018,26.428,-51.594,36.468,-25.828,-13.631,-39.515,13.183,-4.3074
23.847,-69.451,38.461,-38.952,30.974,-62.449,23.086,-18.622,26.198,-51.507,35.908,-26.276,-13.694,-38.992,12.849,-3.5592
23.847,-69.451,38.461,-38.952,30.974,-62.449,23.086,-18.622,26.198,-51.507,35.908,-26.276,-13.694,-38.992,12.849,-3.5592
23.667,-69.288,38.297,-38.966,30.891,-62.174,22.881,-18.426,26.082,-51.464,35.628,-26.501,-13.726,-38.73,12.683,-3.1851
23.667,-69.288,38.297,-38.966,30.891,-62.174,22.881,-18.426,26.082,-51.464,35.628,-26.501,-13.726,-38.73,12.683,-3.1851
23.486,-69.125,38.132,-38.981,30.807,-61.898,22.676,-18.229,25.966,-51.422,35.347,-26.727,-13.757,-38.469,12.518,-2.8112
23.486,-69.125,38.132,-38.981,30.807,-61.898,22.676,-18.229,25.966,-51.422,35.347,-26.727,-13.757,-38.469,12.518,-2.8112
23.486,-69.125,38.132,-38.981,30.807,-61.898,22.676,-18.229,25.966,-51.422,35.347,-26.727,-13.757,-38.469,12.518,-2.8112
23.305,-68.961,37.966,-38.996,30.724,-61.622,22.472,-18.034,25.85,-51.379,35.066,-26.954,-13.788,-38.208,12.353,-2.4374
23.305,-68.961,37.966,-38.996,30.724,-61.622,22.472,-18.034,25.85,-51.379,35.066,-26.954,-13.788,-38.208,12.353,-2.4374
23.305,-68.961,37.966,-38.996,30.724,-61.622,22.472,-18.034,25.85,-51.379,35.066,-26.954,-13.788,-38.208,12.353,-2.4374
22.941,-68.634,37.633,-39.028,30.556,-61.071,22.062,-17.645,25.616,-51.295,34.503,-27.409,-13.85,-37.686,12.024,-1.6902
22.941,-68.634,37.633,-39.028,30.556,-61.071,22.062,-17.645,25.616,-51.295,34.503,-27.409,-13.85,-37.686,12.024,-1.6902
22.759,-68.47,37.466,-39.045,30.472,-60.795,21.857,-17.451,25.499,-51.254,34.22,-27.637,-13.881,-37.426,11.861,-1.3169
22.759,-68.47,37.466,-39.045,30.472,-60.795,21.857,-17.451,25.499,-51.254,34.22,-27.637,-13.881,-37.426,11.861,-1.3169
22.759,-68.47,37.466,-39.045,30.472,-60.795,21.857,-17.451,25.499,-51.254,34.22,-27.637,-13.881,-37.426,11.861,-1.3169
22.576,-68.305,37.298,-39.062,30.387,-60.519,21.652,-17.258,25.382,-51.212,33.938,-27.866,-13.911,-37.165,11.698,-0.9437
22.576,-68.305,37.298,-39.062,30.387,-60.519,21.652,-17.258,25.382,-51.212,33.938,-27.866,-13.911,-37.165,11.698,-0.9437
22.392,-68.141,37.13,-39.08,30.303,-60.243,21.447,-17.066,25.265,-51.172,33.655,-28.095,-13.941,-36.905,11.536,-0.57077
22.392,-68.141,37.13,-39.08,30.303,-60.243,21.447,-17.066,25.265,-51.172,33.655,-28.095,-13.941,-36.905,11.536,-0.57077
22.208,-67.976,36.961,-39.098,30.218,-59.966,21.242,-16.874,25.147,-51.131,33.372,-28.325,-13.972,-36.646,11.375,-0.19806
22.208,-67.976,36.961,-39.098,30.218,-59.966,21.242,-16.874,25.147,-51.131,33.372,-28.325,-13.972,-36.646,11.375,-0.19806
22.023,-67.811,36.792,-39.117,30.133,-59.69,21.037,-16.683,25.029,-51.09,33.088,-28.556,-14.002,-36.386,11.214,0.17439
22.023,-67.811,36.792,-39.117,30.133,-59.69,21.037,-16.683,25.029,-51.09,33.088,-28.556,-14.002,-36.386,11.214,0.17439
21.838,-67.646,36.623,-39.136,30.048,-59.414,20.832,-16.493,24.911,-51.05,32.804,-28.786,-14.032,-36.127,11.053,0.54657
21.838,-67.646,36.623,-39.136,30.048,-59.414,20.832,-16.493,24.911,-51.05,32.804,-28.786,-14.032,-36.127,11.053,0.54657
21.653,-67.481,36.453,-39.156,29.962,-59.137,20.628,-16.304,24.793,-51.011,32.52,-29.018,-14.061,-35.868,10.893,0.91846
21.653,-67.481,36.453,-39.156,29.962,-59.137,20.628,-16.304,24.793,-51.011,32.52,-29.018,-14.061,-35.868,10.893,0.91846
21.653,-67.481,36.453,-39.156,29.962,-59.137,20.628,-16.304,24.793,-51.011,32.52,-29.018,-14.061,-35.868,10.893,0.91846
21.467,-67.315,36.282,-39.177,29.876,-58.861,20.423,-16.115,24.674,-50.971,32.236,-29.249,-14.091,-35.609,10.734,1.29
21.467,-67.315,36.282,-39.177,29.876,-58.861,20.423,-16.115,24.674,-50.971,32.236,-29.249,-14.091,-35.609,10.734,1.29
21.281,-67.15,36.111,-39.198,29.79,-58.584,20.218,-15.927,24.556,-50.932,31.951,-29.481,-14.121,-35.351,10.576,1.6613
21.094,-66.984,35.94,-39.219,29.704,-58.308,20.013,-15.74,24.437,-50.893,31.666,-29.713,-14.15,-35.093,10.418,2.0322
21.094,-66.984,35.94,-39.219,29.704,-58.308,20.013,-15.74,24.437,-50.893,31.666,-29.713,-14.15,-35.093,10.418,2.0322
20.906,-66.818,35.768,-39.241,29.617,-58.031,19.808,-15.553,24.319,-50.854,31.381,-29.946,-14.179,-34.836,10.261,2.4027
20.906,-66.818,35.768,-39.241,29.617,-58.031,19.808,-15.553,24.319,-50.854,31.381,-29.946,-14.179,-34.836,10.261,2.4027
20.719,-66.652,35.596,-39.264,29.53,-57.754,19.603,-15.367,24.2,-50.816,31.096,-30.178,-14.209,-34.579,10.104,2.7729
20.719,-66.652,35.596,-39.264,29.53,-57.754,19.603,-15.367,24.2,-50.816,31.096,-30.178,-14.209,-34.579,10.104,2.7729
20.53,-66.485,35.424,-39.287,29.443,-57.478,19.398,-15.182,24.081,-50.778,30.81,-30.411,-14.238,-34.322,9.9483,3.1426
20.53,-66.485,35.424,-39.287,29.443,-57.478,19.398,-15.182,24.081,-50.778,30.81,-30.411,-14.238,-34.322,9.9483,3.1426
20.342,-66.319,35.251,-39.31,29.356,-57.201,19.193,-14.998,23.962,-50.74,30.525,-30.644,-14.267,-34.066,9.793,3.5119
20.342,-66.319,35.251,-39.31,29.356,-57.201,19.193,-14.998,23.962,-50.74,30.525,-30.644,-14.267,-34.066,9.793,3.5119
20.152,-66.152,35.077,-39.334,29.268,-56.924,18.988,-14.814,23.843,-50.703,30.239,-30.878,-14.296,-33.81,9.6384,3.8808
19.963,-65.986,34.904,-39.358,29.18,-56.648,18.784,-14.631,23.724,-50.666,29.953,-31.111,-14.325,-33.554,9.4845,4.2492
19.963,-65.986,34.904,-39.358,29.18,-56.648,18.784,-14.631,23.724,-50.666,29.953,-31.111,-14.325,-33.554,9.4845,4.2492
19.773,-65.819,34.73,-39.383,29.091,-56.371,18.579,-14.449,23.605,-50.629,29.666,-31.344,-14.353,-33.299,9.3312,4.6172
19.773,-65.819,34.73,-39.383,29.091,-56.371,18.579,-14.449,23.605,-50.629,29.666,-31.344,-14.353,-33.299,9.3312,4.6172
19.773,-65.819,34.73,-39.383,29.091,-56.371,18.579,-14.449,23.605,-50.629,29.666,-31.344,-14.353,-33.299,9.3312,4.6172
19.582,-65.652,34.556,-39.409,29.002,-56.094,18.374,-14.268,23.486,-50.593,29.38,-31.578,-14.382,-33.045,9.1786,4.9846
19.582,-65.652,34.556,-39.409,29.002,-56.094,18.374,-14.268,23.486,-50.593,29.38,-31.578,-14.382,-33.045,9.1786,4.9846
19.582,-65.652,34.556,-39.409,29.002,-56.094,18.374,-14.268,23.486,-50.593,29.38,-31.578,-14.382,-33.045,9.1786,4.9846
19.391,-65.484,34.381,-39.435,28.913,-55.818,18.169,-14.088,23.367,-50.556,29.094,-31.812,-14.411,-32.791,9.0268,5.3515
19.2,-65.317,34.206,-39.461,28.823,-55.541,17.965,-13.908,23.248,-50.521,28.807,-32.045,-14.439,-32.537,8.8756,5.7178
19.2,-65.317,34.206,-39.461,28.823,-55.541,17.965,-13.908,23.248,-50.521,28.807,-32.045,-14.439,-32.537,8.8756,5.7178
19.008,-65.15,34.031,-39.488,28.733,-55.265,17.76,-13.729,23.129,-50.485,28.52,-32.279,-14.468,-32.284,8.7251,6.0836
19.008,-65.15,34.031,-39.488,28.733,-55.265,17.76,-13.729,23.129,-50.485,28.52,-32.279,-14.468,-32.284,8.7251,6.0836
18.815,-64.982,33.855,-39.515,28.643,-54.988,17.555,-13.551,23.01,-50.45,28.233,-32.512,-14.496,-32.031,8.5753,6.4489
18.815,-64.982,33.855,-39.515,28.643,-54.988,17.555,-13.551,23.01,-50.45,28.233,-32.512,-14.496,-32.031,8.5753,6.4489
18.815,-64.982,33.855,-39.515,28.643,-54.988,17.555,-13.551,23.01,-50.45,28.233,-32.512,-14.496,-32.031,8.5753,6.4489
18.623,-64.814,33.68,-39.543,28.552,-54.712,17.351,-13.374,22.891,-50.415,27.946,-32.746,-14.525,-31.779,8.4262,6.8135
18.623,-64.814,33.68,-39.543,28.552,-54.712,17.351,-13.374,22.891,-50.415,27.946,-32.746,-14.525,-31.779,8.4262,6.8135
18.429,-64.646,33.504,-39.572,28.461,-54.435,17.146,-13.198,22.772,-50.38,27.66,-32.979,-14.553,-31.528,8.2779,7.1775
18.236,-64.479,33.327,-39.6,28.369,-54.159,16.942,-13.022,22.653,-50.346,27.373,-33.212,-14.581,-31.277,8.1302,7.5409
18.042,-64.311,33.151,-39.63,28.277,-53.883,16.738,-12.847,22.535,-50.312,27.085,-33.446,-14.609,-31.027,7.9833,7.9036
18.042,-64.311,33.151,-39.63,28.277,-53.883,16.738,-12.847,22.535,-50.312,27.085,-33.446,-14.609,-31.027,7.9833,7.9036
17.847,-64.142,32.974,-39.659,28.185,-53.607,16.533,-12.673,22.416,-50.278,26.798,-33.678,-14.638,-30.777,7.8371,8.2656
17.847,-64.142,32.974,-39.659,28.185,-53.607,16.533,-12.673,22.416,-50.278,26.798,-33.678,-14.638,-30.777,7.8371,8.2656
17.847,-64.142,32.974,-39.659,28.185,-53.607,16.533,-12.673,22.416,-50.278,26.798,-33.678,-14.638,-30.777,7.8371,8.2656
17.652,-63.974,32.797,-39.69,28.092,-53.331,16.329,-12.5,22.298,-50.245,26.511,-33.911,-14.666,-30.528,7.6917,8.627
17.652,-63.974,32.797,-39.69,28.092,-53.331,16.329,-12.5,22.298,-50.245,26.511,-33.911,-14.666,-30.528,7.6917,8.627
17.652,-63.974,32.797,-39.69,28.092,-53.331,16.329,-12.5,22.298,-50.245,26.511,-33.911,-14.666,-30.528,7.6917,8.627
17.457,-63.806,32.619,-39.72,27.999,-53.055,16.125,-12.328,22.18,-50.211,26.224,-34.144,-14.694,-30.279,7.547,8.9876
17.457,-63.806,32.619,-39.72,27.999,-53.055,16.125,-12.328,22.18,-50.211,26.224,-34.144,-14.694,-30.279,7.547,8.9876
17.261,-63.637,32.442,-39.751,27.905,-52.779,15.921,-12.157,22.062,-50.179,25.937,-34.376,-14.722,-30.031,7.403,9.3475
17.065,-63.469,32.264,-39.783,27.811,-52.503,15.717,-11.986,21.944,-50.146,25.65,-34.607,-14.75,-29.784,7.2598,9.7067
17.065,-63.469,32.264,-39.783,27.811,-52.503,15.717,-11.986,21.944,-50.146,25.65,-34.607,-14.75,-29.784,7.2598,9.7067
16.869,-63.3,32.086,-39.815,27.716,-52.227,15.513,-11.817,21.826,-50.114,25.363,-34.839,-14.779,-29.537,7.1173,10.065
16.869,-63.3,32.086,-39.815,27.716,-52.227,15.513,-11.817,21.826,-50.114,25.363,-34.839,-14.779,-29.537,7.1173,10.065
16.672,-63.132,31.908,-39.847,27.621,-51.952,15.309,-11.648,21.709,-50.082,25.076,-35.07,-14.807,-29.291,6.9756,10.423
16.672,-63.132,31.908,-39.847,27.621,-51.952,15.309,-11.648,21.709,-50.082,25.076,-35.07,-14.807,-29.291,6.9756,10.423
16.474,-62.963,31.73,-39.88,27.525,-51.677,15.105,-11.48,21.591,-50.05,24.789,-35.301,-14.835,-29.046,6.8346,10.779
16.474,-62.963,31.73,-39.88,27.525,-51.677,15.105,-11.48,21.591,-50.05,24.789,-35.301,-14.835,-29.046,6.8346,10.779
16.277,-62.794,31.551,-39.913,27.429,-51.401,14.901,-11.313,21.474,-50.019,24.502,-35.531,-14.863,-28.802,6.6944,11.135
16.078,-62.625,31.373,-39.947,27.332,-51.126,14.698,-11.147,21.358,-49.988,24.215,-35.761,-14.891,-28.558,6.555,11.491
16.078,-62.625,31.373,-39.947,27.332,-51.126,14.698,-11.147,21.358,-49.988,24.215,-35.761,-14.891,-28.558,6.555,11.491
16.078,-62.625,31.373,-39.947,27.332,-51.126,14.698,-11.147,21.358,-49.988,24.215,-35.761,-14.891,-28.558,6.555,11.491
15.88,-62.456,31.194,-39.981,27.235,-50.851,14.494,-10.982,21.241,-49.957,23.928,-35.99,-14.919,-28.315,6.4163,11.845
15.88,-62.456,31.194,-39.981,27.235,-50.851,14.494,-10.982,21.241,-49.957,23.928,-35.99,-14.919,-28.315,6.4163,11.845
15.681,-62.287,31.015,-40.016,27.137,-50.577,14.291,-10.818,21.125,-49.927,23.642,-36.219,-14.948,-28.072,6.2784,12.198
15.681,-62.287,31.015,-40.016,27.137,-50.577,14.291,-10.818,21.125,-49.927,23.642,-36.219,-14.948,-28.072,6.2784,12.198
15.681,-62.287,31.015,-40.016,27.137,-50.577,14.291,-10.818,21.125,-49.927,23.642,-36.219,-14.948,-28.072,6.2784,12.198
15.482,-62.118,30.836,-40.051,27.039,-50.302,14.087,-10.655,21.009,-49.896,23.355,-36.447,-14.976,-27.83,6.1413,12.551
15.282,-61.949,30.657,-40.086,26.94,-50.028,13.884,-10.492,20.894,-49.866,23.069,-36.675,-15.004,-27.59,6.005,12.902
15.082,-61.78,30.478,-40.122,26.841,-49.754,13.681,-10.331,20.779,-49.837,22.783,-36.902,-15.032,-27.349,5.8694,13.253
15.082,-61.78,30.478,-40.122,26.841,-49.754,13.681,-10.331,20.779,-49.837,22.783,-36.902,-15.032,-27.349,5.8694,13.253
15.082,-61.78,30.478,-40.122,26.841,-49.754,13.681,-10.331,20.779,-49.837,22.783,-36.902,-15.032,-27.349,5.8694,13.253
14.881,-61.61,30.299,-40.158,26.741,-49.48,13.478,-10.17,20.664,-49.808,22.496,-37.128,-15.061,-27.11,5.7346,13.602
14.881,-61.61,30.299,-40.158,26.741,-49.48,13.478,-10.17,20.664,-49.808,22.496,-37.128,-15.061,-27.11,5.7346,13.602
14.68,-61.441,30.119,-40.195,26.64,-49.206,13.275,-10.011,20.549,-49.778,22.211,-37.354,-15.089,-26.871,5.6007,13.951
14.68,-61.441,30.119,-40.195,26.64,-49.206,13.275,-10.011,20.549,-49.778,22.211,-37.354,-15.089,-26.871,5.6007,13.951
14.479,-61.272,29.94,-40.232,26.539,-48.932,13.072,-9.8524,20.435,-49.75,21.925,-37.579,-15.117,-26.634,5.4675,14.299
14.278,-61.103,29.76,-40.27,26.437,-48.659,12.869,-9.6948,20.321,-49.721,21.639,-37.803,-15.146,-26.397,5.3351,14.646
14.278,-61.103,29.76,-40.27,26.437,-48.659,12.869,-9.6948,20.321,-49.721,21.639,-37.803,-15.146,-26.397,5.3351,14.646
14.076,-60.933,29.581,-40.307,26.335,-48.386,12.666,-9.5382,20.208,-49.693,21.354,-38.027,-15.174,-26.16,5.2035,14.991
14.076,-60.933,29.581,-40.307,26.335,-48.386,12.666,-9.5382,20.208,-49.693,21.354,-38.027,-15.174,-26.16,5.2035,14.991
13.873,-60.764,29.401,-40.346,26.232,-48.113,12.464,-9.3825,20.095,-49.665,21.069,-38.25,-15.203,-25.925,5.0727,15.336
13.873,-60.764,29.401,-40.346,26.232,-48.113,12.464,-9.3825,20.095,-49.665,21.069,-38.25,-15.203,-25.925,5.0727,15.336
13.873,-60.764,29.401,-40.346,26.232,-48.113,12.464,-9.3825,20.095,-49.665,21.069,-38.25,-15.203,-25.925,5.0727,15.336
13.671,-60.594,29.221,-40.384,26.129,-47.84,12.261,-9.2278,19.983,-49.637,20.784,-38.472,-15.231,-25.691,4.9426,15.679
13.671,-60.594,29.221,-40.384,26.129,-47.84,12.261,-9.2278,19.983,-49.637,20.784,-38.472,-15.231,-25.691,4.9426,15.679
13.468,-60.425,29.042,-40.423,26.025,-47.568,12.059,-9.0741,19.871,-49.61,20.499,-38.693,-15.26,-25.457,4.8134,16.022
13.468,-60.425,29.042,-40.423,26.025,-47.568,12.059,-9.0741,19.871,-49.61,20.499,-38.693,-15.26,-25.457,4.8134,16.022
13.264,-60.256,28.862,-40.463,25.92,-47.295,11.856,-8.9213,19.759,-49.583,20.214,-38.913,-15.289,-25.224,4.685,16.363
13.264,-60.256,28.862,-40.463,25.92,-47.295,11.856,-8.9213,19.759,-49.583,20.214,-38.913,-15.289,-25.224,4.685,16.363
13.264,-60.256,28.862,-40.463,25.92,-47.295,11.856,-8.9213,19.759,-49.583,20.214,-38.913,-15.289,-25.224,4.685,16.363
13.061,-60.086,28.682,-40.502,25.815,-47.023,11.654,-8.7696,19.648,-49.556,19.93,-39.132,-15.318,-24.992,4.5574,16.703
13.061,-60.086,28.682,-40.502,25.815,-47.023,11.654,-8.7696,19.648,-49.556,19.93,-39.132,-15.318,-24.992,4.5574,16.703
13.061,-60.086,28.682,-40.502,25.815,-47.023,11.654,-8.7696,19.648,-49.556,19.93,-39.132,-15.318,-24.992,4.5574,16.703
12.652,-59.747,28.323,-40.583,25.602,-46.48,11.25,-8.4692,19.427,-49.503,19.363,-39.568,-15.376,-24.531,4.3047,17.381
12.652,-59.747,28.323,-40.583,25.602,-46.48,11.25,-8.4692,19.427,-49.503,19.363,-39.568,-15.376,-24.531,4.3047,17.381
12.448,-59.578,28.144,-40.624,25.495,-46.209,11.048,-8.3204,19.318,-49.477,19.079,-39.785,-15.405,-24.302,4.1795,17.717
12.243,-59.409,27.964,-40.665,25.387,-45.938,10.847,-8.1727,19.209,-49.451,18.796,-40.001,-15.434,-24.074,4.0551,18.053
12.243,-59.409,27.964,-40.665,25.387,-45.938,10.847,-8.1727,19.209,-49.451,18.796,-40.001,-15.434,-24.074,4.0551,18.053
12.243,-59.409,27.964,-40.665,25.387,-45.938,10.847,-8.1727,19.209,-49.451,18.796,-40.001,-15.434,-24.074,4.0551,18.053
12.037,-59.239,27.784,-40.707,25.279,-45.668,10.645,-8.0261,19.1,-49.426,18.513,-40.215,-15.464,-23.847,3.9316,18.387
11.832,-59.07,27.605,-40.749,25.169,-45.398,10.444,-7.8804,18.992,-49.401,18.231,-40.429,-15.493,-23.621,3.8089,18.72
11.832,-59.07,27.605,-40.749,25.169,-45.398,10.444,-7.8804,18.992,-49.401,18.231,-40.429,-15.493,-23.621,3.8089,18.72
11.832,-59.07,27.605,-40.749,25.169,-45.398,10.444,-7.8804,18.992,-49.401,18.231,-40.429,-15.493,-23.621,3.8089,18.72
11.626,-58.901,27.426,-40.791,25.059,-45.128,10.242,-7.7358,18.885,-49.376,17.949,-40.641,-15.522,-23.395,3.6869,19.052
11.626,-58.901,27.426,-40.791,25.059,-45.128,10.242,-7.7358,18.885,-49.376,17.949,-40.641,-15.522,-23.395,3.6869,19.052
11.626,-58.901,27.426,-40.791,25.059,-45.128,10.242,-7.7358,18.885,-49.376,17.949,-40.641,-15.522,-23.395,3.6869,19.052
11.419,-58.731,27.246,-40.833,24.949,-44.858,10.041,-7.5923,18.778,-49.351,17.667,-40.852,-15.552,-23.171,3.5658,19.383
11.213,-58.562,27.067,-40.876,24.838,-44.589,9.8402,-7.4497,18.672,-49.326,17.386,-41.062,-15.582,-22.948,3.4455,19.712
11.213,-58.562,27.067,-40.876,24.838,-44.589,9.8402,-7.4497,18.672,-49.326,17.386,-41.062,-15.582,-22.948,3.4455,19.712
11.006,-58.393,26.888,-40.92,24.726,-44.32,9.6392,-7.3083,18.567,-49.302,17.105,-41.271,-15.612,-22.725,3.326,20.04
11.006,-58.393,26.888,-40.92,24.726,-44.32,9.6392,-7.3083,18.567,-49.302,17.105,-41.271,-15.612,-22.725,3.326,20.04
10.799,-58.224,26.709,-40.963,24.613,-44.051,9.4384,-7.1679,18.462,-49.278,16.824,-41.479,-15.642,-22.504,3.2074,20.367
10.799,-58.224,26.709,-40.963,24.613,-44.051,9.4384,-7.1679,18.462,-49.278,16.824,-41.479,-15.642,-22.504,3.2074,20.367
10.592,-58.055,26.53,-41.007,24.499,-43.783,9.2378,-7.0285,18.358,-49.254,16.544,-41.686,-15.672,-22.283,3.0895,20.693
10.592,-58.055,26.53,-41.007,24.499,-43.783,9.2378,-7.0285,18.358,-49.254,16.544,-41.686,-15.672,-22.283,3.0895,20.693
10.592,-58.055,26.53,-41.007,24.499,-43.783,9.2378,-7.0285,18.358,-49.254,16.544,-41.686,-15.672,-22.283,3.0895,20.693
10.384,-57.886,26.351,-41.051,24.385,-43.515,9.0372,-6.8902,18.254,-49.231,16.264,-41.891,-15.702,-22.064,2.9725,21.017
10.384,-57.886,26.351,-41.051,24.385,-43.515,9.0372,-6.8902,18.254,-49.231,16.264,-41.891,-15.702,-22.064,2.9725,21.017
10.384,-57.886,26.351,-41.051,24.385,-43.515,9.0372,-6.8902,18.254,-49.231,16.264,-41.891,-15.702,-22.064,2.9725,21.017
9.9676,-57.548,25.994,-41.141,24.155,-42.981,8.6366,-6.6169,18.049,-49.184,15.706,-42.298,-15.763,-21.629,2.7409,21.661
9.9676,-57.548,25.994,-41.141,24.155,-42.981,8.6366,-6.6169,18.049,-49.184,15.706,-42.298,-15.763,-21.629,2.7409,21.661
9.7591,-57.379,25.816,-41.186,24.039,-42.714,8.4364,-6.4818,17.947,-49.161,15.428,-42.5,-15.794,-21.412,2.6263,21.981
9.7591,-57.379,25.816,-41.186,24.039,-42.714,8.4364,-6.4818,17.947,-49.161,15.428,-42.5,-15.794,-21.412,2.6263,21.981
9.5503,-57.21,25.638,-41.232,23.922,-42.447,8.2364,-6.3479,17.847,-49.139,15.15,-42.7,-15.825,-21.197,2.5126,22.299
9.5503,-57.21,25.638,-41.232,23.922,-42.447,8.2364,-6.3479,17.847,-49.139,15.15,-42.7,-15.825,-21.197,2.5126,22.299
9.5503,-57.21,25.638,-41.232,23.922,-42.447,8.2364,-6.3479,17.847,-49.139,15.15,-42.7,-15.825,-21.197,2.5126,22.299
9.3413,-57.041,25.46,-41.277,23.804,-42.181,8.0366,-6.215,17.747,-49.116,14.872,-42.898,-15.856,-20.983,2.3996,22.616
9.3413,-57.041,25.46,-41.277,23.804,-42.181,8.0366,-6.215,17.747,-49.116,14.872,-42.898,-15.856,-20.983,2.3996,22.616
9.1321,-56.872,25.282,-41.323,23.685,-41.916,7.8369,-6.0832,17.647,-49.094,14.595,-43.096,-15.887,-20.77,2.2875,22.932
9.1321,-56.872,25.282,-41.323,23.685,-41.916,7.8369,-6.0832,17.647,-49.094,14.595,-43.096,-15.887,-20.77,2.2875,22.932
8.7128,-56.535,24.927,-41.416,23.446,-41.386,7.4379,-5.823,17.451,-49.05,14.043,-43.486,-15.95,-20.348,2.0657,23.559
8.7128,-56.535,24.927,-41.416,23.446,-41.386,7.4379,-5.823,17.451,-49.05,14.043,-43.486,-15.95,-20.348,2.0657,23.559
8.7128,-56.535,24.927,-41.416,23.446,-41.386,7.4379,-5.823,17.451,-49.05,14.043,-43.486,-15.95,-20.348,2.0657,23.559
8.5028,-56.367,24.749,-41.463,23.325,-41.121,7.2387,-5.6946,17.354,-49.029,13.767,-43.68,-15.982,-20.138,1.956,23.87
8.5028,-56.367,24.749,-41.463,23.325,-41.121,7.2387,-5.6946,17.354,-49.029,13.767,-43.68,-15.982,-20.138,1.956,23.87
8.2926,-56.198,24.573,-41.511,23.204,-40.858,7.0395,-5.5673,17.258,-49.008,13.492,-43.871,-16.013,-19.929,1.8472,24.18
8.2926,-56.198,24.573,-41.511,23.204,-40.858,7.0395,-5.5673,17.258,-49.008,13.492,-43.871,-16.013,-19.929,1.8472,24.18
8.2926,-56.198,24.573,-41.511,23.204,-40.858,7.0395,-5.5673,17.258,-49.008,13.492,-43.871,-16.013,-19.929,1.8472,24.18
8.0822,-56.03,24.396,-41.558,23.081,-40.594,6.8406,-5.4411,17.163,-48.987,13.218,-44.061,-16.045,-19.722,1.7391,24.488
7.8715,-55.862,24.219,-41.606,22.958,-40.331,6.6418,-5.316,17.068,-48.966,12.944,-44.25,-16.078,-19.516,1.6319,24.794
7.6607,-55.694,24.043,-41.654,22.834,-40.068,6.4431,-5.1921,16.975,-48.945,12.671,-44.437,-16.11,-19.311,1.5255,25.099
7.6607,-55.694,24.043,-41.654,22.834,-40.068,6.4431,-5.1921,16.975,-48.945,12.671,-44.437,-16.11,-19.311,1.5255,25.099
7.6607,-55.694,24.043,-41.654,22.834,-40.068,6.4431,-5.1921,16.975,-48.945,12.671,-44.437,-16.11,-19.311,1.5255,25.099
7.4496,-55.526,23.867,-41.702,22.71,-39.806,6.2446,-5.0693,16.882,-48.924,12.398,-44.623,-16.143,-19.107,1.4199,25.403
7.4496,-55.526,23.867,-41.702,22.71,-39.806,6.2446,-5.0693,16.882,-48.924,12.398,-44.623,-16.143,-19.107,1.4199,25.403
7.4496,-55.526,23.867,-41.702,22.71,-39.806,6.2446,-5.0693,16.882,-48.924,12.398,-44.623,-16.143,-19.107,1.4199,25.403
7.2384,-55.358,23.691,-41.751,22.584,-39.545,6.0462,-4.9476,16.79,-48.904,12.126,-44.807,-16.175,-18.904,1.315,25.705
7.0269,-55.191,23.516,-41.799,22.458,-39.283,5.848,-4.8271,16.699,-48.884,11.855,-44.989,-16.208,-18.702,1.211,26.005
7.0269,-55.191,23.516,-41.799,22.458,-39.283,5.848,-4.8271,16.699,-48.884,11.855,-44.989,-16.208,-18.702,1.211,26.005
6.8153,-55.023,23.341,-41.848,22.331,-39.023,5.65,-4.7077,16.609,-48.864,11.584,-45.17,-16.242,-18.502,1.1079,26.304
6.8153,-55.023,23.341,-41.848,22.331,-39.023,5.65,-4.7077,16.609,-48.864,11.584,-45.17,-16.242,-18.502,1.1079,26.304
6.6035,-54.856,23.166,-41.898,22.203,-38.762,5.4521,-4.5895,16.52,-48.845,11.314,-45.349,-16.275,-18.303,1.0055,26.601
6.6035,-54.856,23.166,-41.898,22.203,-38.762,5.4521,-4.5895,16.52,-48.845,11.314,-45.349,-16.275,-18.303,1.0055,26.601
6.3915,-54.688,22.991,-41.947,22.074,-38.503,5.2544,-4.4725,16.431,-48.825,11.045,-45.526,-16.308,-18.105,0.90389,26.896
6.3915,-54.688,22.991,-41.947,22.074,-38.503,5.2544,-4.4725,16.431,-48.825,11.045,-45.526,-16.308,-18.105,0.90389,26.896
6.1794,-54.521,22.817,-41.997,21.944,-38.243,5.0568,-4.3566,16.344,-48.806,10.776,-45.702,-16.342,-17.908,0.8031,27.19
6.1794,-54.521,22.817,-41.997,21.944,-38.243,5.0568,-4.3566,16.344,-48.806,10.776,-45.702,-16.342,-17.908,0.8031,27.19
5.9671,-54.354,22.643,-42.047,21.814,-37.985,4.8594,-4.2419,16.257,-48.787,10.508,-45.876,-16.376,-17.712,0.70312,27.482
5.9671,-54.354,22.643,-42.047,21.814,-37.985,4.8594,-4.2419,16.257,-48.787,10.508,-45.876,-16.376,-17.712,0.70312,27.482
5.9671,-54.354,22.643,-42.047,21.814,-37.985,4.8594,-4.2419,16.257,-48.787,10.508,-45.876,-16.376,-17.712,0.70312,27.482
5.7546,-54.187,22.469,-42.097,21.683,-37.727,4.6621,-4.1284,16.172,-48.768,10.24,-46.048,-16.41,-17.518,0.60394,27.772
5.7546,-54.187,22.469,-42.097,21.683,-37.727,4.6621,-4.1284,16.172,-48.768,10.24,-46.048,-16.41,-17.518,0.60394,27.772
5.7546,-54.187,22.469,-42.097,21.683,-37.727,4.6621,-4.1284,16.172,-48.768,10.24,-46.048,-16.41,-17.518,0.60394,27.772
5.3292,-53.854,22.123,-42.198,21.418,-37.212,4.2681,-3.9048,16.004,-48.73,9.7075,-46.387,-16.479,-17.133,0.40796,28.347
5.3292,-53.854,22.123,-42.198,21.418,-37.212,4.2681,-3.9048,16.004,-48.73,9.7075,-46.387,-16.479,-17.133,0.40796,28.347
5.1163,-53.687,21.95,-42.249,21.285,-36.955,4.0714,-3.7948,15.921,-48.712,9.4422,-46.554,-16.514,-16.942,0.31116,28.633
5.1163,-53.687,21.95,-42.249,21.285,-36.955,4.0714,-3.7948,15.921,-48.712,9.4422,-46.554,-16.514,-16.942,0.31116,28.633
4.9033,-53.521,21.778,-42.3,21.15,-36.699,3.8748,-3.686,15.84,-48.694,9.1777,-46.719,-16.549,-16.752,0.21515,28.916
4.9033,-53.521,21.778,-42.3,21.15,-36.699,3.8748,-3.686,15.84,-48.694,9.1777,-46.719,-16.549,-16.752,0.21515,28.916
4.6902,-53.355,21.606,-42.351,21.015,-36.443,3.6784,-3.5784,15.759,-48.676,8.914,-46.882,-16.585,-16.564,0.11993,29.197
4.6902,-53.355,21.606,-42.351,21.015,-36.443,3.6784,-3.5784,15.759,-48.676,8.914,-46.882,-16.585,-16.564,0.11993,29.197
4.4769,-53.189,21.435,-42.402,20.879,-36.188,3.4822,-3.472,15.68,-48.658,8.651,-47.044,-16.62,-16.377,0.025499,29.477
4.4769,-53.189,21.435,-42.402,20.879,-36.188,3.4822,-3.472,15.68,-48.658,8.651,-47.044,-16.62,-16.377,0.025499,29.477
4.2636,-53.023,21.264,-42.454,20.742,-35.934,3.2861,-3.3668,15.601,-48.64,8.3888,-47.203,-16.656,-16.192,-0.068151,29.755
4.2636,-53.023,21.264,-42.454,20.742,-35.934,3.2861,-3.3668,15.601,-48.64,8.3888,-47.203,-16.656,-16.192,-0.068151,29.755
4.0501,-52.857,21.093,-42.505,20.604,-35.68,3.0902,-3.2628,15.524,-48.622,8.1274,-47.361,-16.692,-16.007,-0.16102,30.031
4.0501,-52.857,21.093,-42.505,20.604,-35.68,3.0902,-3.2628,15.524,-48.622,8.1274,-47.361,-16.692,-16.007,-0.16102,30.031
3.8365,-52.692,20.923,-42.557,20.465,-35.427,2.8945,-3.16,15.448,-48.605,7.8668,-47.517,-16.728,-15.824,-0.25311,30.306
3.6229,-52.527,20.753,-42.609,20.326,-35.174,2.6989,-3.0584,15.373,-48.587,7.607,-47.671,-16.764,-15.643,-0.34442,30.578
3.6229,-52.527,20.753,-42.609,20.326,-35.174,2.6989,-3.0584,15.373,-48.587,7.607,-47.671,-16.764,-15.643,-0.34442,30.578
3.4092,-52.362,20.583,-42.662,20.185,-34.922,2.5035,-2.9581,15.298,-48.57,7.3481,-47.823,-16.801,-15.462,-0.43496,30.849
3.4092,-52.362,20.583,-42.662,20.185,-34.922,2.5035,-2.9581,15.298,-48.57,7.3481,-47.823,-16.801,-15.462,-0.43496,30.849
3.4092,-52.362,20.583,-42.662,20.185,-34.922,2.5035,-2.9581,15.298,-48.57,7.3481,-47.823,-16.801,-15.462,-0.43496,30.849
3.1953,-52.197,20.414,-42.714,20.044,-34.671,2.3083,-2.8589,15.225,-48.553,7.09,-47.973,-16.838,-15.283,-0.52473,31.118
3.1953,-52.197,20.414,-42.714,20.044,-34.671,2.3083,-2.8589,15.225,-48.553,7.09,-47.973,-16.838,-15.283,-0.52473,31.118
3.1953,-52.197,20.414,-42.714,20.044,-34.671,2.3083,-2.8589,15.225,-48.553,7.09,-47.973,-16.838,-15.283,-0.52473,31.118
2.9815,-52.032,20.246,-42.767,19.902,-34.42,2.1133,-2.761,15.153,-48.536,6.8328,-48.121,-16.875,-15.105,-0.61373,31.385
2.7675,-51.868,20.078,-42.82,19.759,-34.17,1.9185,-2.6643,15.083,-48.52,6.5765,-48.267,-16.913,-14.929,-0.70197,31.65
2.5536,-51.703,19.91,-42.872,19.615,-33.92,1.7238,-2.5689,15.013,-48.503,6.321,-48.411,-16.95,-14.754,-0.78944,31.913
2.5536,-51.703,19.91,-42.872,19.615,-33.92,1.7238,-2.5689,15.013,-48.503,6.321,-48.411,-16.95,-14.754,-0.78944,31.913
2.3395,-51.539,19.743,-42.925,19.471,-33.671,1.5294,-2.4746,14.944,-48.487,6.0665,-48.553,-16.988,-14.58,-0.87615,32.174
2.3395,-51.539,19.743,-42.925,19.471,-33.671,1.5294,-2.4746,14.944,-48.487,6.0665,-48.553,-16.988,-14.58,-0.87615,32.174
2.3395,-51.539,19.743,-42.925,19.471,-33.671,1.5294,-2.4746,14.944,-48.487,6.0665,-48.553,-16.988,-14.58,-0.87615,32.174
2.1255,-51.375,19.576,-42.979,19.325,-33.423,1.3351,-2.3816,14.877,-48.47,5.8128,-48.693,-17.026,-14.407,-0.9621,32.433
2.1255,-51.375,19.576,-42.979,19.325,-33.423,1.3351,-2.3816,14.877,-48.47,5.8128,-48.693,-17.026,-14.407,-0.9621,32.433
2.1255,-51.375,19.576,-42.979,19.325,-33.423,1.3351,-2.3816,14.877,-48.47,5.8128,-48.693,-17.026,-14.407,-0.9621,32.433
1.9114,-51.212,19.41,-43.032,19.179,-33.175,1.141,-2.2899,14.811,-48.454,5.5601,-48.831,-17.065,-14.236,-1.0473,32.69
1.6972,-51.048,19.244,-43.085,19.031,-32.928,0.94709,-2.1994,14.746,-48.438,5.3084,-48.967,-17.103,-14.066,-1.1317,32.946
1.6972,-51.048,19.244,-43.085,19.031,-32.928,0.94709,-2.1994,14.746,-48.438,5.3084,-48.967,-17.103,-14.066,-1.1317,32.946
1.4831,-50.885,19.078,-43.139,18.883,-32.682,0.75337,-2.1101,14.682,-48.422,5.0576,-49.101,-17.142,-13.898,-1.2154,33.199
1.2689,-50.722,18.913,-43.193,18.734,-32.436,0.55984,-2.0221,14.619,-48.406,4.8078,-49.232,-17.182,-13.731,-1.2984,33.45
1.2689,-50.722,18.913,-43.193,18.734,-32.436,0.55984,-2.0221,14.619,-48.406,4.8078,-49.232,-17.182,-13.731,-1.2984,33.45
1.2689,-50.722,18.913,-43.193,18.734,-32.436,0.55984,-2.0221,14.619,-48.406,4.8078,-49.232,-17.182,-13.731,-1.2984,33.45
1.0548,-50.559,18.749,-43.247,18.585,-32.191,0.3665,-1.9353,14.558,-48.391,4.5589,-49.362,-17.221,-13.565,-1.3806,33.7
1.0548,-50.559,18.749,-43.247,18.585,-32.191,0.3665,-1.9353,14.558,-48.391,4.5589,-49.362,-17.221,-13.565,-1.3806,33.7
0.84065,-50.397,18.585,-43.3,18.434,-31.947,0.17336,-1.8498,14.497,-48.375,4.3111,-49.49,-17.261,-13.4,-1.4621,33.947
0.84065,-50.397,18.585,-43.3,18.434,-31.947,0.17336,-1.8498,14.497,-48.375,4.3111,-49.49,-17.261,-13.4,-1.4621,33.947
0.62652,-50.234,18.422,-43.355,18.282,-31.703,-0.019582,-1.7656,14.438,-48.36,4.0642,-49.615,-17.301,-13.237,-1.5428,34.192
0.62652,-50.234,18.422,-43.355,18.282,-31.703,-0.019582,-1.7656,14.438,-48.36,4.0642,-49.615,-17.301,-13.237,-1.5428,34.192
0.62652,-50.234,18.422,-43.355,18.282,-31.703,-0.019582,-1.7656,14.438,-48.36,4.0642,-49.615,-17.301,-13.237,-1.5428,34.192
0.41241,-50.072,18.259,-43.409,18.13,-31.46,-0.21233,-1.6826,14.38,-48.344,3.8184,-49.739,-17.341,-13.076,-1.6228,34.436
0.41241,-50.072,18.259,-43.409,18.13,-31.46,-0.21233,-1.6826,14.38,-48.344,3.8184,-49.739,-17.341,-13.076,-1.6228,34.436
0.41241,-50.072,18.259,-43.409,18.13,-31.46,-0.21233,-1.6826,14.38,-48.344,3.8184,-49.739,-17.341,-13.076,-1.6228,34.436
-0.015711,-49.749,17.935,-43.517,17.823,-30.976,-0.59722,-1.5204,14.268,-48.314,3.3299,-49.979,-17.422,-12.757,-1.7806,34.916
-0.015711,-49.749,17.935,-43.517,17.823,-30.976,-0.59722,-1.5204,14.268,-48.314,3.3299,-49.979,-17.422,-12.757,-1.7806,34.916
-0.22971,-49.588,17.774,-43.572,17.668,-30.736,-0.78937,-1.4412,14.214,-48.299,3.0872,-50.096,-17.463,-12.599,-1.8584,35.153
-0.22971,-49.588,17.774,-43.572,17.668,-30.736,-0.78937,-1.4412,14.214,-48.299,3.0872,-50.096,-17.463,-12.599,-1.8584,35.153
-0.44365,-49.427,17.613,-43.626,17.512,-30.496,-0.98131,-1.3633,14.161,-48.284,2.8456,-50.21,-17.504,-12.443,-1.9355,35.388
-0.65754,-49.266,17.453,-43.681,17.355,-30.256,-1.173,-1.2867,14.11,-48.269,2.6051,-50.323,-17.546,-12.289,-2.0119,35.621
-0.65754,-49.266,17.453,-43.681,17.355,-30.256,-1.173,-1.2867,14.11,-48.269,2.6051,-50.323,-17.546,-12.289,-2.0119,35.621
-0.65754,-49.266,17.453,-43.681,17.355,-30.256,-1.173,-1.2867,14.11,-48.269,2.6051,-50.323,-17.546,-12.289,-2.0119,35.621
-0.87135,-49.105,17.293,-43.735,17.198,-30.018,-1.3646,-1.2113,14.06,-48.254,2.3657,-50.433,-17.588,-12.135,-2.0876,35.852
-0.87135,-49.105,17.293,-43.735,17.198,-30.018,-1.3646,-1.2113,14.06,-48.254,2.3657,-50.433,-17.588,-12.135,-2.0876,35.852
-0.87135,-49.105,17.293,-43.735,17.198,-30.018,-1.3646,-1.2113,14.06,-48.254,2.3657,-50.433,-17.588,-12.135,-2.0876,35.852
-1.0851,-48.945,17.134,-43.79,17.039,-29.78,-1.5559,-1.1372,14.011,-48.239,2.1274,-50.541,-17.63,-11.984,-2.1625,36.081
-1.0851,-48.945,17.134,-43.79,17.039,-29.78,-1.5559,-1.1372,14.011,-48.239,2.1274,-50.541,-17.63,-11.984,-2.1625,36.081
-1.2987,-48.785,16.976,-43.845,16.88,-29.543,-1.747,-1.0644,13.963,-48.225,1.8903,-50.647,-17.672,-11.833,-2.2367,36.308
-1.2987,-48.785,16.976,-43.845,16.88,-29.543,-1.747,-1.0644,13.963,-48.225,1.8903,-50.647,-17.672,-11.833,-2.2367,36.308
-1.5123,-48.625,16.818,-43.9,16.72,-29.306,-1.9379,-0.99287,13.917,-48.21,1.6542,-50.751,-17.715,-11.684,-2.3103,36.532
-1.5123,-48.625,16.818,-43.9,16.72,-29.306,-1.9379,-0.99287,13.917,-48.21,1.6542,-50.751,-17.715,-11.684,-2.3103,36.532
-1.9391,-48.307,16.504,-44.01,16.398,-28.836,-2.319,-0.85368,13.828,-48.181,1.1857,-50.951,-17.801,-11.391,-2.4553,36.975
-1.9391,-48.307,16.504,-44.01,16.398,-28.836,-2.319,-0.85368,13.828,-48.181,1.1857,-50.951,-17.801,-11.391,-2.4553,36.975
-1.9391,-48.307,16.504,-44.01,16.398,-28.836,-2.319,-0.85368,13.828,-48.181,1.1857,-50.951,-17.801,-11.391,-2.4553,36.975
-2.1523,-48.148,16.348,-44.065,16.235,-28.602,-2.5092,-0.78601,13.785,-48.167,0.95317,-51.048,-17.844,-11.246,-2.5267,37.193
-2.1523,-48.148,16.348,-44.065,16.235,-28.602,-2.5092,-0.78601,13.785,-48.167,0.95317,-51.048,-17.844,-11.246,-2.5267,37.193
-2.3655,-47.989,16.193,-44.12,16.072,-28.368,-2.6992,-0.71963,13.744,-48.153,0.72186,-51.143,-17.888,-11.103,-2.5975,37.408
-2.3655,-47.989,16.193,-44.12,16.072,-28.368,-2.6992,-0.71963,13.744,-48.153,0.72186,-51.143,-17.888,-11.103,-2.5975,37.408
-2.3655,-47.989,16.193,-44.12,16.072,-28.368,-2.6992,-0.71963,13.744,-48.153,0.72186,-51.143,-17.888,-11.103,-2.5975,37.408
-2.5784,-47.831,16.038,-44.175,15.907,-28.136,-2.889,-0.65455,13.705,-48.138,0.49175,-51.235,-17.932,-10.961,-2.6675,37.622
-2.5784,-47.831,16.038,-44.175,15.907,-28.136,-2.889,-0.65455,13.705,-48.138,0.49175,-51.235,-17.932,-10.961,-2.6675,37.622
-3.0039,-47.515,15.73,-44.285,15.576,-27.673,-3.2679,-0.52827,13.629,-48.11,0.03522,-51.413,-18.02,-10.682,-2.8056,38.043
-3.0039,-47.515,15.73,-44.285,15.576,-27.673,-3.2679,-0.52827,13.629,-48.11,0.03522,-51.413,-18.02,-10.682,-2.8056,38.043
-3.0039,-47.515,15.73,-44.285,15.576,-27.673,-3.2679,-0.52827,13.629,-48.11,0.03522,-51.413,-18.02,-10.682,-2.8056,38.043
-3.2164,-47.358,15.577,-44.34,15.409,-27.443,-3.457,-0.46707,13.594,-48.096,-0.19118,-51.499,-18.065,-10.544,-2.8736,38.25
-3.2164,-47.358,15.577,-44.34,15.409,-27.443,-3.457,-0.46707,13.594,-48.096,-0.19118,-51.499,-18.065,-10.544,-2.8736,38.25
-3.2164,-47.358,15.577,-44.34,15.409,-27.443,-3.457,-0.46707,13.594,-48.096,-0.19118,-51.499,-18.065,-10.544,-2.8736,38.25
-3.4288,-47.201,15.425,-44.396,15.242,-27.214,-3.6458,-0.40717,13.559,-48.082,-0.41632,-51.582,-18.11,-10.408,-2.941,38.455
-3.4288,-47.201,15.425,-44.396,15.242,-27.214,-3.6458,-0.40717,13.559,-48.082,-0.41632,-51.582,-18.11,-10.408,-2.941,38.455
-3.4288,-47.201,15.425,-44.396,15.242,-27.214,-3.6458,-0.40717,13.559,-48.082,-0.41632,-51.582,-18.11,-10.408,-2.941,38.455
-3.8529,-46.888,15.122,-44.506,14.904,-26.758,-4.0228,-0.29128,13.495,-48.054,-0.86275,-51.742,-18.201,-10.14,-3.0736,38.858
-3.8529,-46.888,15.122,-44.506,14.904,-26.758,-4.0228,-0.29128,13.495,-48.054,-0.86275,-51.742,-18.201,-10.14,-3.0736,38.858
-4.0647,-46.731,14.972,-44.561,14.734,-26.531,-4.2109,-0.23528,13.465,-48.04,-1.084,-51.818,-18.247,-10.009,-3.139,39.056
-4.0647,-46.731,14.972,-44.561,14.734,-26.531,-4.2109,-0.23528,13.465,-48.04,-1.084,-51.818,-18.247,-10.009,-3.139,39.056
-4.2763,-46.576,14.822,-44.616,14.563,-26.305,-4.3988,-0.18059,13.436,-48.027,-1.304,-51.892,-18.293,-9.8784,-3.2036,39.252
-4.2763,-46.576,14.822,-44.616,14.563,-26.305,-4.3988,-0.18059,13.436,-48.027,-1.304,-51.892,-18.293,-9.8784,-3.2036,39.252
-4.4877,-46.42,14.673,-44.672,14.391,-26.08,-4.5864,-0.12721,13.409,-48.013,-1.5226,-51.964,-18.339,-9.7496,-3.2677,39.445
-4.4877,-46.42,14.673,-44.672,14.391,-26.08,-4.5864,-0.12721,13.409,-48.013,-1.5226,-51.964,-18.339,-9.7496,-3.2677,39.445
-4.6989,-46.265,14.524,-44.727,14.219,-25.856,-4.7738,-0.075126,13.383,-47.999,-1.7399,-52.033,-18.386,-9.6223,-3.331,39.637
-4.6989,-46.265,14.524,-44.727,14.219,-25.856,-4.7738,-0.075126,13.383,-47.999,-1.7399,-52.033,-18.386,-9.6223,-3.331,39.637
-4.9098,-46.11,14.377,-44.782,14.046,-25.633,-4.9609,-0.024354,13.359,-47.985,-1.9558,-52.1,-18.432,-9.4965,-3.3937,39.826
-4.9098,-46.11,14.377,-44.782,14.046,-25.633,-4.9609,-0.024354,13.359,-47.985,-1.9558,-52.1,-18.432,-9.4965,-3.3937,39.826
-5.1205,-45.955,14.23,-44.837,13.872,-25.41,-5.1478,0.025111,13.336,-47.972,-2.1704,-52.165,-18.479,-9.3721,-3.4558,40.012
-5.1205,-45.955,14.23,-44.837,13.872,-25.41,-5.1478,0.025111,13.336,-47.972,-2.1704,-52.165,-18.479,-9.3721,-3.4558,40.012
-5.3309,-45.801,14.083,-44.892,13.697,-25.189,-5.3344,0.073267,13.314,-47.958,-2.3836,-52.227,-18.527,-9.2493,-3.5172,40.197
-5.3309,-45.801,14.083,-44.892,13.697,-25.189,-5.3344,0.073267,13.314,-47.958,-2.3836,-52.227,-18.527,-9.2493,-3.5172,40.197
-5.5411,-45.647,13.938,-44.947,13.521,-24.968,-5.5208,0.12011,13.294,-47.944,-2.5954,-52.287,-18.574,-9.1279,-3.578,40.379
-5.5411,-45.647,13.938,-44.947,13.521,-24.968,-5.5208,0.12011,13.294,-47.944,-2.5954,-52.287,-18.574,-9.1279,-3.578,40.379
-5.751,-45.494,13.793,-45.003,13.345,-24.748,-5.7068,0.16565,13.275,-47.93,-2.8058,-52.345,-18.622,-9.0079,-3.6381,40.559
-5.751,-45.494,13.793,-45.003,13.345,-24.748,-5.7068,0.16565,13.275,-47.93,-2.8058,-52.345,-18.622,-9.0079,-3.6381,40.559
-5.9606,-45.341,13.648,-45.058,13.167,-24.53,-5.8927,0.20988,13.258,-47.917,-3.0148,-52.4,-18.67,-8.8894,-3.6976,40.736
-5.9606,-45.341,13.648,-45.058,13.167,-24.53,-5.8927,0.20988,13.258,-47.917,-3.0148,-52.4,-18.67,-8.8894,-3.6976,40.736
-6.17,-45.188,13.505,-45.113,12.989,-24.312,-6.0782,0.25279,13.242,-47.903,-3.2223,-52.453,-18.719,-8.7725,-3.7564,40.911
-6.17,-45.188,13.505,-45.113,12.989,-24.312,-6.0782,0.25279,13.242,-47.903,-3.2223,-52.453,-18.719,-8.7725,-3.7564,40.911
-6.17,-45.188,13.505,-45.113,12.989,-24.312,-6.0782,0.25279,13.242,-47.903,-3.2223,-52.453,-18.719,-8.7725,-3.7564,40.911
-6.379,-45.035,13.362,-45.168,12.811,-24.095,-6.2634,0.2944,13.228,-47.889,-3.4284,-52.503,-18.767,-8.6569,-3.8146,41.084
-6.5878,-44.883,13.22,-45.222,12.631,-23.878,-6.4484,0.33469,13.215,-47.876,-3.633,-52.551,-18.816,-8.5429,-3.8722,41.255
-6.5878,-44.883,13.22,-45.222,12.631,-23.878,-6.4484,0.33469,13.215,-47.876,-3.633,-52.551,-18.816,-8.5429,-3.8722,41.255
-6.5878,-44.883,13.22,-45.222,12.631,-23.878,-6.4484,0.33469,13.215,-47.876,-3.633,-52.551,-18.816,-8.5429,-3.8722,41.255
-6.7962,-44.731,13.078,-45.277,12.451,-23.663,-6.6331,0.37367,13.204,-47.862,-3.8362,-52.597,-18.865,-8.4304,-3.9292,41.423
-6.7962,-44.731,13.078,-45.277,12.451,-23.663,-6.6331,0.37367,13.204,-47.862,-3.8362,-52.597,-18.865,-8.4304,-3.9292,41.423
-7.2121,-44.429,12.797,-45.387,12.088,-23.235,-7.0016,0.4477,13.185,-47.835,-4.2381,-52.682,-18.964,-8.2097,-4.0412,41.752
-7.2121,-44.429,12.797,-45.387,12.088,-23.235,-7.0016,0.4477,13.185,-47.835,-4.2381,-52.682,-18.964,-8.2097,-4.0412,41.752
-7.4196,-44.278,12.658,-45.441,11.906,-23.023,-7.1854,0.48275,13.178,-47.821,-4.4368,-52.72,-19.014,-8.1016,-4.0963,41.913
-7.4196,-44.278,12.658,-45.441,11.906,-23.023,-7.1854,0.48275,13.178,-47.821,-4.4368,-52.72,-19.014,-8.1016,-4.0963,41.913
-7.4196,-44.278,12.658,-45.441,11.906,-23.023,-7.1854,0.48275,13.178,-47.821,-4.4368,-52.72,-19.014,-8.1016,-4.0963,41.913
-7.6267,-44.128,12.52,-45.496,11.722,-22.812,-7.3689,0.51648,13.173,-47.807,-4.634,-52.756,-19.064,-7.9949,-4.1508,42.072
-7.6267,-44.128,12.52,-45.496,11.722,-22.812,-7.3689,0.51648,13.173,-47.807,-4.634,-52.756,-19.064,-7.9949,-4.1508,42.072
-7.6267,-44.128,12.52,-45.496,11.722,-22.812,-7.3689,0.51648,13.173,-47.807,-4.634,-52.756,-19.064,-7.9949,-4.1508,42.072
-7.8334,-43.977,12.382,-45.55,11.539,-22.601,-7.5521,0.54891,13.169,-47.793,-4.8296,-52.79,-19.114,-7.8898,-4.2047,42.228
-8.0398,-43.828,12.245,-45.605,11.354,-22.391,-7.735,0.58002,13.166,-47.779,-5.0237,-52.822,-19.164,-7.7861,-4.2579,42.382
-8.2458,-43.679,12.109,-45.659,11.169,-22.183,-7.9176,0.60982,13.165,-47.766,-5.2162,-52.851,-19.215,-7.6839,-4.3106,42.534
-8.2458,-43.679,12.109,-45.659,11.169,-22.183,-7.9176,0.60982,13.165,-47.766,-5.2162,-52.851,-19.215,-7.6839,-4.3106,42.534
-8.2458,-43.679,12.109,-45.659,11.169,-22.183,-7.9176,0.60982,13.165,-47.766,-5.2162,-52.851,-19.215,-7.6839,-4.3106,42.534
-8.4514,-43.53,11.973,-45.713,10.982,-21.975,-8.0999,0.63832,13.166,-47.752,-5.4072,-52.878,-19.266,-7.5832,-4.3626,42.683
-8.4514,-43.53,11.973,-45.713,10.982,-21.975,-8.0999,0.63832,13.166,-47.752,-5.4072,-52.878,-19.266,-7.5832,-4.3626,42.683
-8.6566,-43.381,11.838,-45.767,10.796,-21.768,-8.2818,0.6655,13.168,-47.738,-5.5965,-52.902,-19.317,-7.484,-4.4141,42.83
-8.6566,-43.381,11.838,-45.767,10.796,-21.768,-8.2818,0.6655,13.168,-47.738,-5.5965,-52.902,-19.317,-7.484,-4.4141,42.83
-8.8614,-43.233,11.704,-45.821,10.608,-21.563,-8.4635,0.69137,13.171,-47.724,-5.7843,-52.924,-19.368,-7.3863,-4.4649,42.974
-8.8614,-43.233,11.704,-45.821,10.608,-21.563,-8.4635,0.69137,13.171,-47.724,-5.7843,-52.924,-19.368,-7.3863,-4.4649,42.974
-9.0658,-43.085,11.571,-45.875,10.42,-21.358,-8.6447,0.71594,13.176,-47.71,-5.9705,-52.944,-19.42,-7.29,-4.5152,43.116
-9.0658,-43.085,11.571,-45.875,10.42,-21.358,-8.6447,0.71594,13.176,-47.71,-5.9705,-52.944,-19.42,-7.29,-4.5152,43.116
-9.0658,-43.085,11.571,-45.875,10.42,-21.358,-8.6447,0.71594,13.176,-47.71,-5.9705,-52.944,-19.42,-7.29,-4.5152,43.116
-9.2698,-42.938,11.439,-45.929,10.231,-21.154,-8.8257,0.7392,13.183,-47.696,-6.1551,-52.961,-19.471,-7.1953,-4.5648,43.256
-9.2698,-42.938,11.439,-45.929,10.231,-21.154,-8.8257,0.7392,13.183,-47.696,-6.1551,-52.961,-19.471,-7.1953,-4.5648,43.256
-9.2698,-42.938,11.439,-45.929,10.231,-21.154,-8.8257,0.7392,13.183,-47.696,-6.1551,-52.961,-19.471,-7.1953,-4.5648,43.256
-9.6763,-42.644,11.176,-46.036,9.8518,-20.75,-9.1866,0.78181,13.2,-47.667,-6.5193,-52.989,-19.575,-7.0102,-4.6623,43.528
-9.6763,-42.644,11.176,-46.036,9.8518,-20.75,-9.1866,0.78181,13.2,-47.667,-6.5193,-52.989,-19.575,-7.0102,-4.6623,43.528
-9.879,-42.498,11.046,-46.09,9.661,-20.549,-9.3665,0.80116,13.211,-47.653,-6.6989,-52.999,-19.628,-6.9199,-4.7101,43.66
-9.879,-42.498,11.046,-46.09,9.661,-20.549,-9.3665,0.80116,13.211,-47.653,-6.6989,-52.999,-19.628,-6.9199,-4.7101,43.66
-10.081,-42.352,10.917,-46.143,9.4696,-20.35,-9.5461,0.81921,13.224,-47.638,-6.8769,-53.006,-19.68,-6.831,-4.7574,43.79
-10.081,-42.352,10.917,-46.143,9.4696,-20.35,-9.5461,0.81921,13.224,-47.638,-6.8769,-53.006,-19.68,-6.831,-4.7574,43.79
-10.283,-42.207,10.788,-46.196,9.2776,-20.151,-9.7253,0.83596,13.238,-47.624,-7.0532,-53.012,-19.733,-6.7436,-4.8041,43.917
-10.283,-42.207,10.788,-46.196,9.2776,-20.151,-9.7253,0.83596,13.238,-47.624,-7.0532,-53.012,-19.733,-6.7436,-4.8041,43.917
-10.484,-42.062,10.661,-46.249,9.085,-19.953,-9.9042,0.8514,13.253,-47.609,-7.2278,-53.015,-19.786,-6.6577,-4.8502,44.042
-10.484,-42.062,10.661,-46.249,9.085,-19.953,-9.9042,0.8514,13.253,-47.609,-7.2278,-53.015,-19.786,-6.6577,-4.8502,44.042
-10.685,-41.917,10.534,-46.302,8.8917,-19.757,-10.083,0.86555,13.271,-47.595,-7.4006,-53.016,-19.839,-6.5733,-4.8957,44.165
-10.685,-41.917,10.534,-46.302,8.8917,-19.757,-10.083,0.86555,13.271,-47.595,-7.4006,-53.016,-19.839,-6.5733,-4.8957,44.165
-10.885,-41.773,10.408,-46.354,8.6978,-19.561,-10.261,0.87841,13.289,-47.58,-7.5718,-53.014,-19.892,-6.4904,-4.9406,44.285
-10.885,-41.773,10.408,-46.354,8.6978,-19.561,-10.261,0.87841,13.289,-47.58,-7.5718,-53.014,-19.892,-6.4904,-4.9406,44.285
-11.084,-41.629,10.282,-46.407,8.5034,-19.367,-10.439,0.88997,13.309,-47.565,-7.7413,-53.01,-19.945,-6.4089,-4.985,44.403
-11.284,-41.485,10.158,-46.459,8.3083,-19.173,-10.616,0.90024,13.331,-47.55,-7.909,-53.003,-19.999,-6.3289,-5.0287,44.518
-11.284,-41.485,10.158,-46.459,8.3083,-19.173,-10.616,0.90024,13.331,-47.55,-7.909,-53.003,-19.999,-6.3289,-5.0287,44.518
-11.284,-41.485,10.158,-46.459,8.3083,-19.173,-10.616,0.90024,13.331,-47.55,-7.909,-53.003,-19.999,-6.3289,-5.0287,44.518
-11.482,-41.342,10.034,-46.512,8.1127,-18.981,-10.793,0.90922,13.354,-47.535,-8.075,-52.995,-20.053,-6.2504,-5.0719,44.631
-11.482,-41.342,10.034,-46.512,8.1127,-18.981,-10.793,0.90922,13.354,-47.535,-8.075,-52.995,-20.053,-6.2504,-5.0719,44.631
-11.68,-41.2,9.9114,-46.563,7.9165,-18.789,-10.969,0.91691,13.379,-47.52,-8.2392,-52.983,-20.106,-6.1734,-5.1145,44.741
-11.68,-41.2,9.9114,-46.563,7.9165,-18.789,-10.969,0.91691,13.379,-47.52,-8.2392,-52.983,-20.106,-6.1734,-5.1145,44.741
-11.68,-41.2,9.9114,-46.563,7.9165,-18.789,-10.969,0.91691,13.379,-47.52,-8.2392,-52.983,-20.106,-6.1734,-5.1145,44.741
-11.878,-41.057,9.7894,-46.615,7.7197,-18.599,-11.146,0.92332,13.405,-47.505,-8.4016,-52.97,-20.16,-6.0978,-5.1566,44.849
-12.075,-40.915,9.6682,-46.667,7.5224,-18.41,-11.321,0.92844,13.433,-47.489,-8.5623,-52.954,-20.215,-6.0236,-5.198,44.955
-12.271,-40.774,9.5479,-46.718,7.3246,-18.221,-11.497,0.93229,13.463,-47.474,-8.7212,-52.936,-20.269,-5.951,-5.2389,45.058
-12.271,-40.774,9.5479,-46.718,7.3246,-18.221,-11.497,0.93229,13.463,-47.474,-8.7212,-52.936,-20.269,-5.951,-5.2389,45.058
-12.271,-40.774,9.5479,-46.718,7.3246,-18.221,-11.497,0.93229,13.463,-47.474,-8.7212,-52.936,-20.269,-5.951,-5.2389,45.058
-12.467,-40.633,9.4284,-46.77,7.1262,-18.034,-11.672,0.93485,13.493,-47.458,-8.8782,-52.916,-20.323,-5.8798,-5.2792,45.158
-12.467,-40.633,9.4284,-46.77,7.1262,-18.034,-11.672,0.93485,13.493,-47.458,-8.8782,-52.916,-20.323,-5.8798,-5.2792,45.158
-12.662,-40.492,9.3098,-46.821,6.9274,-17.848,-11.846,0.93614,13.526,-47.442,-9.0335,-52.893,-20.378,-5.8101,-5.3189,45.256
-12.662,-40.492,9.3098,-46.821,6.9274,-17.848,-11.846,0.93614,13.526,-47.442,-9.0335,-52.893,-20.378,-5.8101,-5.3189,45.256
-12.662,-40.492,9.3098,-46.821,6.9274,-17.848,-11.846,0.93614,13.526,-47.442,-9.0335,-52.893,-20.378,-5.8101,-5.3189,45.256
-12.857,-40.352,9.1919,-46.872,6.728,-17.663,-12.02,0.93616,13.56,-47.426,-9.1869,-52.867,-20.433,-5.7418,-5.3581,45.352
-12.857,-40.352,9.1919,-46.872,6.728,-17.663,-12.02,0.93616,13.56,-47.426,-9.1869,-52.867,-20.433,-5.7418,-5.3581,45.352
-13.05,-40.212,9.075,-46.922,6.5281,-17.479,-12.194,0.93491,13.595,-47.41,-9.3385,-52.84,-20.487,-5.6749,-5.3967,45.445
-13.244,-40.073,8.9589,-46.973,6.3277,-17.297,-12.367,0.93239,13.632,-47.394,-9.4883,-52.81,-20.542,-5.6096,-5.4347,45.536
-13.436,-39.934,8.8436,-47.023,6.1269,-17.115,-12.54,0.92861,13.671,-47.377,-9.6361,-52.778,-20.597,-5.5456,-5.4722,45.624
-13.436,-39.934,8.8436,-47.023,6.1269,-17.115,-12.54,0.92861,13.671,-47.377,-9.6361,-52.778,-20.597,-5.5456,-5.4722,45.624
-13.436,-39.934,8.8436,-47.023,6.1269,-17.115,-12.54,0.92861,13.671,-47.377,-9.6361,-52.778,-20.597,-5.5456,-5.4722,45.624
-13.629,-39.795,8.7292,-47.073,5.9255,-16.934,-12.712,0.92356,13.711,-47.361,-9.7822,-52.744,-20.653,-5.4832,-5.509,45.71
-13.629,-39.795,8.7292,-47.073,5.9255,-16.934,-12.712,0.92356,13.711,-47.361,-9.7822,-52.744,-20.653,-5.4832,-5.509,45.71
-13.629,-39.795,8.7292,-47.073,5.9255,-16.934,-12.712,0.92356,13.711,-47.361,-9.7822,-52.744,-20.653,-5.4832,-5.509,45.71
-13.82,-39.657,8.6157,-47.122,5.7238,-16.755,-12.884,0.91726,13.753,-47.344,-9.9263,-52.707,-20.708,-5.4221,-5.5454,45.793
-14.011,-39.519,8.503,-47.172,5.5216,-16.577,-13.055,0.90971,13.796,-47.327,-10.069,-52.668,-20.763,-5.3625,-5.5811,45.874
-14.011,-39.519,8.503,-47.172,5.5216,-16.577,-13.055,0.90971,13.796,-47.327,-10.069,-52.668,-20.763,-5.3625,-5.5811,45.874
-14.201,-39.382,8.3912,-47.221,5.3189,-16.399,-13.226,0.9009,13.841,-47.31,-10.209,-52.626,-20.819,-5.3044,-5.6163,45.952
-14.201,-39.382,8.3912,-47.221,5.3189,-16.399,-13.226,0.9009,13.841,-47.31,-10.209,-52.626,-20.819,-5.3044,-5.6163,45.952
-14.39,-39.245,8.2803,-47.27,5.1159,-16.223,-13.397,0.89085,13.887,-47.292,-10.347,-52.583,-20.874,-5.2477,-5.6509,46.028
-14.39,-39.245,8.2803,-47.27,5.1159,-16.223,-13.397,0.89085,13.887,-47.292,-10.347,-52.583,-20.874,-5.2477,-5.6509,46.028
-14.579,-39.108,8.1703,-47.319,4.9124,-16.048,-13.567,0.87955,13.935,-47.275,-10.484,-52.537,-20.93,-5.1924,-5.6849,46.101
-14.579,-39.108,8.1703,-47.319,4.9124,-16.048,-13.567,0.87955,13.935,-47.275,-10.484,-52.537,-20.93,-5.1924,-5.6849,46.101
-14.579,-39.108,8.1703,-47.319,4.9124,-16.048,-13.567,0.87955,13.935,-47.275,-10.484,-52.537,-20.93,-5.1924,-5.6849,46.101
-14.766,-38.972,8.0611,-47.367,4.7085,-15.874,-13.736,0.86702,13.984,-47.257,-10.619,-52.489,-20.985,-5.1385,-5.7184,46.172
-14.766,-38.972,8.0611,-47.367,4.7085,-15.874,-13.736,0.86702,13.984,-47.257,-10.619,-52.489,-20.985,-5.1385,-5.7184,46.172
-14.766,-38.972,8.0611,-47.367,4.7085,-15.874,-13.736,0.86702,13.984,-47.257,-10.619,-52.489,-20.985,-5.1385,-5.7184,46.172
-14.766,-38.972,8.0611,-47.367,4.7085,-15.874,-13.736,0.86702,13.984,-47.257,-10.619,-52.489,-20.985,-5.1385,-5.7184,46.172
-15.14,-38.701,7.8454,-47.464,4.2996,-15.53,-14.074,0.83824,14.087,-47.221,-10.882,-52.386,-21.097,-5.0351,-5.7836,46.307
-15.14,-38.701,7.8454,-47.464,4.2996,-15.53,-14.074,0.83824,14.087,-47.221,-10.882,-52.386,-21.097,-5.0351,-5.7836,46.307
-15.14,-38.701,7.8454,-47.464,4.2996,-15.53,-14.074,0.83824,14.087,-47.221,-10.882,-52.386,-21.097,-5.0351,-5.7836,46.307
-15.511,-38.432,7.6333,-47.559,3.8893,-15.19,-14.409,0.80456,14.196,-47.184,-11.138,-52.273,-21.208,-4.9373,-5.8465,46.432
-15.511,-38.432,7.6333,-47.559,3.8893,-15.19,-14.409,0.80456,14.196,-47.184,-11.138,-52.273,-21.208,-4.9373,-5.8465,46.432
-15.695,-38.298,7.5286,-47.606,3.6836,-15.021,-14.576,0.78589,14.253,-47.165,-11.262,-52.214,-21.264,-4.8906,-5.8772,46.491
-15.695,-38.298,7.5286,-47.606,3.6836,-15.021,-14.576,0.78589,14.253,-47.165,-11.262,-52.214,-21.264,-4.8906,-5.8772,46.491
-15.878,-38.164,7.4248,-47.653,3.4776,-14.854,-14.742,0.76601,14.311,-47.146,-11.385,-52.152,-21.32,-4.8452,-5.9072,46.547
-16.061,-38.031,7.3218,-47.699,3.2712,-14.688,-14.908,0.74492,14.371,-47.127,-11.506,-52.088,-21.376,-4.8013,-5.9367,46.601
-16.061,-38.031,7.3218,-47.699,3.2712,-14.688,-14.908,0.74492,14.371,-47.127,-11.506,-52.088,-21.376,-4.8013,-5.9367,46.601
-16.061,-38.031,7.3218,-47.699,3.2712,-14.688,-14.908,0.74492,14.371,-47.127,-11.506,-52.088,-21.376,-4.8013,-5.9367,46.601
-16.061,-38.031,7.3218,-47.699,3.2712,-14.688,-14.908,0.74492,14.371,-47.127,-11.506,-52.088,-21.376,-4.8013,-5.9367,46.601
-16.243,-37.898,7.2198,-47.745,3.0646,-14.524,-15.073,0.72262,14.433,-47.107,-11.625,-52.022,-21.432,-4.7587,-5.9656,46.652
-16.243,-37.898,7.2198,-47.745,3.0646,-14.524,-15.073,0.72262,14.433,-47.107,-11.625,-52.022,-21.432,-4.7587,-5.9656,46.652
-16.424,-37.766,7.1187,-47.791,2.8577,-14.36,-15.238,0.69912,14.496,-47.087,-11.742,-51.953,-21.488,-4.7175,-5.9939,46.701
-16.424,-37.766,7.1187,-47.791,2.8577,-14.36,-15.238,0.69912,14.496,-47.087,-11.742,-51.953,-21.488,-4.7175,-5.9939,46.701
-16.604,-37.634,7.0185,-47.837,2.6505,-14.197,-15.402,0.67443,14.56,-47.067,-11.857,-51.883,-21.544,-4.6778,-6.0216,46.747
-16.604,-37.634,7.0185,-47.837,2.6505,-14.197,-15.402,0.67443,14.56,-47.067,-11.857,-51.883,-21.544,-4.6778,-6.0216,46.747
-16.784,-37.502,6.9192,-47.882,2.4431,-14.036,-15.566,0.64855,14.626,-47.047,-11.97,-51.81,-21.6,-4.6394,-6.0488,46.791
-16.784,-37.502,6.9192,-47.882,2.4431,-14.036,-15.566,0.64855,14.626,-47.047,-11.97,-51.81,-21.6,-4.6394,-6.0488,46.791
-17.14,-37.24,6.7234,-47.972,2.0274,-13.717,-15.891,0.59324,14.762,-47.005,-12.189,-51.658,-21.712,-4.5668,-6.1014,46.872
-17.14,-37.24,6.7234,-47.972,2.0274,-13.717,-15.891,0.59324,14.762,-47.005,-12.189,-51.658,-21.712,-4.5668,-6.1014,46.872
-17.14,-37.24,6.7234,-47.972,2.0274,-13.717,-15.891,0.59324,14.762,-47.005,-12.189,-51.658,-21.712,-4.5668,-6.1014,46.872
-17.14,-37.24,6.7234,-47.972,2.0274,-13.717,-15.891,0.59324,14.762,-47.005,-12.189,-51.658,-21.712,-4.5668,-6.1014,46.872
-17.317,-37.11,6.6269,-48.016,1.8193,-13.559,-16.053,0.56382,14.833,-46.984,-12.296,-51.578,-21.767,-4.5325,-6.1269,46.909
-17.317,-37.11,6.6269,-48.016,1.8193,-13.559,-16.053,0.56382,14.833,-46.984,-12.296,-51.578,-21.767,-4.5325,-6.1269,46.909
-17.493,-36.98,6.5313,-48.06,1.6109,-13.402,-16.214,0.53324,14.905,-46.963,-12.4,-51.497,-21.823,-4.4996,-6.1517,46.943
-17.493,-36.98,6.5313,-48.06,1.6109,-13.402,-16.214,0.53324,14.905,-46.963,-12.4,-51.497,-21.823,-4.4996,-6.1517,46.943
-17.668,-36.85,6.4366,-48.104,1.4023,-13.246,-16.375,0.50149,14.978,-46.941,-12.503,-51.413,-21.879,-4.4681,-6.176,46.975
-17.668,-36.85,6.4366,-48.104,1.4023,-13.246,-16.375,0.50149,14.978,-46.941,-12.503,-51.413,-21.879,-4.4681,-6.176,46.975
-17.842,-36.721,6.3429,-48.147,1.1935,-13.092,-16.535,0.46859,15.053,-46.919,-12.603,-51.327,-21.935,-4.4379,-6.1997,47.004
-17.842,-36.721,6.3429,-48.147,1.1935,-13.092,-16.535,0.46859,15.053,-46.919,-12.603,-51.327,-21.935,-4.4379,-6.1997,47.004
-18.015,-36.593,6.2501,-48.19,0.98462,-12.939,-16.694,0.43453,15.129,-46.896,-12.702,-51.239,-21.991,-4.4091,-6.2228,47.031
-18.188,-36.464,6.1582,-48.233,0.77553,-12.787,-16.853,0.39933,15.207,-46.873,-12.798,-51.149,-22.046,-4.3817,-6.2453,47.056
-18.188,-36.464,6.1582,-48.233,0.77553,-12.787,-16.853,0.39933,15.207,-46.873,-12.798,-51.149,-22.046,-4.3817,-6.2453,47.056
-18.359,-36.336,6.0673,-48.275,0.5663,-12.636,-17.011,0.36299,15.286,-46.85,-12.892,-51.057,-22.102,-4.3556,-6.2672,47.078
-18.359,-36.336,6.0673,-48.275,0.5663,-12.636,-17.011,0.36299,15.286,-46.85,-12.892,-51.057,-22.102,-4.3556,-6.2672,47.078
-18.53,-36.209,5.9773,-48.317,0.35693,-12.486,-17.168,0.32553,15.367,-46.827,-12.984,-50.962,-22.157,-4.3308,-6.2885,47.098
-18.53,-36.209,5.9773,-48.317,0.35693,-12.486,-17.168,0.32553,15.367,-46.827,-12.984,-50.962,-22.157,-4.3308,-6.2885,47.098
-18.53,-36.209,5.9773,-48.317,0.35693,-12.486,-17.168,0.32553,15.367,-46.827,-12.984,-50.962,-22.157,-4.3308,-6.2885,47.098
-18.699,-36.082,5.8883,-48.358,0.14746,-12.338,-17.325,0.28693,15.449,-46.803,-13.074,-50.866,-22.213,-4.3073,-6.3093,47.115
-18.699,-36.082,5.8883,-48.358,0.14746,-12.338,-17.325,0.28693,15.449,-46.803,-13.074,-50.866,-22.213,-4.3073,-6.3093,47.115
-18.868,-35.955,5.8002,-48.399,-0.062126,-12.19,-17.481,0.24722,15.533,-46.779,-13.162,-50.767,-22.268,-4.2852,-6.3294,47.13
-19.036,-35.829,5.713,-48.44,-0.2718,-12.044,-17.637,0.20639,15.618,-46.754,-13.248,-50.666,-22.323,-4.2644,-6.3489,47.143
-19.036,-35.829,5.713,-48.44,-0.2718,-12.044,-17.637,0.20639,15.618,-46.754,-13.248,-50.666,-22.323,-4.2644,-6.3489,47.143
-19.036,-35.829,5.713,-48.44,-0.2718,-12.044,-17.637,0.20639,15.618,-46.754,-13.248,-50.666,-22.323,-4.2644,-6.3489,47.143
-19.203,-35.703,5.6268,-48.48,-0.48154,-11.899,-17.791,0.16446,15.704,-46.73,-13.332,-50.563,-22.378,-4.2449,-6.3679,47.153
-19.203,-35.703,5.6268,-48.48,-0.48154,-11.899,-17.791,0.16446,15.704,-46.73,-13.332,-50.563,-22.378,-4.2449,-6.3679,47.153
-19.368,-35.577,5.5416,-48.52,-0.69135,-11.755,-17.945,0.12143,15.792,-46.704,-13.413,-50.459,-22.433,-4.2268,-6.3862,47.161
-19.368,-35.577,5.5416,-48.52,-0.69135,-11.755,-17.945,0.12143,15.792,-46.704,-13.413,-50.459,-22.433,-4.2268,-6.3862,47.161
-19.368,-35.577,5.5416,-48.52,-0.69135,-11.755,-17.945,0.12143,15.792,-46.704,-13.413,-50.459,-22.433,-4.2268,-6.3862,47.161
-19.697,-35.327,5.374,-48.598,-1.1111,-11.471,-18.251,0.032094,15.973,-46.653,-13.569,-50.242,-22.543,-4.1943,-6.421,47.169
-19.697,-35.327,5.374,-48.598,-1.1111,-11.471,-18.251,0.032094,15.973,-46.653,-13.569,-50.242,-22.543,-4.1943,-6.421,47.169
-19.86,-35.203,5.2916,-48.637,-1.321,-11.331,-18.403,-0.014193,16.065,-46.626,-13.644,-50.131,-22.597,-4.18,-6.4376,47.17
-19.86,-35.203,5.2916,-48.637,-1.321,-11.331,-18.403,-0.014193,16.065,-46.626,-13.644,-50.131,-22.597,-4.18,-6.4376,47.17
-20.021,-35.079,5.2102,-48.675,-1.5309,-11.192,-18.555,-0.061549,16.159,-46.599,-13.717,-50.018,-22.652,-4.1671,-6.4535,47.169
-20.021,-35.079,5.2102,-48.675,-1.5309,-11.192,-18.555,-0.061549,16.159,-46.599,-13.717,-50.018,-22.652,-4.1671,-6.4535,47.169
-20.182,-34.956,5.1298,-48.713,-1.7408,-11.054,-18.705,-0.10997,16.254,-46.572,-13.788,-49.903,-22.706,-4.1553,-6.4687,47.165
-20.182,-34.956,5.1298,-48.713,-1.7408,-11.054,-18.705,-0.10997,16.254,-46.572,-13.788,-49.903,-22.706,-4.1553,-6.4687,47.165
-20.342,-34.832,5.0504,-48.75,-1.9507,-10.917,-18.855,-0.15945,16.35,-46.545,-13.856,-49.786,-22.76,-4.1449,-6.4834,47.158
-20.342,-34.832,5.0504,-48.75,-1.9507,-10.917,-18.855,-0.15945,16.35,-46.545,-13.856,-49.786,-22.76,-4.1449,-6.4834,47.158
-20.342,-34.832,5.0504,-48.75,-1.9507,-10.917,-18.855,-0.15945,16.35,-46.545,-13.856,-49.786,-22.76,-4.1449,-6.4834,47.158
-20.501,-34.71,4.9719,-48.787,-2.1605,-10.781,-19.004,-0.20997,16.448,-46.517,-13.923,-49.666,-22.814,-4.1357,-6.4974,47.15
-20.501,-34.71,4.9719,-48.787,-2.1605,-10.781,-19.004,-0.20997,16.448,-46.517,-13.923,-49.666,-22.814,-4.1357,-6.4974,47.15
-20.658,-34.587,4.8944,-48.823,-2.3703,-10.647,-19.152,-0.26153,16.547,-46.488,-13.987,-49.545,-22.868,-4.1278,-6.5108,47.139
-20.658,-34.587,4.8944,-48.823,-2.3703,-10.647,-19.152,-0.26153,16.547,-46.488,-13.987,-49.545,-22.868,-4.1278,-6.5108,47.139
-20.815,-34.465,4.8178,-48.859,-2.58,-10.514,-19.3,-0.31413,16.648,-46.459,-14.049,-49.422,-22.921,-4.1212,-6.5236,47.125
-20.815,-34.465,4.8178,-48.859,-2.58,-10.514,-19.3,-0.31413,16.648,-46.459,-14.049,-49.422,-22.921,-4.1212,-6.5236,47.125
-20.815,-34.465,4.8178,-48.859,-2.58,-10.514,-19.3,-0.31413,16.648,-46.459,-14.049,-49.422,-22.921,-4.1212,-6.5236,47.125
-21.124,-34.222,4.6677,-48.929,-2.9992,-10.251,-19.592,-0.42239,16.853,-46.4,-14.166,-49.169,-23.027,-4.1116,-6.5473,47.092
-21.124,-34.222,4.6677,-48.929,-2.9992,-10.251,-19.592,-0.42239,16.853,-46.4,-14.166,-49.169,-23.027,-4.1116,-6.5473,47.092
-21.278,-34.101,4.5941,-48.964,-3.2086,-10.121,-19.737,-0.47803,16.958,-46.369,-14.221,-49.04,-23.08,-4.1087,-6.5582,47.071
-21.278,-34.101,4.5941,-48.964,-3.2086,-10.121,-19.737,-0.47803,16.958,-46.369,-14.221,-49.04,-23.08,-4.1087,-6.5582,47.071
-21.278,-34.101,4.5941,-48.964,-3.2086,-10.121,-19.737,-0.47803,16.958,-46.369,-14.221,-49.04,-23.08,-4.1087,-6.5582,47.071
-21.43,-33.98,4.5215,-48.998,-3.4179,-9.9927,-19.881,-0.53468,17.064,-46.339,-14.274,-48.909,-23.133,-4.107,-6.5684,47.049
-21.43,-33.98,4.5215,-48.998,-3.4179,-9.9927,-19.881,-0.53468,17.064,-46.339,-14.274,-48.909,-23.133,-4.107,-6.5684,47.049
-21.581,-33.86,4.4499,-49.031,-3.6271,-9.8654,-20.025,-0.59231,17.171,-46.307,-14.325,-48.776,-23.185,-4.1066,-6.578,47.024
-21.731,-33.74,4.3793,-49.064,-3.8361,-9.7393,-20.168,-0.65093,17.28,-46.276,-14.374,-48.641,-23.238,-4.1073,-6.587,46.997
-21.879,-33.621,4.3097,-49.097,-4.0449,-9.6143,-20.309,-0.71053,17.39,-46.243,-14.42,-48.504,-23.289,-4.1093,-6.5953,46.968
-21.879,-33.621,4.3097,-49.097,-4.0449,-9.6143,-20.309,-0.71053,17.39,-46.243,-14.42,-48.504,-23.289,-4.1093,-6.5953,46.968
-22.027,-33.502,4.241,-49.129,-4.2536,-9.4905,-20.45,-0.77109,17.501,-46.21,-14.464,-48.365,-23.341,-4.1124,-6.6029,46.936
-22.027,-33.502,4.241,-49.129,-4.2536,-9.4905,-20.45,-0.77109,17.501,-46.21,-14.464,-48.365,-23.341,-4.1124,-6.6029,46.936
-22.027,-33.502,4.241,-49.129,-4.2536,-9.4905,-20.45,-0.77109,17.501,-46.21,-14.464,-48.365,-23.341,-4.1124,-6.6029,46.936
-22.173,-33.383,4.1734,-49.16,-4.462,-9.3679,-20.591,-0.8326,17.614,-46.177,-14.506,-48.224,-23.393,-4.1168,-6.6099,46.902
-22.173,-33.383,4.1734,-49.16,-4.462,-9.3679,-20.591,-0.8326,17.614,-46.177,-14.506,-48.224,-23.393,-4.1168,-6.6099,46.902
-22.318,-33.264,4.1067,-49.191,-4.6703,-9.2465,-20.73,-0.89507,17.728,-46.143,-14.546,-48.081,-23.444,-4.1223,-6.6162,46.866
-22.318,-33.264,4.1067,-49.191,-4.6703,-9.2465,-20.73,-0.89507,17.728,-46.143,-14.546,-48.081,-23.444,-4.1223,-6.6162,46.866
-22.463,-33.146,4.0411,-49.222,-4.8783,-9.1262,-20.868,-0.95847,17.843,-46.109,-14.584,-47.936,-23.494,-4.129,-6.6219,46.828
-22.605,-33.028,3.9764,-49.252,-5.086,-9.0071,-21.006,-1.0228,17.96,-46.074,-14.619,-47.79,-23.545,-4.1369,-6.6269,46.787
-22.605,-33.028,3.9764,-49.252,-5.086,-9.0071,-21.006,-1.0228,17.96,-46.074,-14.619,-47.79,-23.545,-4.1369,-6.6269,46.787
-22.605,-33.028,3.9764,-49.252,-5.086,-9.0071,-21.006,-1.0228,17.96,-46.074,-14.619,-47.79,-23.545,-4.1369,-6.6269,46.787
-22.747,-32.911,3.9128,-49.281,-5.2935,-8.8892,-21.143,-1.0881,18.078,-46.038,-14.652,-47.641,-23.595,-4.146,-6.6312,46.744
-22.747,-32.911,3.9128,-49.281,-5.2935,-8.8892,-21.143,-1.0881,18.078,-46.038,-14.652,-47.641,-23.595,-4.146,-6.6312,46.744
-22.888,-32.794,3.8502,-49.31,-5.5008,-8.7724,-21.278,-1.1542,18.197,-46.002,-14.682,-47.491,-23.645,-4.1562,-6.6349,46.699
-22.888,-32.794,3.8502,-49.31,-5.5008,-8.7724,-21.278,-1.1542,18.197,-46.002,-14.682,-47.491,-23.645,-4.1562,-6.6349,46.699
-22.888,-32.794,3.8502,-49.31,-5.5008,-8.7724,-21.278,-1.1542,18.197,-46.002,-14.682,-47.491,-23.645,-4.1562,-6.6349,46.699
-23.027,-32.677,3.7885,-49.338,-5.7077,-8.6568,-21.413,-1.2213,18.317,-45.966,-14.711,-47.339,-23.695,-4.1675,-6.6378,46.652
-23.027,-32.677,3.7885,-49.338,-5.7077,-8.6568,-21.413,-1.2213,18.317,-45.966,-14.711,-47.339,-23.695,-4.1675,-6.6378,46.652
-23.027,-32.677,3.7885,-49.338,-5.7077,-8.6568,-21.413,-1.2213,18.317,-45.966,-14.711,-47.339,-23.695,-4.1675,-6.6378,46.652
-23.027,-32.677,3.7885,-49.338,-5.7077,-8.6568,-21.413,-1.2213,18.317,-45.966,-14.711,-47.339,-23.695,-4.1675,-6.6378,46.652
-23.302,-32.444,3.6683,-49.393,-6.1207,-8.4291,-21.68,-1.3581,18.562,-45.891,-14.761,-47.029,-23.793,-4.1937,-6.6417,46.551
-23.302,-32.444,3.6683,-49.393,-6.1207,-8.4291,-21.68,-1.3581,18.562,-45.891,-14.761,-47.029,-23.793,-4.1937,-6.6417,46.551
-23.302,-32.444,3.6683,-49.393,-6.1207,-8.4291,-21.68,-1.3581,18.562,-45.891,-14.761,-47.029,-23.793,-4.1937,-6.6417,46.551
-23.572,-32.213,3.5521,-49.445,-6.5323,-8.206,-21.944,-1.4984,18.811,-45.813,-14.802,-46.712,-23.889,-4.2243,-6.6428,46.441
-23.572,-32.213,3.5521,-49.445,-6.5323,-8.206,-21.944,-1.4984,18.811,-45.813,-14.802,-46.712,-23.889,-4.2243,-6.6428,46.441
-23.705,-32.097,3.4956,-49.47,-6.7376,-8.0962,-22.074,-1.5698,18.938,-45.774,-14.819,-46.55,-23.937,-4.2413,-6.6423,46.383
-23.705,-32.097,3.4956,-49.47,-6.7376,-8.0962,-22.074,-1.5698,18.938,-45.774,-14.819,-46.55,-23.937,-4.2413,-6.6423,46.383
-23.705,-32.097,3.4956,-49.47,-6.7376,-8.0962,-22.074,-1.5698,18.938,-45.774,-14.819,-46.55,-23.937,-4.2413,-6.6423,46.383
-23.837,-31.982,3.44,-49.495,-6.9425,-7.9875,-22.203,-1.642,19.066,-45.733,-14.834,-46.387,-23.984,-4.2594,-6.6411,46.323
-23.837,-31.982,3.44,-49.495,-6.9425,-7.9875,-22.203,-1.642,19.066,-45.733,-14.834,-46.387,-23.984,-4.2594,-6.6411,46.323
-24.096,-31.753,3.332,-49.543,-7.3511,-7.7736,-22.459,-1.7891,19.325,-45.651,-14.856,-46.056,-24.078,-4.2989,-6.6366,46.196
-24.096,-31.753,3.332,-49.543,-7.3511,-7.7736,-22.459,-1.7891,19.325,-45.651,-14.856,-46.056,-24.078,-4.2989,-6.6366,46.196
-24.096,-31.753,3.332,-49.543,-7.3511,-7.7736,-22.459,-1.7891,19.325,-45.651,-14.856,-46.056,-24.078,-4.2989,-6.6366,46.196
-24.224,-31.639,3.2795,-49.566,-7.5548,-7.6684,-22.585,-1.8638,19.456,-45.609,-14.864,-45.887,-24.124,-4.3203,-6.6332,46.13
-24.224,-31.639,3.2795,-49.566,-7.5548,-7.6684,-22.585,-1.8638,19.456,-45.609,-14.864,-45.887,-24.124,-4.3203,-6.6332,46.13
-24.224,-31.639,3.2795,-49.566,-7.5548,-7.6684,-22.585,-1.8638,19.456,-45.609,-14.864,-45.887,-24.124,-4.3203,-6.6332,46.13
-24.351,-31.525,3.228,-49.588,-7.758,-7.5642,-22.711,-1.9393,19.589,-45.566,-14.87,-45.717,-24.17,-4.3427,-6.6292,46.061
-24.351,-31.525,3.228,-49.588,-7.758,-7.5642,-22.711,-1.9393,19.589,-45.566,-14.87,-45.717,-24.17,-4.3427,-6.6292,46.061
-24.6,-31.298,3.1282,-49.631,-8.1631,-7.3594,-22.958,-2.0927,19.857,-45.478,-14.874,-45.371,-24.26,-4.3907,-6.6188,45.918
-24.6,-31.298,3.1282,-49.631,-8.1631,-7.3594,-22.958,-2.0927,19.857,-45.478,-14.874,-45.371,-24.26,-4.3907,-6.6188,45.918
-24.6,-31.298,3.1282,-49.631,-8.1631,-7.3594,-22.958,-2.0927,19.857,-45.478,-14.874,-45.371,-24.26,-4.3907,-6.6188,45.918
-24.723,-31.185,3.0798,-49.651,-8.365,-7.2587,-23.081,-2.1706,19.993,-45.433,-14.873,-45.196,-24.305,-4.4163,-6.6126,45.843
-24.723,-31.185,3.0798,-49.651,-8.365,-7.2587,-23.081,-2.1706,19.993,-45.433,-14.873,-45.196,-24.305,-4.4163,-6.6126,45.843
-24.845,-31.073,3.0324,-49.671,-8.5663,-7.1591,-23.202,-2.2492,20.13,-45.387,-14.87,-45.019,-24.349,-4.443,-6.6056,45.766
-24.845,-31.073,3.0324,-49.671,-8.5663,-7.1591,-23.202,-2.2492,20.13,-45.387,-14.87,-45.019,-24.349,-4.443,-6.6056,45.766
-24.845,-31.073,3.0324,-49.671,-8.5663,-7.1591,-23.202,-2.2492,20.13,-45.387,-14.87,-45.019,-24.349,-4.443,-6.6056,45.766
-24.965,-30.96,2.9861,-49.69,-8.7671,-7.0606,-23.322,-2.3286,20.268,-45.341,-14.864,-44.84,-24.392,-4.4706,-6.5979,45.687
-25.083,-30.848,2.9408,-49.708,-8.9674,-6.9632,-23.442,-2.4087,20.407,-45.294,-14.856,-44.659,-24.435,-4.4993,-6.5894,45.606
-25.201,-30.736,2.8965,-49.726,-9.1672,-6.8669,-23.56,-2.4895,20.548,-45.246,-14.845,-44.477,-24.478,-4.529,-6.5802,45.523
-25.201,-30.736,2.8965,-49.726,-9.1672,-6.8669,-23.56,-2.4895,20.548,-45.246,-14.845,-44.477,-24.478,-4.529,-6.5802,45.523
-25.201,-30.736,2.8965,-49.726,-9.1672,-6.8669,-23.56,-2.4895,20.548,-45.246,-14.845,-44.477,-24.478,-4.529,-6.5802,45.523
-25.317,-30.624,2.8533,-49.742,-9.3664,-6.7717,-23.677,-2.571,20.689,-45.198,-14.833,-44.293,-24.52,-4.5597,-6.5702,45.438
-25.317,-30.624,2.8533,-49.742,-9.3664,-6.7717,-23.677,-2.571,20.689,-45.198,-14.833,-44.293,-24.52,-4.5597,-6.5702,45.438
-25.317,-30.624,2.8533,-49.742,-9.3664,-6.7717,-23.677,-2.571,20.689,-45.198,-14.833,-44.293,-24.52,-4.5597,-6.5702,45.438
-25.431,-30.513,2.8111,-49.759,-9.5651,-6.6777,-23.793,-2.6533,20.831,-45.148,-14.818,-44.107,-24.562,-4.5914,-6.5595,45.351
-25.431,-30.513,2.8111,-49.759,-9.5651,-6.6777,-23.793,-2.6533,20.831,-45.148,-14.818,-44.107,-24.562,-4.5914,-6.5595,45.351
-25.431,-30.513,2.8111,-49.759,-9.5651,-6.6777,-23.793,-2.6533,20.831,-45.148,-14.818,-44.107,-24.562,-4.5914,-6.5595,45.351
-25.656,-30.29,2.7298,-49.789,-9.9606,-6.4928,-24.022,-2.8198,21.119,-45.048,-14.781,-43.731,-24.643,-4.6577,-6.5357,45.171
-25.656,-30.29,2.7298,-49.789,-9.9606,-6.4928,-24.022,-2.8198,21.119,-45.048,-14.781,-43.731,-24.643,-4.6577,-6.5357,45.171
-25.767,-30.18,2.6907,-49.803,-10.157,-6.402,-24.135,-2.9041,21.265,-44.996,-14.759,-43.541,-24.683,-4.6923,-6.5226,45.078
-25.767,-30.18,2.6907,-49.803,-10.157,-6.402,-24.135,-2.9041,21.265,-44.996,-14.759,-43.541,-24.683,-4.6923,-6.5226,45.078
-25.876,-30.069,2.6526,-49.817,-10.354,-6.3122,-24.246,-2.989,21.412,-44.944,-14.735,-43.348,-24.723,-4.7279,-6.5088,44.983
-25.876,-30.069,2.6526,-49.817,-10.354,-6.3122,-24.246,-2.989,21.412,-44.944,-14.735,-43.348,-24.723,-4.7279,-6.5088,44.983
-25.983,-29.959,2.6156,-49.829,-10.549,-6.2236,-24.357,-3.0746,21.559,-44.89,-14.709,-43.155,-24.762,-4.7644,-6.4942,44.886
-25.983,-29.959,2.6156,-49.829,-10.549,-6.2236,-24.357,-3.0746,21.559,-44.89,-14.709,-43.155,-24.762,-4.7644,-6.4942,44.886
-26.089,-29.848,2.5796,-49.841,-10.744,-6.136,-24.467,-3.1608,21.708,-44.836,-14.68,-42.959,-24.8,-4.8019,-6.4788,44.787
-26.089,-29.848,2.5796,-49.841,-10.744,-6.136,-24.467,-3.1608,21.708,-44.836,-14.68,-42.959,-24.8,-4.8019,-6.4788,44.787
-26.194,-29.738,2.5447,-49.853,-10.938,-6.0494,-24.575,-3.2476,21.857,-44.782,-14.649,-42.762,-24.838,-4.8403,-6.4627,44.687
-26.194,-29.738,2.5447,-49.853,-10.938,-6.0494,-24.575,-3.2476,21.857,-44.782,-14.649,-42.762,-24.838,-4.8403,-6.4627,44.687
-26.298,-29.629,2.5107,-49.863,-11.132,-5.964,-24.682,-3.335,22.008,-44.726,-14.615,-42.563,-24.876,-4.8796,-6.4457,44.584
-26.399,-29.519,2.4779,-49.873,-11.325,-5.8795,-24.788,-3.423,22.159,-44.669,-14.58,-42.363,-24.912,-4.9199,-6.4279,44.48
-26.399,-29.519,2.4779,-49.873,-11.325,-5.8795,-24.788,-3.423,22.159,-44.669,-14.58,-42.363,-24.912,-4.9199,-6.4279,44.48
-26.399,-29.519,2.4779,-49.873,-11.325,-5.8795,-24.788,-3.423,22.159,-44.669,-14.58,-42.363,-24.912,-4.9199,-6.4279,44.48
-26.5,-29.41,2.446,-49.882,-11.517,-5.7962,-24.893,-3.5116,22.312,-44.612,-14.542,-42.161,-24.948,-4.961,-6.4094,44.373
-26.5,-29.41,2.446,-49.882,-11.517,-5.7962,-24.893,-3.5116,22.312,-44.612,-14.542,-42.161,-24.948,-4.961,-6.4094,44.373
-26.5,-29.41,2.446,-49.882,-11.517,-5.7962,-24.893,-3.5116,22.312,-44.612,-14.542,-42.161,-24.948,-4.961,-6.4094,44.373
-26.599,-29.3,2.4152,-49.89,-11.709,-5.7138,-24.997,-3.6008,22.465,-44.554,-14.502,-41.958,-24.984,-5.0031,-6.39,44.265
-26.599,-29.3,2.4152,-49.89,-11.709,-5.7138,-24.997,-3.6008,22.465,-44.554,-14.502,-41.958,-24.984,-5.0031,-6.39,44.265
-26.793,-29.082,2.3568,-49.904,-12.089,-5.5522,-25.201,-3.7808,22.774,-44.435,-14.415,-41.546,-25.053,-5.0898,-6.3488,44.043
-26.793,-29.082,2.3568,-49.904,-12.089,-5.5522,-25.201,-3.7808,22.774,-44.435,-14.415,-41.546,-25.053,-5.0898,-6.3488,44.043
-26.887,-28.974,2.3291,-49.91,-12.278,-5.473,-25.301,-3.8716,22.93,-44.374,-14.368,-41.338,-25.087,-5.1345,-6.327,43.93
-26.887,-28.974,2.3291,-49.91,-12.278,-5.473,-25.301,-3.8716,22.93,-44.374,-14.368,-41.338,-25.087,-5.1345,-6.327,43.93
-26.887,-28.974,2.3291,-49.91,-12.278,-5.473,-25.301,-3.8716,22.93,-44.374,-14.368,-41.338,-25.087,-5.1345,-6.327,43.93
-26.887,-28.974,2.3291,-49.91,-12.278,-5.473,-25.301,-3.8716,22.93,-44.374,-14.368,-41.338,-25.087,-5.1345,-6.327,43.93
-26.98,-28.865,2.3025,-49.915,-12.467,-5.3947,-25.4,-3.963,23.087,-44.312,-14.318,-41.129,-25.12,-5.18,-6.3043,43.814
-26.98,-28.865,2.3025,-49.915,-12.467,-5.3947,-25.4,-3.963,23.087,-44.312,-14.318,-41.129,-25.12,-5.18,-6.3043,43.814
-27.072,-28.756,2.2769,-49.919,-12.654,-5.3175,-25.498,-4.0548,23.245,-44.249,-14.267,-40.918,-25.152,-5.2264,-6.2809,43.697
-27.162,-28.648,2.2524,-49.922,-12.841,-5.2413,-25.595,-4.1471,23.404,-44.186,-14.213,-40.705,-25.184,-5.2736,-6.2566,43.578
-27.251,-28.54,2.2288,-49.925,-13.027,-5.166,-25.69,-4.2399,23.563,-44.121,-14.157,-40.491,-25.215,-5.3217,-6.2314,43.457
-27.251,-28.54,2.2288,-49.925,-13.027,-5.166,-25.69,-4.2399,23.563,-44.121,-14.157,-40.491,-25.215,-5.3217,-6.2314,43.457
-27.251,-28.54,2.2288,-49.925,-13.027,-5.166,-25.69,-4.2399,23.563,-44.121,-14.157,-40.491,-25.215,-5.3217,-6.2314,43.457
-27.251,-28.54,2.2288,-49.925,-13.027,-5.166,-25.69,-4.2399,23.563,-44.121,-14.157,-40.491,-25.215,-5.3217,-6.2314,43.457
-27.338,-28.432,2.2064,-49.927,-13.212,-5.0917,-25.784,-4.3332,23.723,-44.056,-14.098,-40.275,-25.245,-5.3705,-6.2054,43.335
-27.338,-28.432,2.2064,-49.927,-13.212,-5.0917,-25.784,-4.3332,23.723,-44.056,-14.098,-40.275,-25.245,-5.3705,-6.2054,43.335
-27.508,-28.216,2.1646,-49.928,-13.58,-4.9461,-25.969,-4.5211,24.046,-43.922,-13.975,-39.839,-25.304,-5.4707,-6.1509,43.085
-27.508,-28.216,2.1646,-49.928,-13.58,-4.9461,-25.969,-4.5211,24.046,-43.922,-13.975,-39.839,-25.304,-5.4707,-6.1509,43.085
-27.508,-28.216,2.1646,-49.928,-13.58,-4.9461,-25.969,-4.5211,24.046,-43.922,-13.975,-39.839,-25.304,-5.4707,-6.1509,43.085
-27.591,-28.108,2.1452,-49.927,-13.763,-4.8748,-26.059,-4.6158,24.209,-43.854,-13.91,-39.619,-25.332,-5.522,-6.1224,42.957
-27.591,-28.108,2.1452,-49.927,-13.763,-4.8748,-26.059,-4.6158,24.209,-43.854,-13.91,-39.619,-25.332,-5.522,-6.1224,42.957
-27.672,-28.001,2.1269,-49.925,-13.945,-4.8044,-26.149,-4.7108,24.372,-43.784,-13.842,-39.398,-25.36,-5.5741,-6.093,42.828
-27.751,-27.893,2.1097,-49.923,-14.125,-4.735,-26.237,-4.8062,24.536,-43.714,-13.772,-39.175,-25.387,-5.6269,-6.0628,42.697
-27.751,-27.893,2.1097,-49.923,-14.125,-4.735,-26.237,-4.8062,24.536,-43.714,-13.772,-39.175,-25.387,-5.6269,-6.0628,42.697
-27.829,-27.786,2.0934,-49.919,-14.305,-4.6665,-26.323,-4.902,24.701,-43.643,-13.701,-38.95,-25.413,-5.6805,-6.0317,42.564
-27.829,-27.786,2.0934,-49.919,-14.305,-4.6665,-26.323,-4.902,24.701,-43.643,-13.701,-38.95,-25.413,-5.6805,-6.0317,42.564
-27.829,-27.786,2.0934,-49.919,-14.305,-4.6665,-26.323,-4.902,24.701,-43.643,-13.701,-38.95,-25.413,-5.6805,-6.0317,42.564
-27.906,-27.678,2.0783,-49.915,-14.484,-4.5989,-26.409,-4.9982,24.866,-43.57,-13.626,-38.725,-25.438,-5.7348,-5.9997,42.43
-27.906,-27.678,2.0783,-49.915,-14.484,-4.5989,-26.409,-4.9982,24.866,-43.57,-13.626,-38.725,-25.438,-5.7348,-5.9997,42.43
-27.981,-27.571,2.0641,-49.91,-14.662,-4.5322,-26.493,-5.0948,25.032,-43.497,-13.55,-38.497,-25.463,-5.7899,-5.9669,42.294
-27.981,-27.571,2.0641,-49.91,-14.662,-4.5322,-26.493,-5.0948,25.032,-43.497,-13.55,-38.497,-25.463,-5.7899,-5.9669,42.294
-28.054,-27.464,2.051,-49.904,-14.839,-4.4665,-26.576,-5.1917,25.199,-43.422,-13.471,-38.269,-25.487,-5.8458,-5.9332,42.156
-28.126,-27.357,2.0389,-49.897,-15.016,-4.4017,-26.657,-5.289,25.367,-43.347,-13.391,-38.039,-25.51,-5.9023,-5.8986,42.017
-28.126,-27.357,2.0389,-49.897,-15.016,-4.4017,-26.657,-5.289,25.367,-43.347,-13.391,-38.039,-25.51,-5.9023,-5.8986,42.017
-28.126,-27.357,2.0389,-49.897,-15.016,-4.4017,-26.657,-5.289,25.367,-43.347,-13.391,-38.039,-25.51,-5.9023,-5.8986,42.017
-28.197,-27.249,2.0279,-49.889,-15.191,-4.3378,-26.738,-5.3865,25.535,-43.27,-13.307,-37.807,-25.532,-5.9596,-5.8631,41.877
-28.197,-27.249,2.0279,-49.889,-15.191,-4.3378,-26.738,-5.3865,25.535,-43.27,-13.307,-37.807,-25.532,-5.9596,-5.8631,41.877
-28.197,-27.249,2.0279,-49.889,-15.191,-4.3378,-26.738,-5.3865,25.535,-43.27,-13.307,-37.807,-25.532,-5.9596,-5.8631,41.877
-28.265,-27.142,2.0179,-49.88,-15.365,-4.2748,-26.816,-5.4844,25.704,-43.193,-13.222,-37.574,-25.554,-6.0175,-5.8268,41.734
-28.265,-27.142,2.0179,-49.88,-15.365,-4.2748,-26.816,-5.4844,25.704,-43.193,-13.222,-37.574,-25.554,-6.0175,-5.8268,41.734
-28.398,-26.928,2.001,-49.86,-15.71,-4.1513,-26.97,-5.681,26.043,-43.034,-13.045,-37.104,-25.595,-6.1355,-5.7514,41.445
-28.398,-26.928,2.001,-49.86,-15.71,-4.1513,-26.97,-5.681,26.043,-43.034,-13.045,-37.104,-25.595,-6.1355,-5.7514,41.445
-28.462,-26.821,1.9941,-49.848,-15.882,-4.0909,-27.045,-5.7798,26.214,-42.953,-12.953,-36.867,-25.614,-6.1956,-5.7124,41.298
-28.462,-26.821,1.9941,-49.848,-15.882,-4.0909,-27.045,-5.7798,26.214,-42.953,-12.953,-36.867,-25.614,-6.1956,-5.7124,41.298
-28.462,-26.821,1.9941,-49.848,-15.882,-4.0909,-27.045,-5.7798,26.214,-42.953,-12.953,-36.867,-25.614,-6.1956,-5.7124,41.298
-28.525,-26.714,1.9882,-49.835,-16.052,-4.0314,-27.119,-5.8788,26.385,-42.871,-12.859,-36.629,-25.632,-6.2563,-5.6724,41.15
-28.525,-26.714,1.9882,-49.835,-16.052,-4.0314,-27.119,-5.8788,26.385,-42.871,-12.859,-36.629,-25.632,-6.2563,-5.6724,41.15
-28.525,-26.714,1.9882,-49.835,-16.052,-4.0314,-27.119,-5.8788,26.385,-42.871,-12.859,-36.629,-25.632,-6.2563,-5.6724,41.15
-28.586,-26.607,1.9833,-49.822,-16.221,-3.9727,-27.191,-5.978,26.557,-42.788,-12.763,-36.389,-25.65,-6.3176,-5.6316,41
-28.645,-26.5,1.9795,-49.807,-16.389,-3.9148,-27.262,-6.0774,26.729,-42.704,-12.664,-36.148,-25.667,-6.3796,-5.5899,40.848
-28.645,-26.5,1.9795,-49.807,-16.389,-3.9148,-27.262,-6.0774,26.729,-42.704,-12.664,-36.148,-25.667,-6.3796,-5.5899,40.848
-28.645,-26.5,1.9795,-49.807,-16.389,-3.9148,-27.262,-6.0774,26.729,-42.704,-12.664,-36.148,-25.667,-6.3796,-5.5899,40.848
-28.703,-26.394,1.9767,-49.792,-16.556,-3.8578,-27.332,-6.1771,26.902,-42.619,-12.563,-35.906,-25.683,-6.4422,-5.5472,40.696
-28.703,-26.394,1.9767,-49.792,-16.556,-3.8578,-27.332,-6.1771,26.902,-42.619,-12.563,-35.906,-25.683,-6.4422,-5.5472,40.696
-28.703,-26.394,1.9767,-49.792,-16.556,-3.8578,-27.332,-6.1771,26.902,-42.619,-12.563,-35.906,-25.683,-6.4422,-5.5472,40.696
-28.703,-26.394,1.9767,-49.792,-16.556,-3.8578,-27.332,-6.1771,26.902,-42.619,-12.563,-35.906,-25.683,-6.4422,-5.5472,40.696
-28.814,-26.18,1.9742,-49.758,-16.887,-3.7461,-27.467,-6.377,27.249,-42.444,-12.356,-35.417,-25.712,-6.5693,-5.4592,40.386
-28.814,-26.18,1.9742,-49.758,-16.887,-3.7461,-27.467,-6.377,27.249,-42.444,-12.356,-35.417,-25.712,-6.5693,-5.4592,40.386
-28.814,-26.18,1.9742,-49.758,-16.887,-3.7461,-27.467,-6.377,27.249,-42.444,-12.356,-35.417,-25.712,-6.5693,-5.4592,40.386
-28.918,-25.965,1.9758,-49.72,-17.213,-3.6377,-27.597,-6.5776,27.597,-42.265,-12.139,-34.923,-25.738,-6.6988,-5.3675,40.07
-28.918,-25.965,1.9758,-49.72,-17.213,-3.6377,-27.597,-6.5776,27.597,-42.265,-12.139,-34.923,-25.738,-6.6988,-5.3675,40.07
-28.968,-25.858,1.9781,-49.7,-17.374,-3.5846,-27.659,-6.6781,27.772,-42.174,-12.028,-34.674,-25.75,-6.7644,-5.3203,39.91
-29.016,-25.751,1.9814,-49.678,-17.535,-3.5324,-27.721,-6.7787,27.948,-42.082,-11.914,-34.424,-25.76,-6.8306,-5.2721,39.749
-29.016,-25.751,1.9814,-49.678,-17.535,-3.5324,-27.721,-6.7787,27.948,-42.082,-11.914,-34.424,-25.76,-6.8306,-5.2721,39.749
-29.063,-25.644,1.9858,-49.656,-17.694,-3.4808,-27.781,-6.8794,28.124,-41.988,-11.798,-34.173,-25.77,-6.8974,-5.223,39.586
-29.063,-25.644,1.9858,-49.656,-17.694,-3.4808,-27.781,-6.8794,28.124,-41.988,-11.798,-34.173,-25.77,-6.8974,-5.223,39.586
-29.108,-25.537,1.9911,-49.632,-17.852,-3.4301,-27.839,-6.9803,28.3,-41.893,-11.68,-33.92,-25.779,-6.9647,-5.173,39.422
-29.108,-25.537,1.9911,-49.632,-17.852,-3.4301,-27.839,-6.9803,28.3,-41.893,-11.68,-33.92,-25.779,-6.9647,-5.173,39.422
-29.108,-25.537,1.9911,-49.632,-17.852,-3.4301,-27.839,-6.9803,28.3,-41.893,-11.68,-33.92,-25.779,-6.9647,-5.173,39.422
-29.151,-25.43,1.9975,-49.607,-18.009,-3.38,-27.896,-7.0812,28.477,-41.797,-11.56,-33.666,-25.787,-7.0326,-5.122,39.257
-29.151,-25.43,1.9975,-49.607,-18.009,-3.38,-27.896,-7.0812,28.477,-41.797,-11.56,-33.666,-25.787,-7.0326,-5.122,39.257
-29.193,-25.322,2.0049,-49.582,-18.165,-3.3307,-27.952,-7.1822,28.654,-41.7,-11.438,-33.411,-25.794,-7.101,-5.0702,39.09
-29.233,-25.215,2.0133,-49.555,-18.32,-3.2822,-28.007,-7.2833,28.831,-41.601,-11.314,-33.154,-25.801,-7.1699,-5.0173,38.922
-29.233,-25.215,2.0133,-49.555,-18.32,-3.2822,-28.007,-7.2833,28.831,-41.601,-11.314,-33.154,-25.801,-7.1699,-5.0173,38.922
-29.233,-25.215,2.0133,-49.555,-18.32,-3.2822,-28.007,-7.2833,28.831,-41.601,-11.314,-33.154,-25.801,-7.1699,-5.0173,38.922
-29.271,-25.107,2.0226,-49.527,-18.473,-3.2343,-28.06,-7.3844,29.009,-41.501,-11.188,-32.897,-25.806,-7.2393,-4.9636,38.753
-29.271,-25.107,2.0226,-49.527,-18.473,-3.2343,-28.06,-7.3844,29.009,-41.501,-11.188,-32.897,-25.806,-7.2393,-4.9636,38.753
-29.308,-24.999,2.033,-49.499,-18.625,-3.1871,-28.111,-7.4855,29.187,-41.4,-11.06,-32.638,-25.81,-7.3092,-4.9089,38.583
-29.308,-24.999,2.033,-49.499,-18.625,-3.1871,-28.111,-7.4855,29.187,-41.4,-11.06,-32.638,-25.81,-7.3092,-4.9089,38.583
-29.308,-24.999,2.033,-49.499,-18.625,-3.1871,-28.111,-7.4855,29.187,-41.4,-11.06,-32.638,-25.81,-7.3092,-4.9089,38.583
-29.344,-24.892,2.0444,-49.469,-18.776,-3.1406,-28.161,-7.5866,29.365,-41.298,-10.929,-32.378,-25.814,-7.3796,-4.8532,38.411
-29.377,-24.784,2.0568,-49.438,-18.926,-3.0948,-28.21,-7.6878,29.543,-41.194,-10.797,-32.116,-25.816,-7.4505,-4.7966,38.239
-29.377,-24.784,2.0568,-49.438,-18.926,-3.0948,-28.21,-7.6878,29.543,-41.194,-10.797,-32.116,-25.816,-7.4505,-4.7966,38.239
-29.409,-24.676,2.0702,-49.406,-19.075,-3.0496,-28.257,-7.7889,29.722,-41.089,-10.662,-31.854,-25.817,-7.5219,-4.7391,38.065
-29.409,-24.676,2.0702,-49.406,-19.075,-3.0496,-28.257,-7.7889,29.722,-41.089,-10.662,-31.854,-25.817,-7.5219,-4.7391,38.065
-29.44,-24.568,2.0845,-49.372,-19.222,-3.0051,-28.303,-7.89,29.901,-40.983,-10.526,-31.59,-25.818,-7.5937,-4.6806,37.889
-29.44,-24.568,2.0845,-49.372,-19.222,-3.0051,-28.303,-7.89,29.901,-40.983,-10.526,-31.59,-25.818,-7.5937,-4.6806,37.889
-29.44,-24.568,2.0845,-49.372,-19.222,-3.0051,-28.303,-7.89,29.901,-40.983,-10.526,-31.59,-25.818,-7.5937,-4.6806,37.889
-29.469,-24.459,2.0999,-49.338,-19.368,-2.9612,-28.347,-7.991,30.08,-40.875,-10.387,-31.325,-25.817,-7.666,-4.6212,37.713
-29.469,-24.459,2.0999,-49.338,-19.368,-2.9612,-28.347,-7.991,30.08,-40.875,-10.387,-31.325,-25.817,-7.666,-4.6212,37.713
-29.469,-24.459,2.0999,-49.338,-19.368,-2.9612,-28.347,-7.991,30.08,-40.875,-10.387,-31.325,-25.817,-7.666,-4.6212,37.713
-29.521,-24.242,2.1335,-49.266,-19.657,-2.8753,-28.431,-8.1929,30.438,-40.656,-10.104,-30.792,-25.814,-7.8118,-4.4994,37.357
-29.521,-24.242,2.1335,-49.266,-19.657,-2.8753,-28.431,-8.1929,30.438,-40.656,-10.104,-30.792,-25.814,-7.8118,-4.4994,37.357
-29.545,-24.133,2.1518,-49.229,-19.799,-2.8333,-28.471,-8.2937,30.618,-40.544,-9.9594,-30.523,-25.81,-7.8854,-4.4371,37.177
-29.545,-24.133,2.1518,-49.229,-19.799,-2.8333,-28.471,-8.2937,30.618,-40.544,-9.9594,-30.523,-25.81,-7.8854,-4.4371,37.177
-29.568,-24.025,2.1711,-49.19,-19.94,-2.7919,-28.51,-8.3944,30.798,-40.431,-9.8127,-30.254,-25.806,-7.9593,-4.3739,36.996
-29.568,-24.025,2.1711,-49.19,-19.94,-2.7919,-28.51,-8.3944,30.798,-40.431,-9.8127,-30.254,-25.806,-7.9593,-4.3739,36.996
-29.588,-23.915,2.1913,-49.15,-20.08,-2.751,-28.547,-8.495,30.977,-40.316,-9.6641,-29.983,-25.8,-8.0337,-4.3097,36.814
-29.588,-23.915,2.1913,-49.15,-20.08,-2.751,-28.547,-8.495,30.977,-40.316,-9.6641,-29.983,-25.8,-8.0337,-4.3097,36.814
-29.607,-23.806,2.2125,-49.109,-20.219,-2.7107,-28.583,-8.5955,31.157,-40.201,-9.5135,-29.711,-25.794,-8.1084,-4.2445,36.631
-29.607,-23.806,2.2125,-49.109,-20.219,-2.7107,-28.583,-8.5955,31.157,-40.201,-9.5135,-29.711,-25.794,-8.1084,-4.2445,36.631
-29.607,-23.806,2.2125,-49.109,-20.219,-2.7107,-28.583,-8.5955,31.157,-40.201,-9.5135,-29.711,-25.794,-8.1084,-4.2445,36.631
-29.625,-23.697,2.2347,-49.067,-20.356,-2.671,-28.617,-8.6958,31.337,-40.083,-9.361,-29.438,-25.786,-8.1836,-4.1784,36.447
-29.625,-23.697,2.2347,-49.067,-20.356,-2.671,-28.617,-8.6958,31.337,-40.083,-9.361,-29.438,-25.786,-8.1836,-4.1784,36.447
-29.641,-23.587,2.2578,-49.024,-20.492,-2.6318,-28.649,-8.7959,31.517,-39.965,-9.2065,-29.164,-25.778,-8.259,-4.1113,36.262
-29.655,-23.477,2.2819,-48.979,-20.626,-2.5932,-28.681,-8.8959,31.697,-39.845,-9.0501,-28.888,-25.768,-8.3349,-4.0432,36.076
-29.655,-23.477,2.2819,-48.979,-20.626,-2.5932,-28.681,-8.8959,31.697,-39.845,-9.0501,-28.888,-25.768,-8.3349,-4.0432,36.076
-29.668,-23.367,2.307,-48.933,-20.76,-2.555,-28.71,-8.9956,31.877,-39.723,-8.8917,-28.612,-25.757,-8.411,-3.9742,35.889
-29.668,-23.367,2.307,-48.933,-20.76,-2.555,-28.71,-8.9956,31.877,-39.723,-8.8917,-28.612,-25.757,-8.411,-3.9742,35.889
-29.679,-23.257,2.333,-48.886,-20.892,-2.5174,-28.739,-9.0952,32.057,-39.6,-8.7314,-28.334,-25.746,-8.4875,-3.9042,35.701
-29.688,-23.146,2.3599,-48.838,-21.022,-2.4803,-28.765,-9.1945,32.237,-39.476,-8.5692,-28.056,-25.733,-8.5644,-3.8333,35.512
-29.688,-23.146,2.3599,-48.838,-21.022,-2.4803,-28.765,-9.1945,32.237,-39.476,-8.5692,-28.056,-25.733,-8.5644,-3.8333,35.512
-29.696,-23.036,2.3878,-48.789,-21.152,-2.4436,-28.791,-9.2936,32.417,-39.35,-8.4051,-27.776,-25.719,-8.6415,-3.7614,35.322
-29.696,-23.036,2.3878,-48.789,-21.152,-2.4436,-28.791,-9.2936,32.417,-39.35,-8.4051,-27.776,-25.719,-8.6415,-3.7614,35.322
-29.696,-23.036,2.3878,-48.789,-21.152,-2.4436,-28.791,-9.2936,32.417,-39.35,-8.4051,-27.776,-25.719,-8.6415,-3.7614,35.322
-29.702,-22.924,2.4166,-48.739,-21.28,-2.4074,-28.815,-9.3925,32.597,-39.223,-8.2391,-27.495,-25.704,-8.7189,-3.6885,35.131
-29.702,-22.924,2.4166,-48.739,-21.28,-2.4074,-28.815,-9.3925,32.597,-39.223,-8.2391,-27.495,-25.704,-8.7189,-3.6885,35.131
-29.706,-22.813,2.4464,-48.687,-21.406,-2.3717,-28.837,-9.4911,32.777,-39.094,-8.0713,-27.213,-25.688,-8.7967,-3.6147,34.94
-29.706,-22.813,2.4464,-48.687,-21.406,-2.3717,-28.837,-9.4911,32.777,-39.094,-8.0713,-27.213,-25.688,-8.7967,-3.6147,34.94
-29.709,-22.702,2.477,-48.634,-21.532,-2.3364,-28.858,-9.5893,32.956,-38.964,-7.9016,-26.93,-25.671,-8.8747,-3.5399,34.747
-29.709,-22.702,2.477,-48.634,-21.532,-2.3364,-28.858,-9.5893,32.956,-38.964,-7.9016,-26.93,-25.671,-8.8747,-3.5399,34.747
-29.709,-22.702,2.477,-48.634,-21.532,-2.3364,-28.858,-9.5893,32.956,-38.964,-7.9016,-26.93,-25.671,-8.8747,-3.5399,34.747
-29.71,-22.59,2.5086,-48.58,-21.656,-2.3016,-28.877,-9.6873,33.136,-38.833,-7.73,-26.646,-25.653,-8.9529,-3.4642,34.553
-29.71,-22.59,2.5086,-48.58,-21.656,-2.3016,-28.877,-9.6873,33.136,-38.833,-7.73,-26.646,-25.653,-8.9529,-3.4642,34.553
-29.71,-22.478,2.5412,-48.525,-21.778,-2.2671,-28.895,-9.785,33.315,-38.7,-7.5566,-26.361,-25.634,-9.0315,-3.3875,34.359
-29.708,-22.365,2.5746,-48.468,-21.899,-2.2331,-28.911,-9.8824,33.494,-38.565,-7.3814,-26.075,-25.614,-9.1102,-3.3098,34.164
-29.708,-22.365,2.5746,-48.468,-21.899,-2.2331,-28.911,-9.8824,33.494,-38.565,-7.3814,-26.075,-25.614,-9.1102,-3.3098,34.164
-29.708,-22.365,2.5746,-48.468,-21.899,-2.2331,-28.911,-9.8824,33.494,-38.565,-7.3814,-26.075,-25.614,-9.1102,-3.3098,34.164
-29.704,-22.253,2.609,-48.411,-22.019,-2.1994,-28.926,-9.9794,33.673,-38.429,-7.2044,-25.787,-25.592,-9.1892,-3.2311,33.968
-29.699,-22.14,2.6442,-48.352,-22.138,-2.1662,-28.939,-10.076,33.852,-38.291,-7.0255,-25.499,-25.57,-9.2685,-3.1515,33.771
-29.692,-22.027,2.6804,-48.291,-22.255,-2.1333,-28.951,-10.172,34.031,-38.152,-6.8449,-25.21,-25.546,-9.3479,-3.071,33.573
-29.692,-22.027,2.6804,-48.291,-22.255,-2.1333,-28.951,-10.172,34.031,-38.152,-6.8449,-25.21,-25.546,-9.3479,-3.071,33.573
-29.692,-22.027,2.6804,-48.291,-22.255,-2.1333,-28.951,-10.172,34.031,-38.152,-6.8449,-25.21,-25.546,-9.3479,-3.071,33.573
-29.684,-21.913,2.7175,-48.23,-22.37,-2.1007,-28.962,-10.268,34.209,-38.011,-6.6625,-24.919,-25.521,-9.4276,-2.9895,33.375
-29.684,-21.913,2.7175,-48.23,-22.37,-2.1007,-28.962,-10.268,34.209,-38.011,-6.6625,-24.919,-25.521,-9.4276,-2.9895,33.375
-29.674,-21.799,2.7554,-48.167,-22.484,-2.0685,-28.971,-10.364,34.387,-37.869,-6.4784,-24.628,-25.495,-9.5074,-2.907,33.176
-29.674,-21.799,2.7554,-48.167,-22.484,-2.0685,-28.971,-10.364,34.387,-37.869,-6.4784,-24.628,-25.495,-9.5074,-2.907,33.176
-29.674,-21.799,2.7554,-48.167,-22.484,-2.0685,-28.971,-10.364,34.387,-37.869,-6.4784,-24.628,-25.495,-9.5074,-2.907,33.176
-29.649,-21.57,2.834,-48.038,-22.709,-2.005,-28.984,-10.553,34.743,-37.58,-6.1048,-24.042,-25.44,-9.6676,-2.7392,32.775
-29.649,-21.57,2.834,-48.038,-22.709,-2.005,-28.984,-10.553,34.743,-37.58,-6.1048,-24.042,-25.44,-9.6676,-2.7392,32.775
-29.649,-21.57,2.834,-48.038,-22.709,-2.005,-28.984,-10.553,34.743,-37.58,-6.1048,-24.042,-25.44,-9.6676,-2.7392,32.775
-29.634,-21.456,2.8746,-47.971,-22.819,-1.9737,-28.988,-10.648,34.92,-37.433,-5.9155,-23.748,-25.41,-9.748,-2.6539,32.574
-29.634,-21.456,2.8746,-47.971,-22.819,-1.9737,-28.988,-10.648,34.92,-37.433,-5.9155,-23.748,-25.41,-9.748,-2.6539,32.574
-29.618,-21.34,2.9161,-47.903,-22.928,-1.9427,-28.991,-10.741,35.096,-37.284,-5.7244,-23.452,-25.38,-9.8285,-2.5676,32.372
-29.618,-21.34,2.9161,-47.903,-22.928,-1.9427,-28.991,-10.741,35.096,-37.284,-5.7244,-23.452,-25.38,-9.8285,-2.5676,32.372
-29.6,-21.225,2.9584,-47.834,-23.035,-1.9119,-28.993,-10.835,35.273,-37.134,-5.5317,-23.156,-25.348,-9.9091,-2.4803,32.169
-29.6,-21.225,2.9584,-47.834,-23.035,-1.9119,-28.993,-10.835,35.273,-37.134,-5.5317,-23.156,-25.348,-9.9091,-2.4803,32.169
-29.581,-21.109,3.0016,-47.763,-23.141,-1.8814,-28.992,-10.927,35.449,-36.982,-5.3373,-22.858,-25.315,-9.9899,-2.3922,31.966
-29.581,-21.109,3.0016,-47.763,-23.141,-1.8814,-28.992,-10.927,35.449,-36.982,-5.3373,-22.858,-25.315,-9.9899,-2.3922,31.966
-29.559,-20.992,3.0457,-47.691,-23.245,-1.8512,-28.991,-11.02,35.625,-36.829,-5.1412,-22.56,-25.281,-10.071,-2.303,31.762
-29.559,-20.992,3.0457,-47.691,-23.245,-1.8512,-28.991,-11.02,35.625,-36.829,-5.1412,-22.56,-25.281,-10.071,-2.303,31.762
-29.537,-20.876,3.0906,-47.618,-23.348,-1.8211,-28.988,-11.111,35.8,-36.674,-4.9435,-22.26,-25.246,-10.152,-2.2129,31.558
-29.537,-20.876,3.0906,-47.618,-23.348,-1.8211,-28.988,-11.111,35.8,-36.674,-4.9435,-22.26,-25.246,-10.152,-2.2129,31.558
-29.513,-20.759,3.1363,-47.544,-23.449,-1.7913,-28.983,-11.203,35.974,-36.518,-4.7441,-21.96,-25.21,-10.233,-2.1219,31.353
-29.513,-20.759,3.1363,-47.544,-23.449,-1.7913,-28.983,-11.203,35.974,-36.518,-4.7441,-21.96,-25.21,-10.233,-2.1219,31.353
-29.487,-20.641,3.1829,-47.468,-23.549,-1.7617,-28.977,-11.293,36.149,-36.359,-4.5431,-21.659,-25.172,-10.314,-2.03,31.147
-29.487,-20.641,3.1829,-47.468,-23.549,-1.7617,-28.977,-11.293,36.149,-36.359,-4.5431,-21.659,-25.172,-10.314,-2.03,31.147
-29.459,-20.523,3.2303,-47.391,-23.648,-1.7322,-28.969,-11.383,36.323,-36.2,-4.3405,-21.356,-25.133,-10.395,-1.9371,30.941
-29.459,-20.523,3.2303,-47.391,-23.648,-1.7322,-28.969,-11.383,36.323,-36.2,-4.3405,-21.356,-25.133,-10.395,-1.9371,30.941
-29.43,-20.405,3.2785,-47.313,-23.745,-1.7029,-28.96,-11.473,36.496,-36.038,-4.1364,-21.053,-25.093,-10.476,-1.8433,30.734
-29.4,-20.286,3.3276,-47.233,-23.841,-1.6738,-28.95,-11.562,36.669,-35.875,-3.9306,-20.749,-25.052,-10.558,-1.7485,30.527
-29.4,-20.286,3.3276,-47.233,-23.841,-1.6738,-28.95,-11.562,36.669,-35.875,-3.9306,-20.749,-25.052,-10.558,-1.7485,30.527
-29.4,-20.286,3.3276,-47.233,-23.841,-1.6738,-28.95,-11.562,36.669,-35.875,-3.9306,-20.749,-25.052,-10.558,-1.7485,30.527
-29.368,-20.167,3.3775,-47.152,-23.935,-1.6448,-28.938,-11.65,36.841,-35.71,-3.7233,-20.444,-25.01,-10.639,-1.6528,30.319
-29.368,-20.167,3.3775,-47.152,-23.935,-1.6448,-28.938,-11.65,36.841,-35.71,-3.7233,-20.444,-25.01,-10.639,-1.6528,30.319
-29.334,-20.047,3.4281,-47.069,-24.028,-1.6159,-28.924,-11.738,37.012,-35.544,-3.5145,-20.138,-24.966,-10.721,-1.5562,30.111
-29.334,-20.047,3.4281,-47.069,-24.028,-1.6159,-28.924,-11.738,37.012,-35.544,-3.5145,-20.138,-24.966,-10.721,-1.5562,30.111
-29.299,-19.927,3.4796,-46.986,-24.12,-1.5871,-28.909,-11.825,37.183,-35.376,-3.3041,-19.831,-24.922,-10.802,-1.4587,29.902
-29.299,-19.927,3.4796,-46.986,-24.12,-1.5871,-28.909,-11.825,37.183,-35.376,-3.3041,-19.831,-24.922,-10.802,-1.4587,29.902
-29.262,-19.807,3.5319,-46.9,-24.21,-1.5584,-28.893,-11.911,37.354,-35.206,-3.0922,-19.523,-24.876,-10.884,-1.3602,29.693
-29.224,-19.686,3.5849,-46.814,-24.298,-1.5298,-28.875,-11.997,37.523,-35.035,-2.8788,-19.214,-24.828,-10.965,-1.2609,29.484
-29.224,-19.686,3.5849,-46.814,-24.298,-1.5298,-28.875,-11.997,37.523,-35.035,-2.8788,-19.214,-24.828,-10.965,-1.2609,29.484
-29.184,-19.564,3.6387,-46.726,-24.385,-1.5013,-28.855,-12.082,37.693,-34.862,-2.6639,-18.904,-24.78,-11.046,-1.1606,29.274
-29.184,-19.564,3.6387,-46.726,-24.385,-1.5013,-28.855,-12.082,37.693,-34.862,-2.6639,-18.904,-24.78,-11.046,-1.1606,29.274
-29.184,-19.564,3.6387,-46.726,-24.385,-1.5013,-28.855,-12.082,37.693,-34.862,-2.6639,-18.904,-24.78,-11.046,-1.1606,29.274
-29.143,-19.442,3.6933,-46.637,-24.471,-1.4728,-28.834,-12.166,37.861,-34.687,-2.4476,-18.593,-24.73,-11.128,-1.0594,29.063
-29.143,-19.442,3.6933,-46.637,-24.471,-1.4728,-28.834,-12.166,37.861,-34.687,-2.4476,-18.593,-24.73,-11.128,-1.0594,29.063
-29.143,-19.442,3.6933,-46.637,-24.471,-1.4728,-28.834,-12.166,37.861,-34.687,-2.4476,-18.593,-24.73,-11.128,-1.0594,29.063
-29.1,-19.32,3.7487,-46.546,-24.555,-1.4443,-28.812,-12.25,38.029,-34.51,-2.2299,-18.282,-24.679,-11.209,-0.95732,28.853
-29.1,-19.32,3.7487,-46.546,-24.555,-1.4443,-28.812,-12.25,38.029,-34.51,-2.2299,-18.282,-24.679,-11.209,-0.95732,28.853
-29.1,-19.32,3.7487,-46.546,-24.555,-1.4443,-28.812,-12.25,38.029,-34.51,-2.2299,-18.282,-24.679,-11.209,-0.95732,28.853
-29.1,-19.32,3.7487,-46.546,-24.555,-1.4443,-28.812,-12.25,38.029,-34.51,-2.2299,-18.282,-24.679,-11.209,-0.95732,28.853
-29.01,-19.074,3.8617,-46.361,-24.719,-1.3874,-28.762,-12.415,38.362,-34.152,-1.79,-17.656,-24.574,-11.372,-0.75046,28.43
-29.01,-19.074,3.8617,-46.361,-24.719,-1.3874,-28.762,-12.415,38.362,-34.152,-1.79,-17.656,-24.574,-11.372,-0.75046,28.43
-29.01,-19.074,3.8617,-46.361,-24.719,-1.3874,-28.762,-12.415,38.362,-34.152,-1.79,-17.656,-24.574,-11.372,-0.75046,28.43
-28.914,-18.826,3.9777,-46.169,-24.878,-1.3305,-28.707,-12.577,38.692,-33.787,-1.3446,-17.026,-24.463,-11.534,-0.54004,28.007
-28.914,-18.826,3.9777,-46.169,-24.878,-1.3305,-28.707,-12.577,38.692,-33.787,-1.3446,-17.026,-24.463,-11.534,-0.54004,28.007
-28.914,-18.826,3.9777,-46.169,-24.878,-1.3305,-28.707,-12.577,38.692,-33.787,-1.3446,-17.026,-24.463,-11.534,-0.54004,28.007
-28.864,-18.701,4.0368,-46.072,-24.955,-1.302,-28.677,-12.657,38.856,-33.602,-1.1199,-16.71,-24.406,-11.615,-0.4335,27.794
-28.864,-18.701,4.0368,-46.072,-24.955,-1.302,-28.677,-12.657,38.856,-33.602,-1.1199,-16.71,-24.406,-11.615,-0.4335,27.794
-28.864,-18.701,4.0368,-46.072,-24.955,-1.302,-28.677,-12.657,38.856,-33.602,-1.1199,-16.71,-24.406,-11.615,-0.4335,27.794
-28.864,-18.701,4.0368,-46.072,-24.955,-1.302,-28.677,-12.657,38.856,-33.602,-1.1199,-16.71,-24.406,-11.615,-0.4335,27.794
-28.759,-18.449,4.1571,-45.872,-25.104,-1.2447,-28.613,-12.814,39.181,-33.227,-0.66635,-16.076,-24.288,-11.777,-0.21781,27.369
-28.759,-18.449,4.1571,-45.872,-25.104,-1.2447,-28.613,-12.814,39.181,-33.227,-0.66635,-16.076,-24.288,-11.777,-0.21781,27.369
-28.759,-18.449,4.1571,-45.872,-25.104,-1.2447,-28.613,-12.814,39.181,-33.227,-0.66635,-16.076,-24.288,-11.777,-0.21781,27.369
-28.649,-18.196,4.2802,-45.667,-25.248,-1.1871,-28.544,-12.968,39.503,-32.844,-0.20758,-15.438,-24.165,-11.938,0.0013426,26.943
-28.649,-18.196,4.2802,-45.667,-25.248,-1.1871,-28.544,-12.968,39.503,-32.844,-0.20758,-15.438,-24.165,-11.938,0.0013426,26.943
-28.591,-18.068,4.3428,-45.563,-25.317,-1.1581,-28.507,-13.043,39.663,-32.651,0.023734,-15.117,-24.102,-12.019,0.1122,26.73
-28.591,-18.068,4.3428,-45.563,-25.317,-1.1581,-28.507,-13.043,39.663,-32.651,0.023734,-15.117,-24.102,-12.019,0.1122,26.73
-28.532,-17.94,4.4061,-45.456,-25.386,-1.129,-28.468,-13.118,39.821,-32.455,0.2563,-14.796,-24.037,-12.099,0.22391,26.516
-28.472,-17.812,4.4701,-45.349,-25.452,-1.0997,-28.428,-13.192,39.979,-32.258,0.49011,-14.474,-23.971,-12.179,0.33647,26.302
-28.472,-17.812,4.4701,-45.349,-25.452,-1.0997,-28.428,-13.192,39.979,-32.258,0.49011,-14.474,-23.971,-12.179,0.33647,26.302
-28.41,-17.682,4.5347,-45.24,-25.518,-1.0702,-28.387,-13.265,40.136,-32.059,0.72515,-14.151,-23.904,-12.259,0.44986,26.089
-28.41,-17.682,4.5347,-45.24,-25.518,-1.0702,-28.387,-13.265,40.136,-32.059,0.72515,-14.151,-23.904,-12.259,0.44986,26.089
-28.41,-17.682,4.5347,-45.24,-25.518,-1.0702,-28.387,-13.265,40.136,-32.059,0.72515,-14.151,-23.904,-12.259,0.44986,26.089
-28.346,-17.553,4.6,-45.129,-25.582,-1.0406,-28.344,-13.337,40.291,-31.858,0.96139,-13.828,-23.835,-12.339,0.56408,25.875
-28.346,-17.553,4.6,-45.129,-25.582,-1.0406,-28.344,-13.337,40.291,-31.858,0.96139,-13.828,-23.835,-12.339,0.56408,25.875
-28.346,-17.553,4.6,-45.129,-25.582,-1.0406,-28.344,-13.337,40.291,-31.858,0.96139,-13.828,-23.835,-12.339,0.56408,25.875
-28.282,-17.422,4.666,-45.018,-25.644,-1.0108,-28.3,-13.409,40.446,-31.655,1.1988,-13.503,-23.766,-12.418,0.67913,25.661
-28.216,-17.291,4.7326,-44.904,-25.705,-0.98072,-28.255,-13.479,40.6,-31.451,1.4374,-13.178,-23.695,-12.497,0.795,25.447
-28.148,-17.16,4.7998,-44.789,-25.765,-0.95044,-28.208,-13.548,40.752,-31.244,1.6771,-12.852,-23.622,-12.577,0.91168,25.232
-28.148,-17.16,4.7998,-44.789,-25.765,-0.95044,-28.208,-13.548,40.752,-31.244,1.6771,-12.852,-23.622,-12.577,0.91168,25.232
-28.079,-17.027,4.8676,-44.673,-25.823,-0.91991,-28.159,-13.616,40.904,-31.036,1.918,-12.525,-23.549,-12.655,1.0292,25.018
-28.079,-17.027,4.8676,-44.673,-25.823,-0.91991,-28.159,-13.616,40.904,-31.036,1.918,-12.525,-23.549,-12.655,1.0292,25.018
-28.079,-17.027,4.8676,-44.673,-25.823,-0.91991,-28.159,-13.616,40.904,-31.036,1.918,-12.525,-23.549,-12.655,1.0292,25.018
-28.009,-16.895,4.9361,-44.555,-25.879,-0.88912,-28.109,-13.684,41.054,-30.826,2.16,-12.197,-23.474,-12.734,1.1474,24.804
-28.009,-16.895,4.9361,-44.555,-25.879,-0.88912,-28.109,-13.684,41.054,-30.826,2.16,-12.197,-23.474,-12.734,1.1474,24.804
-27.937,-16.761,5.0052,-44.436,-25.935,-0.85804,-28.058,-13.75,41.203,-30.615,2.4031,-11.868,-23.398,-12.812,1.2665,24.59
-27.937,-16.761,5.0052,-44.436,-25.935,-0.85804,-28.058,-13.75,41.203,-30.615,2.4031,-11.868,-23.398,-12.812,1.2665,24.59
-27.864,-16.627,5.0748,-44.316,-25.989,-0.82667,-28.006,-13.815,41.351,-30.401,2.6472,-11.539,-23.32,-12.89,1.3864,24.376
-27.864,-16.627,5.0748,-44.316,-25.989,-0.82667,-28.006,-13.815,41.351,-30.401,2.6472,-11.539,-23.32,-12.89,1.3864,24.376
-27.79,-16.493,5.1451,-44.194,-26.041,-0.79499,-27.952,-13.88,41.498,-30.186,2.8924,-11.209,-23.241,-12.968,1.507,24.161
-27.79,-16.493,5.1451,-44.194,-26.041,-0.79499,-27.952,-13.88,41.498,-30.186,2.8924,-11.209,-23.241,-12.968,1.507,24.161
-27.714,-16.357,5.2159,-44.07,-26.092,-0.76298,-27.896,-13.943,41.644,-29.969,3.1387,-10.878,-23.161,-13.046,1.6284,23.947
-27.714,-16.357,5.2159,-44.07,-26.092,-0.76298,-27.896,-13.943,41.644,-29.969,3.1387,-10.878,-23.161,-13.046,1.6284,23.947
-27.714,-16.357,5.2159,-44.07,-26.092,-0.76298,-27.896,-13.943,41.644,-29.969,3.1387,-10.878,-23.161,-13.046,1.6284,23.947
-27.637,-16.221,5.2873,-43.945,-26.141,-0.73063,-27.84,-14.005,41.789,-29.75,3.386,-10.546,-23.08,-13.123,1.7506,23.733
-27.637,-16.221,5.2873,-43.945,-26.141,-0.73063,-27.84,-14.005,41.789,-29.75,3.386,-10.546,-23.08,-13.123,1.7506,23.733
-27.558,-16.085,5.3593,-43.819,-26.19,-0.69791,-27.782,-14.066,41.932,-29.529,3.6342,-10.214,-22.997,-13.2,1.8735,23.519
-27.479,-15.948,5.4318,-43.691,-26.236,-0.66482,-27.722,-14.126,42.074,-29.307,3.8835,-9.8807,-22.913,-13.277,1.9972,23.306
-27.398,-15.81,5.5049,-43.561,-26.282,-0.63134,-27.662,-14.185,42.215,-29.083,4.1336,-9.5468,-22.828,-13.353,2.1216,23.092
-27.398,-15.81,5.5049,-43.561,-26.282,-0.63134,-27.662,-14.185,42.215,-29.083,4.1336,-9.5468,-22.828,-13.353,2.1216,23.092
-27.315,-15.671,5.5785,-43.43,-26.325,-0.59745,-27.6,-14.243,42.355,-28.856,4.3848,-9.2121,-22.742,-13.429,2.2467,22.878
-27.315,-15.671,5.5785,-43.43,-26.325,-0.59745,-27.6,-14.243,42.355,-28.856,4.3848,-9.2121,-22.742,-13.429,2.2467,22.878
-27.315,-15.671,5.5785,-43.43,-26.325,-0.59745,-27.6,-14.243,42.355,-28.856,4.3848,-9.2121,-22.742,-13.429,2.2467,22.878
-27.232,-15.532,5.6526,-43.298,-26.368,-0.56314,-27.536,-14.3,42.493,-28.628,4.6368,-8.8766,-22.654,-13.505,2.3726,22.665
-27.232,-15.532,5.6526,-43.298,-26.368,-0.56314,-27.536,-14.3,42.493,-28.628,4.6368,-8.8766,-22.654,-13.505,2.3726,22.665
-27.232,-15.532,5.6526,-43.298,-26.368,-0.56314,-27.536,-14.3,42.493,-28.628,4.6368,-8.8766,-22.654,-13.505,2.3726,22.665
-27.147,-15.392,5.7272,-43.164,-26.409,-0.52839,-27.472,-14.355,42.63,-28.398,4.8898,-8.5404,-22.565,-13.58,2.4991,22.452
-27.06,-15.251,5.8024,-43.028,-26.449,-0.49318,-27.406,-14.41,42.766,-28.167,5.1436,-8.2034,-22.474,-13.655,2.6264,22.239
-26.973,-15.11,5.878,-42.891,-26.487,-0.4575,-27.338,-14.463,42.9,-27.933,5.3983,-7.8657,-22.383,-13.729,2.7544,22.026
-26.973,-15.11,5.878,-42.891,-26.487,-0.4575,-27.338,-14.463,42.9,-27.933,5.3983,-7.8657,-22.383,-13.729,2.7544,22.026
-26.973,-15.11,5.878,-42.891,-26.487,-0.4575,-27.338,-14.463,42.9,-27.933,5.3983,-7.8657,-22.383,-13.729,2.7544,22.026
-26.884,-14.968,5.9541,-42.753,-26.524,-0.42133,-27.27,-14.515,43.033,-27.698,5.6538,-7.5273,-22.29,-13.803,2.883,21.813
-26.884,-14.968,5.9541,-42.753,-26.524,-0.42133,-27.27,-14.515,43.033,-27.698,5.6538,-7.5273,-22.29,-13.803,2.883,21.813
-26.794,-14.825,6.0307,-42.613,-26.559,-0.38466,-27.2,-14.566,43.164,-27.461,5.9102,-7.1882,-22.195,-13.877,3.0123,21.601
-26.794,-14.825,6.0307,-42.613,-26.559,-0.38466,-27.2,-14.566,43.164,-27.461,5.9102,-7.1882,-22.195,-13.877,3.0123,21.601
-26.703,-14.682,6.1078,-42.472,-26.594,-0.34746,-27.128,-14.616,43.294,-27.222,6.1673,-6.8483,-22.1,-13.95,3.1423,21.389
-26.703,-14.682,6.1078,-42.472,-26.594,-0.34746,-27.128,-14.616,43.294,-27.222,6.1673,-6.8483,-22.1,-13.95,3.1423,21.389
-26.61,-14.538,6.1853,-42.329,-26.626,-0.30973,-27.056,-14.664,43.423,-26.981,6.4252,-6.5078,-22.003,-14.023,3.273,21.177
-26.516,-14.393,6.2633,-42.184,-26.658,-0.27145,-26.982,-14.711,43.55,-26.738,6.6839,-6.1665,-21.905,-14.096,3.4043,20.966
-26.516,-14.393,6.2633,-42.184,-26.658,-0.27145,-26.982,-14.711,43.55,-26.738,6.6839,-6.1665,-21.905,-14.096,3.4043,20.966
-26.421,-14.248,6.3417,-42.038,-26.688,-0.2326,-26.907,-14.757,43.675,-26.494,6.9433,-5.8245,-21.805,-14.168,3.5362,20.755
-26.421,-14.248,6.3417,-42.038,-26.688,-0.2326,-26.907,-14.757,43.675,-26.494,6.9433,-5.8245,-21.805,-14.168,3.5362,20.755
-26.421,-14.248,6.3417,-42.038,-26.688,-0.2326,-26.907,-14.757,43.675,-26.494,6.9433,-5.8245,-21.805,-14.168,3.5362,20.755
-26.325,-14.101,6.4206,-41.891,-26.717,-0.19317,-26.831,-14.802,43.799,-26.247,7.2035,-5.4818,-21.704,-14.239,3.6688,20.544
-26.325,-14.101,6.4206,-41.891,-26.717,-0.19317,-26.831,-14.802,43.799,-26.247,7.2035,-5.4818,-21.704,-14.239,3.6688,20.544
-26.325,-14.101,6.4206,-41.891,-26.717,-0.19317,-26.831,-14.802,43.799,-26.247,7.2035,-5.4818,-21.704,-14.239,3.6688,20.544
-26.228,-13.954,6.4998,-41.742,-26.744,-0.15313,-26.753,-14.846,43.922,-25.999,7.4643,-5.1385,-21.602,-14.31,3.8019,20.333
-26.129,-13.807,6.5795,-41.591,-26.77,-0.11248,-26.675,-14.888,44.043,-25.749,7.7258,-4.7944,-21.499,-14.381,3.9357,20.123
-26.129,-13.807,6.5795,-41.591,-26.77,-0.11248,-26.675,-14.888,44.043,-25.749,7.7258,-4.7944,-21.499,-14.381,3.9357,20.123
-26.03,-13.658,6.6595,-41.439,-26.795,-0.071203,-26.595,-14.929,44.162,-25.497,7.9879,-4.4497,-21.394,-14.451,4.0701,19.914
-26.03,-13.658,6.6595,-41.439,-26.795,-0.071203,-26.595,-14.929,44.162,-25.497,7.9879,-4.4497,-21.394,-14.451,4.0701,19.914
-25.929,-13.509,6.7399,-41.286,-26.818,-0.029274,-26.513,-14.968,44.28,-25.243,8.2507,-4.1043,-21.288,-14.52,4.2051,19.705
-25.929,-13.509,6.7399,-41.286,-26.818,-0.029274,-26.513,-14.968,44.28,-25.243,8.2507,-4.1043,-21.288,-14.52,4.2051,19.705
-25.929,-13.509,6.7399,-41.286,-26.818,-0.029274,-26.513,-14.968,44.28,-25.243,8.2507,-4.1043,-21.288,-14.52,4.2051,19.705
-25.827,-13.359,6.8208,-41.131,-26.84,0.013319,-26.431,-15.007,44.396,-24.988,8.5141,-3.7583,-21.181,-14.589,4.3406,19.496
-25.827,-13.359,6.8208,-41.131,-26.84,0.013319,-26.431,-15.007,44.396,-24.988,8.5141,-3.7583,-21.181,-14.589,4.3406,19.496
-25.724,-13.208,6.9019,-40.974,-26.861,0.056591,-26.347,-15.044,44.511,-24.73,8.778,-3.4115,-21.073,-14.658,4.4767,19.288
-25.619,-13.057,6.9835,-40.816,-26.88,0.10056,-26.263,-15.079,44.624,-24.471,9.0426,-3.0641,-20.963,-14.726,4.6134,19.08
-25.514,-12.904,7.0653,-40.657,-26.898,0.14524,-26.177,-15.113,44.735,-24.21,9.3077,-2.7161,-20.852,-14.794,4.7506,18.872
-25.514,-12.904,7.0653,-40.657,-26.898,0.14524,-26.177,-15.113,44.735,-24.21,9.3077,-2.7161,-20.852,-14.794,4.7506,18.872
-25.407,-12.751,7.1475,-40.496,-26.915,0.19064,-26.09,-15.146,44.844,-23.947,9.5733,-2.3674,-20.739,-14.86,4.8883,18.666
-25.407,-12.751,7.1475,-40.496,-26.915,0.19064,-26.09,-15.146,44.844,-23.947,9.5733,-2.3674,-20.739,-14.86,4.8883,18.666
-25.407,-12.751,7.1475,-40.496,-26.915,0.19064,-26.09,-15.146,44.844,-23.947,9.5733,-2.3674,-20.739,-14.86,4.8883,18.666
-25.3,-12.597,7.23,-40.333,-26.931,0.23679,-26.001,-15.178,44.952,-23.682,9.8394,-2.0181,-20.626,-14.927,5.0265,18.459
-25.3,-12.597,7.23,-40.333,-26.931,0.23679,-26.001,-15.178,44.952,-23.682,9.8394,-2.0181,-20.626,-14.927,5.0265,18.459
-25.3,-12.597,7.23,-40.333,-26.931,0.23679,-26.001,-15.178,44.952,-23.682,9.8394,-2.0181,-20.626,-14.927,5.0265,18.459
-25.191,-12.443,7.3129,-40.169,-26.945,0.2837,-25.912,-15.208,45.058,-23.415,10.106,-1.6681,-20.511,-14.993,5.1653,18.253
-25.191,-12.443,7.3129,-40.169,-26.945,0.2837,-25.912,-15.208,45.058,-23.415,10.106,-1.6681,-20.511,-14.993,5.1653,18.253
-24.97,-12.131,7.4794,-39.836,-26.97,0.37985,-25.73,-15.264,45.265,-22.876,10.64,-0.96632,-20.277,-15.123,5.4443,17.844
-24.97,-12.131,7.4794,-39.836,-26.97,0.37985,-25.73,-15.264,45.265,-22.876,10.64,-0.96632,-20.277,-15.123,5.4443,17.844
-24.858,-11.974,7.5631,-39.668,-26.98,0.42913,-25.637,-15.29,45.366,-22.604,10.908,-0.61449,-20.158,-15.187,5.5845,17.639
-24.858,-11.974,7.5631,-39.668,-26.98,0.42913,-25.637,-15.29,45.366,-22.604,10.908,-0.61449,-20.158,-15.187,5.5845,17.639
-24.858,-11.974,7.5631,-39.668,-26.98,0.42913,-25.637,-15.29,45.366,-22.604,10.908,-0.61449,-20.158,-15.187,5.5845,17.639
-24.745,-11.816,7.6471,-39.497,-26.989,0.47923,-25.543,-15.314,45.465,-22.33,11.177,-0.26204,-20.038,-15.25,5.7251,17.436
-24.745,-11.816,7.6471,-39.497,-26.989,0.47923,-25.543,-15.314,45.465,-22.33,11.177,-0.26204,-20.038,-15.25,5.7251,17.436
-24.631,-11.657,7.7313,-39.326,-26.997,0.53017,-25.448,-15.337,45.562,-22.054,11.445,0.091008,-19.917,-15.313,5.8662,17.233
-24.631,-11.657,7.7313,-39.326,-26.997,0.53017,-25.448,-15.337,45.562,-22.054,11.445,0.091008,-19.917,-15.313,5.8662,17.233
-24.516,-11.498,7.8158,-39.152,-27.004,0.58195,-25.352,-15.359,45.658,-21.777,11.714,0.44466,-19.794,-15.375,6.0077,17.031
-24.516,-11.498,7.8158,-39.152,-27.004,0.58195,-25.352,-15.359,45.658,-21.777,11.714,0.44466,-19.794,-15.375,6.0077,17.031
-24.4,-11.338,7.9005,-38.978,-27.009,0.63461,-25.255,-15.379,45.751,-21.497,11.984,0.79891,-19.67,-15.436,6.1497,16.83
-24.283,-11.177,7.9854,-38.801,-27.014,0.68815,-25.157,-15.397,45.843,-21.216,12.253,1.1537,-19.545,-15.497,6.2921,16.629
-24.283,-11.177,7.9854,-38.801,-27.014,0.68815,-25.157,-15.397,45.843,-21.216,12.253,1.1537,-19.545,-15.497,6.2921,16.629
-24.283,-11.177,7.9854,-38.801,-27.014,0.68815,-25.157,-15.397,45.843,-21.216,12.253,1.1537,-19.545,-15.497,6.2921,16.629
-24.165,-11.015,8.0705,-38.624,-27.017,0.74259,-25.058,-15.414,45.933,-20.933,12.523,1.5092,-19.419,-15.557,6.4348,16.429
-24.165,-11.015,8.0705,-38.624,-27.017,0.74259,-25.058,-15.414,45.933,-20.933,12.523,1.5092,-19.419,-15.557,6.4348,16.429
-24.165,-11.015,8.0705,-38.624,-27.017,0.74259,-25.058,-15.414,45.933,-20.933,12.523,1.5092,-19.419,-15.557,6.4348,16.429
-24.046,-10.852,8.1558,-38.444,-27.019,0.79794,-24.958,-15.43,46.02,-20.648,12.793,1.8652,-19.291,-15.617,6.5779,16.229
-24.046,-10.852,8.1558,-38.444,-27.019,0.79794,-24.958,-15.43,46.02,-20.648,12.793,1.8652,-19.291,-15.617,6.5779,16.229
-23.926,-10.688,8.2413,-38.263,-27.019,0.85422,-24.856,-15.444,46.106,-20.361,13.064,2.2217,-19.162,-15.676,6.7215,16.031
-23.806,-10.524,8.327,-38.081,-27.019,0.91144,-24.754,-15.456,46.19,-20.072,13.334,2.5789,-19.032,-15.734,6.8653,15.833
-23.806,-10.524,8.327,-38.081,-27.019,0.91144,-24.754,-15.456,46.19,-20.072,13.334,2.5789,-19.032,-15.734,6.8653,15.833
-23.684,-10.359,8.4129,-37.897,-27.017,0.96963,-24.651,-15.467,46.272,-19.782,13.605,2.9365,-18.901,-15.791,7.0095,15.636
-23.684,-10.359,8.4129,-37.897,-27.017,0.96963,-24.651,-15.467,46.272,-19.782,13.605,2.9365,-18.901,-15.791,7.0095,15.636
-23.561,-10.192,8.4989,-37.712,-27.014,1.0288,-24.546,-15.476,46.352,-19.489,13.876,3.2948,-18.768,-15.848,7.154,15.439
-23.561,-10.192,8.4989,-37.712,-27.014,1.0288,-24.546,-15.476,46.352,-19.489,13.876,3.2948,-18.768,-15.848,7.154,15.439
-23.437,-10.025,8.585,-37.525,-27.01,1.0889,-24.441,-15.484,46.43,-19.195,14.147,3.6536,-18.635,-15.904,7.2989,15.244
-23.437,-10.025,8.585,-37.525,-27.01,1.0889,-24.441,-15.484,46.43,-19.195,14.147,3.6536,-18.635,-15.904,7.2989,15.244
-23.313,-9.8577,8.6713,-37.337,-27.005,1.1501,-24.335,-15.49,46.506,-18.9,14.418,4.0129,-18.5,-15.959,7.444,15.049
-23.313,-9.8577,8.6713,-37.337,-27.005,1.1501,-24.335,-15.49,46.506,-18.9,14.418,4.0129,-18.5,-15.959,7.444,15.049
-23.187,-9.689,8.7577,-37.147,-26.999,1.2123,-24.228,-15.495,46.579,-18.602,14.69,4.3728,-18.363,-16.014,7.5894,14.855
-23.061,-9.5194,8.8442,-36.955,-26.991,1.2755,-24.12,-15.498,46.651,-18.303,14.961,4.7332,-18.226,-16.067,7.7351,14.662
-23.061,-9.5194,8.8442,-36.955,-26.991,1.2755,-24.12,-15.498,46.651,-18.303,14.961,4.7332,-18.226,-16.067,7.7351,14.662
-23.061,-9.5194,8.8442,-36.955,-26.991,1.2755,-24.12,-15.498,46.651,-18.303,14.961,4.7332,-18.226,-16.067,7.7351,14.662
-22.934,-9.349,8.9307,-36.762,-26.983,1.3397,-24.011,-15.499,46.721,-18.001,15.233,5.0941,-18.087,-16.12,7.881,14.47
-22.934,-9.349,8.9307,-36.762,-26.983,1.3397,-24.011,-15.499,46.721,-18.001,15.233,5.0941,-18.087,-16.12,7.881,14.47
-22.806,-9.1777,9.0174,-36.568,-26.973,1.405,-23.901,-15.499,46.789,-17.698,15.504,5.4555,-17.947,-16.172,8.0272,14.279
-22.806,-9.1777,9.0174,-36.568,-26.973,1.405,-23.901,-15.499,46.789,-17.698,15.504,5.4555,-17.947,-16.172,8.0272,14.279
-22.677,-9.0055,9.1042,-36.372,-26.962,1.4714,-23.79,-15.497,46.854,-17.394,15.776,5.8175,-17.806,-16.224,8.1736,14.089
-22.547,-8.8325,9.191,-36.175,-26.95,1.5389,-23.679,-15.494,46.917,-17.087,16.047,6.1799,-17.664,-16.274,8.3202,13.899
-22.547,-8.8325,9.191,-36.175,-26.95,1.5389,-23.679,-15.494,46.917,-17.087,16.047,6.1799,-17.664,-16.274,8.3202,13.899
-22.416,-8.6585,9.2778,-35.976,-26.937,1.6075,-23.566,-15.489,46.979,-16.779,16.319,6.5429,-17.52,-16.324,8.4671,13.711
-22.416,-8.6585,9.2778,-35.976,-26.937,1.6075,-23.566,-15.489,46.979,-16.779,16.319,6.5429,-17.52,-16.324,8.4671,13.711
-22.416,-8.6585,9.2778,-35.976,-26.937,1.6075,-23.566,-15.489,46.979,-16.779,16.319,6.5429,-17.52,-16.324,8.4671,13.711
-22.285,-8.4837,9.3647,-35.775,-26.923,1.6772,-23.453,-15.482,47.038,-16.469,16.59,6.9063,-17.376,-16.373,8.6141,13.523
-22.285,-8.4837,9.3647,-35.775,-26.923,1.6772,-23.453,-15.482,47.038,-16.469,16.59,6.9063,-17.376,-16.373,8.6141,13.523
-22.153,-8.308,9.4516,-35.573,-26.908,1.7481,-23.339,-15.473,47.094,-16.157,16.861,7.2702,-17.23,-16.421,8.7612,13.337
-22.153,-8.308,9.4516,-35.573,-26.908,1.7481,-23.339,-15.473,47.094,-16.157,16.861,7.2702,-17.23,-16.421,8.7612,13.337
-22.02,-8.1314,9.5386,-35.37,-26.892,1.8201,-23.223,-15.463,47.149,-15.843,17.133,7.6346,-17.083,-16.468,8.9085,13.152
-22.02,-8.1314,9.5386,-35.37,-26.892,1.8201,-23.223,-15.463,47.149,-15.843,17.133,7.6346,-17.083,-16.468,8.9085,13.152
-21.886,-7.954,9.6255,-35.165,-26.875,1.8933,-23.108,-15.451,47.202,-15.528,17.404,7.9995,-16.935,-16.515,9.056,12.967
-21.886,-7.954,9.6255,-35.165,-26.875,1.8933,-23.108,-15.451,47.202,-15.528,17.404,7.9995,-16.935,-16.515,9.056,12.967
-21.752,-7.7756,9.7124,-34.959,-26.857,1.9676,-22.991,-15.437,47.252,-15.211,17.675,8.3648,-16.785,-16.561,9.2035,12.784
-21.752,-7.7756,9.7124,-34.959,-26.857,1.9676,-22.991,-15.437,47.252,-15.211,17.675,8.3648,-16.785,-16.561,9.2035,12.784
-21.752,-7.7756,9.7124,-34.959,-26.857,1.9676,-22.991,-15.437,47.252,-15.211,17.675,8.3648,-16.785,-16.561,9.2035,12.784
-21.617,-7.5963,9.7993,-34.751,-26.838,2.0432,-22.874,-15.422,47.3,-14.892,17.945,8.7306,-16.635,-16.605,9.3512,12.601
-21.617,-7.5963,9.7993,-34.751,-26.838,2.0432,-22.874,-15.422,47.3,-14.892,17.945,8.7306,-16.635,-16.605,9.3512,12.601
-21.481,-7.4162,9.8861,-34.542,-26.818,2.1199,-22.755,-15.405,47.345,-14.572,18.216,9.0968,-16.483,-16.649,9.4989,12.42
-21.481,-7.4162,9.8861,-34.542,-26.818,2.1199,-22.755,-15.405,47.345,-14.572,18.216,9.0968,-16.483,-16.649,9.4989,12.42
-21.344,-7.2351,9.973,-34.331,-26.797,2.1979,-22.636,-15.386,47.389,-14.249,18.486,9.4635,-16.33,-16.692,9.6467,12.24
-21.344,-7.2351,9.973,-34.331,-26.797,2.1979,-22.636,-15.386,47.389,-14.249,18.486,9.4635,-16.33,-16.692,9.6467,12.24
-21.207,-7.0531,10.06,-34.118,-26.774,2.2771,-22.517,-15.366,47.43,-13.925,18.756,9.8306,-16.176,-16.734,9.7946,12.06
-21.207,-7.0531,10.06,-34.118,-26.774,2.2771,-22.517,-15.366,47.43,-13.925,18.756,9.8306,-16.176,-16.734,9.7946,12.06
-21.069,-6.8702,10.146,-33.905,-26.751,2.3575,-22.396,-15.344,47.469,-13.6,19.026,10.198,-16.021,-16.775,9.9425,11.882
-21.069,-6.8702,10.146,-33.905,-26.751,2.3575,-22.396,-15.344,47.469,-13.6,19.026,10.198,-16.021,-16.775,9.9425,11.882
-21.069,-6.8702,10.146,-33.905,-26.751,2.3575,-22.396,-15.344,47.469,-13.6,19.026,10.198,-16.021,-16.775,9.9425,11.882
-20.791,-6.5017,10.319,-33.473,-26.702,2.5222,-22.153,-15.294,47.539,-12.943,19.565,10.934,-15.707,-16.855,10.238,11.53
-20.791,-6.5017,10.319,-33.473,-26.702,2.5222,-22.153,-15.294,47.539,-12.943,19.565,10.934,-15.707,-16.855,10.238,11.53
-20.651,-6.3161,10.406,-33.254,-26.676,2.6064,-22.031,-15.266,47.571,-12.613,19.833,11.303,-15.549,-16.893,10.386,11.355
-20.651,-6.3161,10.406,-33.254,-26.676,2.6064,-22.031,-15.266,47.571,-12.613,19.833,11.303,-15.549,-16.893,10.386,11.355
-20.651,-6.3161,10.406,-33.254,-26.676,2.6064,-22.031,-15.266,47.571,-12.613,19.833,11.303,-15.549,-16.893,10.386,11.355
-20.51,-6.1296,10.492,-33.035,-26.649,2.692,-21.908,-15.237,47.601,-12.28,20.102,11.672,-15.389,-16.931,10.534,11.182
-20.51,-6.1296,10.492,-33.035,-26.649,2.692,-21.908,-15.237,47.601,-12.28,20.102,11.672,-15.389,-16.931,10.534,11.182
-20.51,-6.1296,10.492,-33.035,-26.649,2.692,-21.908,-15.237,47.601,-12.28,20.102,11.672,-15.389,-16.931,10.534,11.182
-20.227,-5.7537,10.664,-32.591,-26.593,2.867,-21.659,-15.172,47.652,-11.61,20.638,12.412,-15.067,-17.003,10.83,10.838
-20.227,-5.7537,10.664,-32.591,-26.593,2.867,-21.659,-15.172,47.652,-11.61,20.638,12.412,-15.067,-17.003,10.83,10.838
-20.084,-5.5644,10.75,-32.367,-26.563,2.9566,-21.534,-15.138,47.675,-11.273,20.905,12.782,-14.904,-17.037,10.978,10.669
-20.084,-5.5644,10.75,-32.367,-26.563,2.9566,-21.534,-15.138,47.675,-11.273,20.905,12.782,-14.904,-17.037,10.978,10.669
-19.941,-5.3742,10.836,-32.142,-26.533,3.0474,-21.408,-15.101,47.694,-10.934,21.172,13.153,-14.74,-17.071,11.125,10.5
-19.941,-5.3742,10.836,-32.142,-26.533,3.0474,-21.408,-15.101,47.694,-10.934,21.172,13.153,-14.74,-17.071,11.125,10.5
-19.797,-5.1831,10.921,-31.915,-26.501,3.1397,-21.282,-15.063,47.712,-10.594,21.438,13.524,-14.575,-17.104,11.273,10.333
-19.797,-5.1831,10.921,-31.915,-26.501,3.1397,-21.282,-15.063,47.712,-10.594,21.438,13.524,-14.575,-17.104,11.273,10.333
-19.653,-4.991,11.007,-31.687,-26.469,3.2333,-21.155,-15.022,47.727,-10.251,21.704,13.895,-14.408,-17.135,11.42,10.167
-19.653,-4.991,11.007,-31.687,-26.469,3.2333,-21.155,-15.022,47.727,-10.251,21.704,13.895,-14.408,-17.135,11.42,10.167
-19.653,-4.991,11.007,-31.687,-26.469,3.2333,-21.155,-15.022,47.727,-10.251,21.704,13.895,-14.408,-17.135,11.42,10.167
-19.508,-4.798,11.092,-31.457,-26.436,3.3283,-21.028,-14.98,47.739,-9.9074,21.969,14.267,-14.241,-17.166,11.567,10.002
-19.508,-4.798,11.092,-31.457,-26.436,3.3283,-21.028,-14.98,47.739,-9.9074,21.969,14.267,-14.241,-17.166,11.567,10.002
-19.363,-4.6041,11.177,-31.226,-26.402,3.4247,-20.9,-14.936,47.749,-9.5619,22.234,14.639,-14.073,-17.196,11.714,9.8386
-19.217,-4.4092,11.261,-30.993,-26.368,3.5225,-20.771,-14.89,47.756,-9.2149,22.498,15.012,-13.904,-17.224,11.861,9.6766
-19.217,-4.4092,11.261,-30.993,-26.368,3.5225,-20.771,-14.89,47.756,-9.2149,22.498,15.012,-13.904,-17.224,11.861,9.6766
-19.071,-4.2134,11.346,-30.759,-26.332,3.6217,-20.642,-14.842,47.761,-8.8662,22.761,15.384,-13.733,-17.252,12.008,9.5158
-19.071,-4.2134,11.346,-30.759,-26.332,3.6217,-20.642,-14.842,47.761,-8.8662,22.761,15.384,-13.733,-17.252,12.008,9.5158
-18.924,-4.0167,11.43,-30.524,-26.296,3.7224,-20.513,-14.793,47.764,-8.516,23.024,15.758,-13.562,-17.278,12.154,9.3564
-18.924,-4.0167,11.43,-30.524,-26.296,3.7224,-20.513,-14.793,47.764,-8.516,23.024,15.758,-13.562,-17.278,12.154,9.3564
-18.777,-3.819,11.514,-30.287,-26.259,3.8245,-20.383,-14.741,47.764,-8.1642,23.287,16.131,-13.39,-17.304,12.3,9.1984
-18.777,-3.819,11.514,-30.287,-26.259,3.8245,-20.383,-14.741,47.764,-8.1642,23.287,16.131,-13.39,-17.304,12.3,9.1984
-18.777,-3.819,11.514,-30.287,-26.259,3.8245,-20.383,-14.741,47.764,-8.1642,23.287,16.131,-13.39,-17.304,12.3,9.1984
-18.629,-3.6204,11.598,-30.049,-26.221,3.9281,-20.252,-14.688,47.761,-7.8109,23.548,16.505,-13.216,-17.328,12.446,9.0417
-18.481,-3.4209,11.681,-29.809,-26.182,4.0331,-20.121,-14.632,47.756,-7.456,23.809,16.879,-13.042,-17.351,12.592,8.8865
-18.481,-3.4209,11.681,-29.809,-26.182,4.0331,-20.121,-14.632,47.756,-7.456,23.809,16.879,-13.042,-17.351,12.592,8.8865
-18.481,-3.4209,11.681,-29.809,-26.182,4.0331,-20.121,-14.632,47.756,-7.456,23.809,16.879,-13.042,-17.351,12.592,8.8865
-18.332,-3.2204,11.764,-29.568,-26.143,4.1396,-19.99,-14.575,47.748,-7.0996,24.069,17.253,-12.867,-17.374,12.737,8.7327
-18.332,-3.2204,11.764,-29.568,-26.143,4.1396,-19.99,-14.575,47.748,-7.0996,24.069,17.253,-12.867,-17.374,12.737,8.7327
-18.033,-2.8166,11.929,-29.082,-26.062,4.3572,-19.726,-14.455,47.725,-6.3822,24.588,18.002,-12.513,-17.415,13.027,8.4293
-18.033,-2.8166,11.929,-29.082,-26.062,4.3572,-19.726,-14.455,47.725,-6.3822,24.588,18.002,-12.513,-17.415,13.027,8.4293
-18.033,-2.8166,11.929,-29.082,-26.062,4.3572,-19.726,-14.455,47.725,-6.3822,24.588,18.002,-12.513,-17.415,13.027,8.4293
-17.883,-2.6133,12.011,-28.837,-26.021,4.4682,-19.594,-14.391,47.709,-6.0213,24.846,18.377,-12.335,-17.434,13.172,8.2799
-17.883,-2.6133,12.011,-28.837,-26.021,4.4682,-19.594,-14.391,47.709,-6.0213,24.846,18.377,-12.335,-17.434,13.172,8.2799
-17.883,-2.6133,12.011,-28.837,-26.021,4.4682,-19.594,-14.391,47.709,-6.0213,24.846,18.377,-12.335,-17.434,13.172,8.2799
-17.733,-2.4091,12.093,-28.59,-25.979,4.5807,-19.461,-14.326,47.691,-5.6589,25.103,18.753,-12.155,-17.452,13.316,8.1318
-17.582,-2.2039,12.174,-28.342,-25.936,4.6948,-19.327,-14.259,47.67,-5.295,25.359,19.128,-11.975,-17.469,13.459,7.9853
-17.431,-1.9978,12.255,-28.093,-25.892,4.8104,-19.194,-14.191,47.647,-4.9296,25.614,19.504,-11.794,-17.484,13.602,7.8403
-17.431,-1.9978,12.255,-28.093,-25.892,4.8104,-19.194,-14.191,47.647,-4.9296,25.614,19.504,-11.794,-17.484,13.602,7.8403
-17.431,-1.9978,12.255,-28.093,-25.892,4.8104,-19.194,-14.191,47.647,-4.9296,25.614,19.504,-11.794,-17.484,13.602,7.8403
-17.28,-1.7907,12.336,-27.842,-25.848,4.9276,-19.06,-14.12,47.621,-4.5627,25.869,19.88,-11.612,-17.499,13.745,7.6968
-17.28,-1.7907,12.336,-27.842,-25.848,4.9276,-19.06,-14.12,47.621,-4.5627,25.869,19.88,-11.612,-17.499,13.745,7.6968
-17.128,-1.5827,12.416,-27.591,-25.803,5.0463,-18.926,-14.047,47.592,-4.1945,26.123,20.256,-11.429,-17.512,13.888,7.5549
-17.128,-1.5827,12.416,-27.591,-25.803,5.0463,-18.926,-14.047,47.592,-4.1945,26.123,20.256,-11.429,-17.512,13.888,7.5549
-16.976,-1.3737,12.496,-27.337,-25.758,5.1666,-18.791,-13.972,47.561,-3.8248,26.375,20.633,-11.245,-17.524,14.03,7.4145
-16.976,-1.3737,12.496,-27.337,-25.758,5.1666,-18.791,-13.972,47.561,-3.8248,26.375,20.633,-11.245,-17.524,14.03,7.4145
-16.824,-1.1639,12.576,-27.083,-25.712,5.2885,-18.656,-13.895,47.526,-3.4536,26.627,21.009,-11.06,-17.535,14.171,7.2757
-16.824,-1.1639,12.576,-27.083,-25.712,5.2885,-18.656,-13.895,47.526,-3.4536,26.627,21.009,-11.06,-17.535,14.171,7.2757
-16.671,-0.95303,12.655,-26.827,-25.665,5.412,-18.521,-13.816,47.49,-3.0811,26.878,21.386,-10.875,-17.545,14.312,7.1384
-16.671,-0.95303,12.655,-26.827,-25.665,5.412,-18.521,-13.816,47.49,-3.0811,26.878,21.386,-10.875,-17.545,14.312,7.1384
-16.518,-0.74125,12.733,-26.569,-25.618,5.5371,-18.386,-13.735,47.45,-2.7072,27.128,21.763,-10.688,-17.554,14.452,7.0028
-16.518,-0.74125,12.733,-26.569,-25.618,5.5371,-18.386,-13.735,47.45,-2.7072,27.128,21.763,-10.688,-17.554,14.452,7.0028
-16.518,-0.74125,12.733,-26.569,-25.618,5.5371,-18.386,-13.735,47.45,-2.7072,27.128,21.763,-10.688,-17.554,14.452,7.0028
-16.365,-0.52854,12.812,-26.311,-25.57,5.6638,-18.251,-13.653,47.408,-2.3319,27.377,22.14,-10.501,-17.562,14.592,6.8687
-16.365,-0.52854,12.812,-26.311,-25.57,5.6638,-18.251,-13.653,47.408,-2.3319,27.377,22.14,-10.501,-17.562,14.592,6.8687
-16.365,-0.52854,12.812,-26.311,-25.57,5.6638,-18.251,-13.653,47.408,-2.3319,27.377,22.14,-10.501,-17.562,14.592,6.8687
-16.057,-0.10029,12.967,-25.79,-25.473,5.922,-17.979,-13.481,47.316,-1.5772,27.871,22.895,-10.123,-17.573,14.87,6.6055
-16.057,-0.10029,12.967,-25.79,-25.473,5.922,-17.979,-13.481,47.316,-1.5772,27.871,22.895,-10.123,-17.573,14.87,6.6055
-15.903,0.11524,13.043,-25.527,-25.423,6.0536,-17.843,-13.392,47.265,-1.1978,28.117,23.273,-9.9334,-17.577,15.008,6.4764
-15.903,0.11524,13.043,-25.527,-25.423,6.0536,-17.843,-13.392,47.265,-1.1978,28.117,23.273,-9.9334,-17.577,15.008,6.4764
-15.749,0.33171,13.12,-25.264,-25.373,6.1868,-17.707,-13.301,47.212,-0.81712,28.362,23.651,-9.7426,-17.58,15.146,6.3489
-15.749,0.33171,13.12,-25.264,-25.373,6.1868,-17.707,-13.301,47.212,-0.81712,28.362,23.651,-9.7426,-17.58,15.146,6.3489
-15.749,0.33171,13.12,-25.264,-25.373,6.1868,-17.707,-13.301,47.212,-0.81712,28.362,23.651,-9.7426,-17.58,15.146,6.3489
-15.595,0.54912,13.195,-24.999,-25.323,6.3217,-17.571,-13.208,47.156,-0.43511,28.605,24.029,-9.551,-17.581,15.283,6.2231
-15.595,0.54912,13.195,-24.999,-25.323,6.3217,-17.571,-13.208,47.156,-0.43511,28.605,24.029,-9.551,-17.581,15.283,6.2231
-15.44,0.76747,13.271,-24.732,-25.272,6.4583,-17.434,-13.113,47.098,-0.051802,28.847,24.407,-9.3586,-17.582,15.419,6.099
-15.285,0.98676,13.345,-24.465,-25.22,6.5965,-17.298,-13.016,47.036,0.33279,29.089,24.785,-9.1653,-17.581,15.554,5.9766
-15.13,1.207,13.42,-24.196,-25.168,6.7363,-17.161,-12.917,46.972,0.71866,29.329,25.163,-8.9713,-17.579,15.689,5.8559
-15.13,1.207,13.42,-24.196,-25.168,6.7363,-17.161,-12.917,46.972,0.71866,29.329,25.163,-8.9713,-17.579,15.689,5.8559
-14.975,1.4281,13.493,-23.926,-25.116,6.8779,-17.024,-12.816,46.905,1.1058,29.567,25.541,-8.7765,-17.575,15.823,5.737
-14.975,1.4281,13.493,-23.926,-25.116,6.8779,-17.024,-12.816,46.905,1.1058,29.567,25.541,-8.7765,-17.575,15.823,5.737
-14.975,1.4281,13.493,-23.926,-25.116,6.8779,-17.024,-12.816,46.905,1.1058,29.567,25.541,-8.7765,-17.575,15.823,5.737
-14.82,1.6502,13.566,-23.655,-25.063,7.0212,-16.888,-12.713,46.836,1.4941,29.805,25.92,-8.581,-17.571,15.957,5.6198
-14.82,1.6502,13.566,-23.655,-25.063,7.0212,-16.888,-12.713,46.836,1.4941,29.805,25.92,-8.581,-17.571,15.957,5.6198
-14.664,1.8732,13.639,-23.382,-25.01,7.1661,-16.751,-12.608,46.763,1.8837,30.041,26.298,-8.3847,-17.565,16.09,5.5044
-14.509,2.0972,13.711,-23.108,-24.956,7.3128,-16.614,-12.501,46.688,2.2746,30.276,26.677,-8.1876,-17.558,16.221,5.3907
-14.509,2.0972,13.711,-23.108,-24.956,7.3128,-16.614,-12.501,46.688,2.2746,30.276,26.677,-8.1876,-17.558,16.221,5.3907
-14.353,2.3221,13.782,-22.833,-24.902,7.4611,-16.477,-12.391,46.61,2.6666,30.51,27.055,-7.9898,-17.549,16.353,5.2788
-14.353,2.3221,13.782,-22.833,-24.902,7.4611,-16.477,-12.391,46.61,2.6666,30.51,27.055,-7.9898,-17.549,16.353,5.2788
-14.198,2.5479,13.853,-22.557,-24.848,7.6112,-16.341,-12.28,46.529,3.0598,30.742,27.434,-7.7913,-17.539,16.483,5.1688
-14.198,2.5479,13.853,-22.557,-24.848,7.6112,-16.341,-12.28,46.529,3.0598,30.742,27.434,-7.7913,-17.539,16.483,5.1688
-14.198,2.5479,13.853,-22.557,-24.848,7.6112,-16.341,-12.28,46.529,3.0598,30.742,27.434,-7.7913,-17.539,16.483,5.1688
-14.042,2.7746,13.923,-22.28,-24.793,7.7631,-16.204,-12.166,46.445,3.4541,30.973,27.813,-7.5921,-17.528,16.612,5.0605
-14.042,2.7746,13.923,-22.28,-24.793,7.7631,-16.204,-12.166,46.445,3.4541,30.973,27.813,-7.5921,-17.528,16.612,5.0605
-14.042,2.7746,13.923,-22.28,-24.793,7.7631,-16.204,-12.166,46.445,3.4541,30.973,27.813,-7.5921,-17.528,16.612,5.0605
-13.886,3.0022,13.993,-22.001,-24.738,7.9166,-16.068,-12.051,46.359,3.8496,31.203,28.192,-7.3922,-17.516,16.741,4.9541
-13.73,3.2308,14.062,-21.721,-24.682,8.0719,-15.931,-11.933,46.27,4.2463,31.431,28.57,-7.1916,-17.502,16.869,4.8495
-13.574,3.4603,14.13,-21.44,-24.626,8.2289,-15.795,-11.813,46.177,4.6441,31.658,28.949,-6.9903,-17.488,16.995,4.7467
-13.574,3.4603,14.13,-21.44,-24.626,8.2289,-15.795,-11.813,46.177,4.6441,31.658,28.949,-6.9903,-17.488,16.995,4.7467
-13.418,3.6907,14.198,-21.158,-24.57,8.3877,-15.658,-11.692,46.082,5.0429,31.884,29.328,-6.7884,-17.471,17.121,4.6458
-13.418,3.6907,14.198,-21.158,-24.57,8.3877,-15.658,-11.692,46.082,5.0429,31.884,29.328,-6.7884,-17.471,17.121,4.6458
-13.418,3.6907,14.198,-21.158,-24.57,8.3877,-15.658,-11.692,46.082,5.0429,31.884,29.328,-6.7884,-17.471,17.121,4.6458
-13.262,3.9221,14.265,-20.875,-24.514,8.5482,-15.522,-11.568,45.985,5.4429,32.108,29.706,-6.5858,-17.454,17.246,4.5468
-13.262,3.9221,14.265,-20.875,-24.514,8.5482,-15.522,-11.568,45.985,5.4429,32.108,29.706,-6.5858,-17.454,17.246,4.5468
-13.106,4.1543,14.331,-20.591,-24.457,8.7105,-15.386,-11.442,45.884,5.844,32.33,30.085,-6.3826,-17.435,17.37,4.4497
-13.106,4.1543,14.331,-20.591,-24.457,8.7105,-15.386,-11.442,45.884,5.844,32.33,30.085,-6.3826,-17.435,17.37,4.4497
-13.106,4.1543,14.331,-20.591,-24.457,8.7105,-15.386,-11.442,45.884,5.844,32.33,30.085,-6.3826,-17.435,17.37,4.4497
-12.95,4.3874,14.397,-20.305,-24.4,8.8746,-15.25,-11.314,45.78,6.2461,32.551,30.464,-6.1787,-17.415,17.493,4.3544
-12.95,4.3874,14.397,-20.305,-24.4,8.8746,-15.25,-11.314,45.78,6.2461,32.551,30.464,-6.1787,-17.415,17.493,4.3544
-12.95,4.3874,14.397,-20.305,-24.4,8.8746,-15.25,-11.314,45.78,6.2461,32.551,30.464,-6.1787,-17.415,17.493,4.3544
-12.638,4.8565,14.526,-19.731,-24.285,9.208,-14.979,-11.051,45.565,7.0534,32.989,31.221,-5.7692,-17.37,17.737,4.1697
-12.638,4.8565,14.526,-19.731,-24.285,9.208,-14.979,-11.051,45.565,7.0534,32.989,31.221,-5.7692,-17.37,17.737,4.1697
-12.482,5.0923,14.589,-19.442,-24.227,9.3774,-14.844,-10.917,45.453,7.4586,33.206,31.599,-5.5635,-17.346,17.857,4.0802
-12.482,5.0923,14.589,-19.442,-24.227,9.3774,-14.844,-10.917,45.453,7.4586,33.206,31.599,-5.5635,-17.346,17.857,4.0802
-12.326,5.3291,14.652,-19.152,-24.169,9.5485,-14.709,-10.78,45.338,7.8648,33.42,31.977,-5.3573,-17.321,17.976,3.9927
-12.326,5.3291,14.652,-19.152,-24.169,9.5485,-14.709,-10.78,45.338,7.8648,33.42,31.977,-5.3573,-17.321,17.976,3.9927
-12.17,5.5668,14.714,-18.86,-24.11,9.7215,-14.574,-10.641,45.22,8.2719,33.634,32.356,-5.1504,-17.294,18.093,3.9071
-12.17,5.5668,14.714,-18.86,-24.11,9.7215,-14.574,-10.641,45.22,8.2719,33.634,32.356,-5.1504,-17.294,18.093,3.9071
-12.17,5.5668,14.714,-18.86,-24.11,9.7215,-14.574,-10.641,45.22,8.2719,33.634,32.356,-5.1504,-17.294,18.093,3.9071
-12.014,5.8053,14.776,-18.568,-24.052,9.8962,-14.439,-10.501,45.1,8.6801,33.846,32.734,-4.9431,-17.265,18.21,3.8235
-12.014,5.8053,14.776,-18.568,-24.052,9.8962,-14.439,-10.501,45.1,8.6801,33.846,32.734,-4.9431,-17.265,18.21,3.8235
-12.014,5.8053,14.776,-18.568,-24.052,9.8962,-14.439,-10.501,45.1,8.6801,33.846,32.734,-4.9431,-17.265,18.21,3.8235
-11.703,6.2851,14.896,-17.981,-23.934,10.251,-14.171,-10.213,44.85,9.4991,34.264,33.49,-4.5267,-17.205,18.44,3.6623
-11.703,6.2851,14.896,-17.981,-23.934,10.251,-14.171,-10.213,44.85,9.4991,34.264,33.49,-4.5267,-17.205,18.44,3.6623
-11.703,6.2851,14.896,-17.981,-23.934,10.251,-14.171,-10.213,44.85,9.4991,34.264,33.49,-4.5267,-17.205,18.44,3.6623
-11.548,6.5264,14.956,-17.685,-23.875,10.431,-14.038,-10.066,44.721,9.91,34.471,33.868,-4.3178,-17.172,18.554,3.5847
-11.393,6.7685,15.014,-17.389,-23.816,10.613,-13.904,-9.9166,44.589,10.322,34.676,34.245,-4.1083,-17.139,18.666,3.5091
-11.237,7.0115,15.072,-17.091,-23.757,10.797,-13.771,-9.7652,44.454,10.734,34.88,34.623,-3.8984,-17.103,18.777,3.4355
-11.237,7.0115,15.072,-17.091,-23.757,10.797,-13.771,-9.7652,44.454,10.734,34.88,34.623,-3.8984,-17.103,18.777,3.4355
-11.237,7.0115,15.072,-17.091,-23.757,10.797,-13.771,-9.7652,44.454,10.734,34.88,34.623,-3.8984,-17.103,18.777,3.4355
-11.082,7.2553,15.129,-16.793,-23.698,10.982,-13.639,-9.6118,44.316,11.148,35.081,35,-3.6879,-17.067,18.887,3.3639
-11.082,7.2553,15.129,-16.793,-23.698,10.982,-13.639,-9.6118,44.316,11.148,35.081,35,-3.6879,-17.067,18.887,3.3639
-10.928,7.5001,15.185,-16.493,-23.638,11.17,-13.507,-9.4562,44.175,11.562,35.281,35.377,-3.477,-17.029,18.996,3.2944
-10.928,7.5001,15.185,-16.493,-23.638,11.17,-13.507,-9.4562,44.175,11.562,35.281,35.377,-3.477,-17.029,18.996,3.2944
-10.773,7.7457,15.24,-16.193,-23.578,11.359,-13.375,-9.2985,44.032,11.977,35.48,35.754,-3.2657,-16.989,19.103,3.227
-10.773,7.7457,15.24,-16.193,-23.578,11.359,-13.375,-9.2985,44.032,11.977,35.48,35.754,-3.2657,-16.989,19.103,3.227
-10.618,7.9922,15.294,-15.891,-23.519,11.55,-13.244,-9.1386,43.885,12.393,35.676,36.131,-3.0539,-16.949,19.209,3.1616
-10.618,7.9922,15.294,-15.891,-23.519,11.55,-13.244,-9.1386,43.885,12.393,35.676,36.131,-3.0539,-16.949,19.209,3.1616
-10.464,8.2395,15.348,-15.589,-23.459,11.743,-13.113,-8.9767,43.736,12.81,35.871,36.507,-2.8417,-16.906,19.314,3.0983
-10.31,8.4877,15.401,-15.285,-23.399,11.937,-12.982,-8.8126,43.584,13.228,36.064,36.884,-2.629,-16.863,19.417,3.0371
-10.31,8.4877,15.401,-15.285,-23.399,11.937,-12.982,-8.8126,43.584,13.228,36.064,36.884,-2.629,-16.863,19.417,3.0371
-10.31,8.4877,15.401,-15.285,-23.399,11.937,-12.982,-8.8126,43.584,13.228,36.064,36.884,-2.629,-16.863,19.417,3.0371
-10.156,8.7368,15.453,-14.981,-23.339,12.134,-12.852,-8.6464,43.429,13.646,36.255,37.26,-2.416,-16.818,19.52,2.9779
-10.156,8.7368,15.453,-14.981,-23.339,12.134,-12.852,-8.6464,43.429,13.646,36.255,37.26,-2.416,-16.818,19.52,2.9779
-10.156,8.7368,15.453,-14.981,-23.339,12.134,-12.852,-8.6464,43.429,13.646,36.255,37.26,-2.416,-16.818,19.52,2.9779
-10.003,8.9867,15.504,-14.675,-23.279,12.332,-12.723,-8.478,43.271,14.065,36.444,37.636,-2.2026,-16.771,19.62,2.9209
-9.8493,9.2374,15.554,-14.369,-23.219,12.532,-12.594,-8.3076,43.111,14.485,36.631,38.011,-1.9888,-16.723,19.72,2.866
-9.6961,9.489,15.604,-14.062,-23.159,12.734,-12.465,-8.135,42.947,14.905,36.816,38.387,-1.7746,-16.674,19.818,2.8132
-9.6961,9.489,15.604,-14.062,-23.159,12.734,-12.465,-8.135,42.947,14.905,36.816,38.387,-1.7746,-16.674,19.818,2.8132
-9.6961,9.489,15.604,-14.062,-23.159,12.734,-12.465,-8.135,42.947,14.905,36.816,38.387,-1.7746,-16.674,19.818,2.8132
-9.5433,9.7414,15.652,-13.753,-23.1,12.938,-12.338,-7.9603,42.781,15.326,37,38.762,-1.5601,-16.623,19.914,2.7626
-9.5433,9.7414,15.652,-13.753,-23.1,12.938,-12.338,-7.9603,42.781,15.326,37,38.762,-1.5601,-16.623,19.914,2.7626
-9.3907,9.9947,15.7,-13.444,-23.04,13.143,-12.21,-7.7834,42.611,15.748,37.181,39.136,-1.3452,-16.571,20.01,2.7141
-9.3907,9.9947,15.7,-13.444,-23.04,13.143,-12.21,-7.7834,42.611,15.748,37.181,39.136,-1.3452,-16.571,20.01,2.7141
-9.2384,10.249,15.747,-13.134,-22.98,13.351,-12.083,-7.6045,42.439,16.17,37.361,39.511,-1.1301,-16.517,20.103,2.6678
-9.2384,10.249,15.747,-13.134,-22.98,13.351,-12.083,-7.6045,42.439,16.17,37.361,39.511,-1.1301,-16.517,20.103,2.6678
-9.0865,10.504,15.793,-12.823,-22.92,13.56,-11.957,-7.4234,42.264,16.593,37.539,39.885,-0.91458,-16.462,20.196,2.6236
-9.0865,10.504,15.793,-12.823,-22.92,13.56,-11.957,-7.4234,42.264,16.593,37.539,39.885,-0.91458,-16.462,20.196,2.6236
-9.0865,10.504,15.793,-12.823,-22.92,13.56,-11.957,-7.4234,42.264,16.593,37.539,39.885,-0.91458,-16.462,20.196,2.6236
-8.9348,10.759,15.838,-12.511,-22.86,13.771,-11.832,-7.2402,42.087,17.017,37.714,40.259,-0.6988,-16.406,20.286,2.5816
-8.9348,10.759,15.838,-12.511,-22.86,13.771,-11.832,-7.2402,42.087,17.017,37.714,40.259,-0.6988,-16.406,20.286,2.5816
-8.9348,10.759,15.838,-12.511,-22.86,13.771,-11.832,-7.2402,42.087,17.017,37.714,40.259,-0.6988,-16.406,20.286,2.5816
-8.6324,11.273,15.925,-11.885,-22.741,14.198,-11.582,-6.8674,41.723,17.866,38.06,41.005,-0.26641,-16.288,20.464,2.5041
-8.6324,11.273,15.925,-11.885,-22.741,14.198,-11.582,-6.8674,41.723,17.866,38.06,41.005,-0.26641,-16.288,20.464,2.5041
-8.4817,11.531,15.967,-11.571,-22.681,14.415,-11.459,-6.6778,41.536,18.291,38.23,41.378,-0.049816,-16.227,20.55,2.4686
-8.4817,11.531,15.967,-11.571,-22.681,14.415,-11.459,-6.6778,41.536,18.291,38.23,41.378,-0.049816,-16.227,20.55,2.4686
-8.3314,11.79,16.009,-11.256,-22.622,14.633,-11.336,-6.4861,41.347,18.717,38.397,41.75,0.16701,-16.165,20.634,2.4354
-8.1814,12.05,16.049,-10.94,-22.562,14.853,-11.214,-6.2923,41.156,19.143,38.563,42.122,0.38407,-16.101,20.718,2.4043
-8.1814,12.05,16.049,-10.94,-22.562,14.853,-11.214,-6.2923,41.156,19.143,38.563,42.122,0.38407,-16.101,20.718,2.4043
-8.1814,12.05,16.049,-10.94,-22.562,14.853,-11.214,-6.2923,41.156,19.143,38.563,42.122,0.38407,-16.101,20.718,2.4043
-8.0319,12.311,16.089,-10.623,-22.503,15.075,-11.092,-6.0964,40.961,19.57,38.726,42.494,0.60135,-16.035,20.799,2.3755
-8.0319,12.311,16.089,-10.623,-22.503,15.075,-11.092,-6.0964,40.961,19.57,38.726,42.494,0.60135,-16.035,20.799,2.3755
-7.8827,12.572,16.128,-10.305,-22.444,15.299,-10.971,-5.8984,40.763,19.997,38.888,42.865,0.81883,-15.969,20.879,2.3489
-7.8827,12.572,16.128,-10.305,-22.444,15.299,-10.971,-5.8984,40.763,19.997,38.888,42.865,0.81883,-15.969,20.879,2.3489
-7.7338,12.834,16.165,-9.9867,-22.385,15.525,-10.851,-5.6983,40.563,20.425,39.047,43.236,1.0365,-15.9,20.957,2.3246
-7.7338,12.834,16.165,-9.9867,-22.385,15.525,-10.851,-5.6983,40.563,20.425,39.047,43.236,1.0365,-15.9,20.957,2.3246
-7.5854,13.097,16.202,-9.6675,-22.327,15.752,-10.732,-5.4961,40.36,20.853,39.205,43.606,1.2543,-15.83,21.034,2.3025
-7.5854,13.097,16.202,-9.6675,-22.327,15.752,-10.732,-5.4961,40.36,20.853,39.205,43.606,1.2543,-15.83,21.034,2.3025
-7.5854,13.097,16.202,-9.6675,-22.327,15.752,-10.732,-5.4961,40.36,20.853,39.205,43.606,1.2543,-15.83,21.034,2.3025
-7.4375,13.361,16.238,-9.3475,-22.268,15.981,-10.613,-5.2917,40.154,21.281,39.36,43.976,1.4723,-15.759,21.109,2.2826
-7.4375,13.361,16.238,-9.3475,-22.268,15.981,-10.613,-5.2917,40.154,21.281,39.36,43.976,1.4723,-15.759,21.109,2.2826
-7.4375,13.361,16.238,-9.3475,-22.268,15.981,-10.613,-5.2917,40.154,21.281,39.36,43.976,1.4723,-15.759,21.109,2.2826
-7.1428,13.89,16.307,-8.7053,-22.152,16.445,-10.379,-4.8768,39.734,22.14,39.663,44.714,1.9087,-15.612,21.253,2.2497
-7.1428,13.89,16.307,-8.7053,-22.152,16.445,-10.379,-4.8768,39.734,22.14,39.663,44.714,1.9087,-15.612,21.253,2.2497
-7.1428,13.89,16.307,-8.7053,-22.152,16.445,-10.379,-4.8768,39.734,22.14,39.663,44.714,1.9087,-15.612,21.253,2.2497
-6.9961,14.156,16.34,-8.3831,-22.094,16.679,-10.262,-4.6662,39.52,22.569,39.812,45.082,2.1271,-15.536,21.323,2.2366
-6.8499,14.423,16.372,-8.0601,-22.036,16.916,-10.147,-4.4535,39.303,22.999,39.958,45.45,2.3456,-15.459,21.391,2.2258
-6.7041,14.69,16.403,-7.7365,-21.978,17.154,-10.033,-4.2387,39.083,23.429,40.103,45.818,2.5642,-15.38,21.457,2.2173
-6.7041,14.69,16.403,-7.7365,-21.978,17.154,-10.033,-4.2387,39.083,23.429,40.103,45.818,2.5642,-15.38,21.457,2.2173
-6.7041,14.69,16.403,-7.7365,-21.978,17.154,-10.033,-4.2387,39.083,23.429,40.103,45.818,2.5642,-15.38,21.457,2.2173
-6.5588,14.958,16.433,-7.4122,-21.921,17.394,-9.919,-4.0218,38.861,23.86,40.245,46.185,2.7829,-15.3,21.522,2.2111
-6.5588,14.958,16.433,-7.4122,-21.921,17.394,-9.919,-4.0218,38.861,23.86,40.245,46.185,2.7829,-15.3,21.522,2.2111
-6.414,15.227,16.462,-7.0872,-21.864,17.635,-9.8063,-3.8029,38.636,24.291,40.385,46.551,3.0016,-15.218,21.584,2.2072
-6.414,15.227,16.462,-7.0872,-21.864,17.635,-9.8063,-3.8029,38.636,24.291,40.385,46.551,3.0016,-15.218,21.584,2.2072
-6.414,15.227,16.462,-7.0872,-21.864,17.635,-9.8063,-3.8029,38.636,24.291,40.385,46.551,3.0016,-15.218,21.584,2.2072
-6.2697,15.497,16.49,-6.7615,-21.807,17.879,-9.6944,-3.5819,38.408,24.722,40.522,46.917,3.2204,-15.135,21.645,2.2056
-6.2697,15.497,16.49,-6.7615,-21.807,17.879,-9.6944,-3.5819,38.408,24.722,40.522,46.917,3.2204,-15.135,21.645,2.2056
-5.9827,16.038,16.543,-6.1082,-21.695,18.371,-9.4735,-3.1336,37.944,25.584,40.79,47.647,3.658,-14.964,21.761,2.2093
-5.9827,16.038,16.543,-6.1082,-21.695,18.371,-9.4735,-3.1336,37.944,25.584,40.79,47.647,3.658,-14.964,21.761,2.2093
-5.9827,16.038,16.543,-6.1082,-21.695,18.371,-9.4735,-3.1336,37.944,25.584,40.79,47.647,3.658,-14.964,21.761,2.2093
-5.8399,16.31,16.568,-5.7806,-21.639,18.62,-9.3645,-2.9064,37.708,26.016,40.921,48.011,3.8769,-14.876,21.817,2.2146
-5.8399,16.31,16.568,-5.7806,-21.639,18.62,-9.3645,-2.9064,37.708,26.016,40.921,48.011,3.8769,-14.876,21.817,2.2146
-5.6977,16.582,16.592,-5.4524,-21.583,18.87,-9.2564,-2.6772,37.469,26.447,41.05,48.374,4.0957,-14.787,21.87,2.2223
-5.6977,16.582,16.592,-5.4524,-21.583,18.87,-9.2564,-2.6772,37.469,26.447,41.05,48.374,4.0957,-14.787,21.87,2.2223
-5.6977,16.582,16.592,-5.4524,-21.583,18.87,-9.2564,-2.6772,37.469,26.447,41.05,48.374,4.0957,-14.787,21.87,2.2223
-5.556,16.855,16.615,-5.1236,-21.528,19.123,-9.1493,-2.4459,37.228,26.879,41.176,48.737,4.3145,-14.696,21.921,2.2323
-5.556,16.855,16.615,-5.1236,-21.528,19.123,-9.1493,-2.4459,37.228,26.879,41.176,48.737,4.3145,-14.696,21.921,2.2323
-5.2743,17.403,16.658,-4.4642,-21.419,19.632,-8.938,-1.9772,36.737,27.743,41.421,49.461,4.752,-14.51,22.018,2.2592
-5.2743,17.403,16.658,-4.4642,-21.419,19.632,-8.938,-1.9772,36.737,27.743,41.421,49.461,4.752,-14.51,22.018,2.2592
-5.2743,17.403,16.658,-4.4642,-21.419,19.632,-8.938,-1.9772,36.737,27.743,41.421,49.461,4.752,-14.51,22.018,2.2592
-5.1343,17.678,16.678,-4.1336,-21.364,19.89,-8.8339,-1.7398,36.487,28.176,41.54,49.822,4.9707,-14.415,22.064,2.2762
-5.1343,17.678,16.678,-4.1336,-21.364,19.89,-8.8339,-1.7398,36.487,28.176,41.54,49.822,4.9707,-14.415,22.064,2.2762
-4.9949,17.954,16.697,-3.8025,-21.311,20.149,-8.7308,-1.5003,36.235,28.608,41.657,50.182,5.1893,-14.318,22.108,2.2956
-4.9949,17.954,16.697,-3.8025,-21.311,20.149,-8.7308,-1.5003,36.235,28.608,41.657,50.182,5.1893,-14.318,22.108,2.2956
-4.9949,17.954,16.697,-3.8025,-21.311,20.149,-8.7308,-1.5003,36.235,28.608,41.657,50.182,5.1893,-14.318,22.108,2.2956
-4.856,18.23,16.715,-3.4708,-21.257,20.41,-8.6288,-1.2589,35.981,29.04,41.771,50.542,5.4077,-14.22,22.149,2.3173
-4.7178,18.507,16.732,-3.1386,-21.204,20.672,-8.5278,-1.0154,35.724,29.472,41.883,50.9,5.6261,-14.12,22.189,2.3413
-4.7178,18.507,16.732,-3.1386,-21.204,20.672,-8.5278,-1.0154,35.724,29.472,41.883,50.9,5.6261,-14.12,22.189,2.3413
-4.5802,18.785,16.747,-2.806,-21.151,20.937,-8.4278,-0.76992,35.464,29.905,41.993,51.259,5.8444,-14.019,22.227,2.3678
-4.5802,18.785,16.747,-2.806,-21.151,20.937,-8.4278,-0.76992,35.464,29.905,41.993,51.259,5.8444,-14.019,22.227,2.3678
-4.4431,19.063,16.762,-2.4728,-21.099,21.203,-8.329,-0.52245,35.201,30.337,42.1,51.616,6.0625,-13.916,22.262,2.3965
-4.4431,19.063,16.762,-2.4728,-21.099,21.203,-8.329,-0.52245,35.201,30.337,42.1,51.616,6.0625,-13.916,22.262,2.3965
-4.3067,19.342,16.776,-2.1391,-21.047,21.47,-8.2313,-0.27298,34.936,30.769,42.205,51.973,6.2805,-13.812,22.296,2.4277
-4.3067,19.342,16.776,-2.1391,-21.047,21.47,-8.2313,-0.27298,34.936,30.769,42.205,51.973,6.2805,-13.812,22.296,2.4277
-4.3067,19.342,16.776,-2.1391,-21.047,21.47,-8.2313,-0.27298,34.936,30.769,42.205,51.973,6.2805,-13.812,22.296,2.4277
-4.171,19.622,16.789,-1.8049,-20.996,21.74,-8.1347,-0.021534,34.669,31.201,42.307,52.329,6.4983,-13.706,22.327,2.4612
-4.0358,19.902,16.8,-1.4703,-20.945,22.01,-8.0392,0.23189,34.399,31.633,42.407,52.684,6.716,-13.599,22.356,2.4971
-3.9013,20.183,16.811,-1.1352,-20.894,22.283,-7.9448,0.48729,34.126,32.065,42.505,53.039,6.9334,-13.49,22.384,2.5354
-3.9013,20.183,16.811,-1.1352,-20.894,22.283,-7.9448,0.48729,34.126,32.065,42.505,53.039,6.9334,-13.49,22.384,2.5354
-3.7675,20.464,16.821,-0.79971,-20.844,22.557,-7.8516,0.74465,33.851,32.497,42.6,53.392,7.1507,-13.38,22.409,2.576
-3.7675,20.464,16.821,-0.79971,-20.844,22.557,-7.8516,0.74465,33.851,32.497,42.6,53.392,7.1507,-13.38,22.409,2.576
-3.7675,20.464,16.821,-0.79971,-20.844,22.557,-7.8516,0.74465,33.851,32.497,42.6,53.392,7.1507,-13.38,22.409,2.576
-3.6344,20.746,16.829,-0.46379,-20.794,22.833,-7.7596,1.004,33.573,32.928,42.692,53.745,7.3677,-13.268,22.432,2.619
-3.6344,20.746,16.829,-0.46379,-20.794,22.833,-7.7596,1.004,33.573,32.928,42.692,53.745,7.3677,-13.268,22.432,2.619
-3.6344,20.746,16.829,-0.46379,-20.794,22.833,-7.7596,1.004,33.573,32.928,42.692,53.745,7.3677,-13.268,22.432,2.619
-3.5019,21.028,16.837,-0.12746,-20.745,23.111,-7.6687,1.2652,33.293,33.36,42.782,54.097,7.5845,-13.154,22.452,2.6645
-3.37,21.311,16.843,0.20926,-20.696,23.39,-7.5791,1.5284,33.01,33.791,42.87,54.448,7.801,-13.04,22.471,2.7123
-3.37,21.311,16.843,0.20926,-20.696,23.39,-7.5791,1.5284,33.01,33.791,42.87,54.448,7.801,-13.04,22.471,2.7123
-3.37,21.311,16.843,0.20926,-20.696,23.39,-7.5791,1.5284,33.01,33.791,42.87,54.448,7.801,-13.04,22.471,2.7123
-3.2389,21.595,16.849,0.54636,-20.648,23.671,-7.4906,1.7935,32.725,34.222,42.955,54.799,8.0173,-12.923,22.487,2.7624
-3.2389,21.595,16.849,0.54636,-20.648,23.671,-7.4906,1.7935,32.725,34.222,42.955,54.799,8.0173,-12.923,22.487,2.7624
-3.2389,21.595,16.849,0.54636,-20.648,23.671,-7.4906,1.7935,32.725,34.222,42.955,54.799,8.0173,-12.923,22.487,2.7624
-2.9788,22.164,16.856,1.2216,-20.553,24.237,-7.3174,2.3295,32.148,35.083,43.118,55.497,8.449,-12.686,22.514,2.87
-2.9788,22.164,16.856,1.2216,-20.553,24.237,-7.3174,2.3295,32.148,35.083,43.118,55.497,8.449,-12.686,22.514,2.87
-2.8498,22.449,16.858,1.5598,-20.506,24.522,-7.2326,2.6004,31.855,35.513,43.196,55.845,8.6644,-12.565,22.523,2.9273
-2.8498,22.449,16.858,1.5598,-20.506,24.522,-7.2326,2.6004,31.855,35.513,43.196,55.845,8.6644,-12.565,22.523,2.9273
-2.7215,22.734,16.86,1.8983,-20.46,24.809,-7.1491,2.8731,31.56,35.943,43.271,56.192,8.8795,-12.443,22.531,2.9871
-2.7215,22.734,16.86,1.8983,-20.46,24.809,-7.1491,2.8731,31.56,35.943,43.271,56.192,8.8795,-12.443,22.531,2.9871
-2.5939,23.021,16.86,2.237,-20.414,25.098,-7.0668,3.1478,31.263,36.373,43.343,56.537,9.0943,-12.319,22.536,3.0492
-2.5939,23.021,16.86,2.237,-20.414,25.098,-7.0668,3.1478,31.263,36.373,43.343,56.537,9.0943,-12.319,22.536,3.0492
-2.4671,23.307,16.859,2.5761,-20.369,25.388,-6.9859,3.4243,30.964,36.802,43.413,56.883,9.3087,-12.194,22.539,3.1138
-2.4671,23.307,16.859,2.5761,-20.369,25.388,-6.9859,3.4243,30.964,36.802,43.413,56.883,9.3087,-12.194,22.539,3.1138
-2.4671,23.307,16.859,2.5761,-20.369,25.388,-6.9859,3.4243,30.964,36.802,43.413,56.883,9.3087,-12.194,22.539,3.1138
-2.341,23.595,16.857,2.9155,-20.324,25.68,-6.9062,3.7026,30.662,37.23,43.481,57.227,9.5227,-12.067,22.54,3.1807
-2.341,23.595,16.857,2.9155,-20.324,25.68,-6.9062,3.7026,30.662,37.23,43.481,57.227,9.5227,-12.067,22.54,3.1807
-2.2156,23.882,16.854,3.2551,-20.28,25.973,-6.8279,3.9829,30.357,37.659,43.545,57.57,9.7364,-11.939,22.538,3.25
-2.2156,23.882,16.854,3.2551,-20.28,25.973,-6.8279,3.9829,30.357,37.659,43.545,57.57,9.7364,-11.939,22.538,3.25
-2.2156,23.882,16.854,3.2551,-20.28,25.973,-6.8279,3.9829,30.357,37.659,43.545,57.57,9.7364,-11.939,22.538,3.25
-1.9672,24.459,16.844,3.9351,-20.194,26.564,-6.6751,4.5488,29.742,38.514,43.667,58.253,10.163,-11.678,22.528,3.3959
-1.9672,24.459,16.844,3.9351,-20.194,26.564,-6.6751,4.5488,29.742,38.514,43.667,58.253,10.163,-11.678,22.528,3.3959
-1.8441,24.748,16.838,4.2754,-20.152,26.862,-6.6007,4.8345,29.431,38.941,43.725,58.593,10.375,-11.546,22.52,3.4724
-1.8441,24.748,16.838,4.2754,-20.152,26.862,-6.6007,4.8345,29.431,38.941,43.725,58.593,10.375,-11.546,22.52,3.4724
-1.7218,25.038,16.831,4.6159,-20.11,27.161,-6.5277,5.122,29.117,39.368,43.779,58.932,10.587,-11.411,22.509,3.5513
-1.7218,25.038,16.831,4.6159,-20.11,27.161,-6.5277,5.122,29.117,39.368,43.779,58.932,10.587,-11.411,22.509,3.5513
-1.6004,25.327,16.822,4.9566,-20.069,27.461,-6.456,5.4113,28.801,39.794,43.831,59.271,10.799,-11.276,22.495,3.6325
-1.6004,25.327,16.822,4.9566,-20.069,27.461,-6.456,5.4113,28.801,39.794,43.831,59.271,10.799,-11.276,22.495,3.6325
-1.4796,25.618,16.813,5.2975,-20.028,27.763,-6.3857,5.7024,28.483,40.22,43.881,59.608,11.01,-11.139,22.48,3.7162
-1.4796,25.618,16.813,5.2975,-20.028,27.763,-6.3857,5.7024,28.483,40.22,43.881,59.608,11.01,-11.139,22.48,3.7162
-1.3597,25.909,16.802,5.6386,-19.988,28.067,-6.3168,5.9953,28.163,40.645,43.927,59.944,11.22,-11,22.462,3.8023
-1.2406,26.2,16.791,5.9798,-19.949,28.371,-6.2492,6.29,27.841,41.069,43.971,60.279,11.431,-10.86,22.441,3.8908
-1.2406,26.2,16.791,5.9798,-19.949,28.371,-6.2492,6.29,27.841,41.069,43.971,60.279,11.431,-10.86,22.441,3.8908
-1.2406,26.2,16.791,5.9798,-19.949,28.371,-6.2492,6.29,27.841,41.069,43.971,60.279,11.431,-10.86,22.441,3.8908
-1.1223,26.491,16.778,6.3212,-19.91,28.677,-6.1831,6.5863,27.516,41.493,44.013,60.613,11.64,-10.719,22.418,3.9816
-1.1223,26.491,16.778,6.3212,-19.91,28.677,-6.1831,6.5863,27.516,41.493,44.013,60.613,11.64,-10.719,22.418,3.9816
-1.1223,26.491,16.778,6.3212,-19.91,28.677,-6.1831,6.5863,27.516,41.493,44.013,60.613,11.64,-10.719,22.418,3.9816
-1.0049,26.783,16.764,6.6626,-19.872,28.985,-6.1184,6.8845,27.189,41.916,44.052,60.946,11.849,-10.576,22.393,4.0748
-0.8882,27.076,16.75,7.0042,-19.834,29.294,-6.0551,7.1843,26.86,42.339,44.088,61.277,12.058,-10.432,22.365,4.1704
-0.77237,27.368,16.734,7.3458,-19.797,29.604,-5.9933,7.4859,26.529,42.761,44.122,61.608,12.266,-10.286,22.335,4.2684
-0.77237,27.368,16.734,7.3458,-19.797,29.604,-5.9933,7.4859,26.529,42.761,44.122,61.608,12.266,-10.286,22.335,4.2684
-0.65738,27.661,16.717,7.6875,-19.761,29.916,-5.9329,7.7891,26.196,43.182,44.153,61.937,12.474,-10.139,22.302,4.3688
-0.65738,27.661,16.717,7.6875,-19.761,29.916,-5.9329,7.7891,26.196,43.182,44.153,61.937,12.474,-10.139,22.302,4.3688
-0.65738,27.661,16.717,7.6875,-19.761,29.916,-5.9329,7.7891,26.196,43.182,44.153,61.937,12.474,-10.139,22.302,4.3688
-0.54324,27.955,16.699,8.0293,-19.726,30.229,-5.8739,8.0941,25.861,43.602,44.181,62.265,12.681,-9.9906,22.267,4.4715
-0.54324,27.955,16.699,8.0293,-19.726,30.229,-5.8739,8.0941,25.861,43.602,44.181,62.265,12.681,-9.9906,22.267,4.4715
-0.54324,27.955,16.699,8.0293,-19.726,30.229,-5.8739,8.0941,25.861,43.602,44.181,62.265,12.681,-9.9906,22.267,4.4715
-0.42994,28.248,16.68,8.3711,-19.691,30.543,-5.8164,8.4007,25.524,44.022,44.207,62.593,12.887,-9.8406,22.229,4.5766
-0.31749,28.542,16.66,8.713,-19.656,30.858,-5.7604,8.709,25.184,44.441,44.23,62.919,13.093,-9.6893,22.189,4.6841
-0.20591,28.837,16.639,9.0548,-19.623,31.175,-5.7058,9.0189,24.843,44.859,44.251,63.243,13.298,-9.5365,22.146,4.794
-0.20591,28.837,16.639,9.0548,-19.623,31.175,-5.7058,9.0189,24.843,44.859,44.251,63.243,13.298,-9.5365,22.146,4.794
-0.20591,28.837,16.639,9.0548,-19.623,31.175,-5.7058,9.0189,24.843,44.859,44.251,63.243,13.298,-9.5365,22.146,4.794
-0.095188,29.131,16.617,9.3967,-19.59,31.493,-5.6528,9.3304,24.499,45.277,44.268,63.567,13.502,-9.3823,22.101,4.9062
-0.095188,29.131,16.617,9.3967,-19.59,31.493,-5.6528,9.3304,24.499,45.277,44.268,63.567,13.502,-9.3823,22.101,4.9062
-0.095188,29.131,16.617,9.3967,-19.59,31.493,-5.6528,9.3304,24.499,45.277,44.268,63.567,13.502,-9.3823,22.101,4.9062
0.014659,29.426,16.593,9.7385,-19.558,31.812,-5.6013,9.6436,24.154,45.693,44.284,63.889,13.706,-9.2268,22.053,5.0207
0.014659,29.426,16.593,9.7385,-19.558,31.812,-5.6013,9.6436,24.154,45.693,44.284,63.889,13.706,-9.2268,22.053,5.0207
0.12363,29.722,16.569,10.08,-19.526,32.133,-5.5512,9.9584,23.807,46.109,44.296,64.21,13.91,-9.0698,22.003,5.1376
0.23172,30.017,16.544,10.422,-19.495,32.454,-5.5027,10.275,23.457,46.524,44.306,64.53,14.112,-8.9115,21.95,5.2569
0.33891,30.313,16.518,10.764,-19.465,32.777,-5.4557,10.593,23.106,46.938,44.313,64.848,14.314,-8.7518,21.895,5.3785
0.33891,30.313,16.518,10.764,-19.465,32.777,-5.4557,10.593,23.106,46.938,44.313,64.848,14.314,-8.7518,21.895,5.3785
0.33891,30.313,16.518,10.764,-19.465,32.777,-5.4557,10.593,23.106,46.938,44.313,64.848,14.314,-8.7518,21.895,5.3785
0.44522,30.609,16.49,11.105,-19.436,33.101,-5.4102,10.912,22.753,47.351,44.317,65.166,14.515,-8.5908,21.837,5.5024
0.44522,30.609,16.49,11.105,-19.436,33.101,-5.4102,10.912,22.753,47.351,44.317,65.166,14.515,-8.5908,21.837,5.5024
0.55062,30.905,16.462,11.447,-19.407,33.426,-5.3663,11.233,22.398,47.764,44.319,65.481,14.716,-8.4284,21.776,5.6287
0.55062,30.905,16.462,11.447,-19.407,33.426,-5.3663,11.233,22.398,47.764,44.319,65.481,14.716,-8.4284,21.776,5.6287
0.55062,30.905,16.462,11.447,-19.407,33.426,-5.3663,11.233,22.398,47.764,44.319,65.481,14.716,-8.4284,21.776,5.6287
0.65512,31.201,16.433,11.788,-19.379,33.753,-5.3239,11.556,22.041,48.175,44.318,65.796,14.916,-8.2646,21.713,5.7572
0.65512,31.201,16.433,11.788,-19.379,33.753,-5.3239,11.556,22.041,48.175,44.318,65.796,14.916,-8.2646,21.713,5.7572
0.65512,31.201,16.433,11.788,-19.379,33.753,-5.3239,11.556,22.041,48.175,44.318,65.796,14.916,-8.2646,21.713,5.7572
0.86139,31.794,16.371,12.47,-19.325,34.408,-5.2439,12.205,21.322,48.995,44.309,66.421,15.313,-7.933,21.579,6.0214
0.96315,32.091,16.338,12.811,-19.299,34.738,-5.2062,12.532,20.959,49.403,44.3,66.732,15.511,-7.7653,21.508,6.1569
0.96315,32.091,16.338,12.811,-19.299,34.738,-5.2062,12.532,20.959,49.403,44.3,66.732,15.511,-7.7653,21.508,6.1569
0.96315,32.091,16.338,12.811,-19.299,34.738,-5.2062,12.532,20.959,49.403,44.3,66.732,15.511,-7.7653,21.508,6.1569
1.064,32.389,16.305,13.152,-19.274,35.068,-5.1701,12.861,20.595,49.81,44.288,67.041,15.707,-7.5962,21.435,6.2947
1.064,32.389,16.305,13.152,-19.274,35.068,-5.1701,12.861,20.595,49.81,44.288,67.041,15.707,-7.5962,21.435,6.2947
1.1639,32.686,16.27,13.493,-19.249,35.4,-5.1356,13.191,20.229,50.217,44.274,67.349,15.903,-7.4258,21.358,6.4348
1.1639,32.686,16.27,13.493,-19.249,35.4,-5.1356,13.191,20.229,50.217,44.274,67.349,15.903,-7.4258,21.358,6.4348
1.2629,32.983,16.235,13.833,-19.226,35.733,-5.1027,13.522,19.862,50.622,44.257,67.655,16.099,-7.2541,21.28,6.5773
1.2629,32.983,16.235,13.833,-19.226,35.733,-5.1027,13.522,19.862,50.622,44.257,67.655,16.099,-7.2541,21.28,6.5773
1.3609,33.281,16.198,14.173,-19.203,36.066,-5.0713,13.855,19.493,51.026,44.238,67.96,16.293,-7.0811,21.198,6.722
1.3609,33.281,16.198,14.173,-19.203,36.066,-5.0713,13.855,19.493,51.026,44.238,67.96,16.293,-7.0811,21.198,6.722
1.458,33.578,16.161,14.513,-19.18,36.401,-5.0416,14.189,19.122,51.429,44.215,68.263,16.486,-6.9068,21.114,6.8689
1.458,33.578,16.161,14.513,-19.18,36.401,-5.0416,14.189,19.122,51.429,44.215,68.263,16.486,-6.9068,21.114,6.8689
1.5541,33.876,16.122,14.853,-19.159,36.736,-5.0135,14.524,18.749,51.83,44.19,68.565,16.679,-6.7312,21.027,7.0182
1.5541,33.876,16.122,14.853,-19.159,36.736,-5.0135,14.524,18.749,51.83,44.19,68.565,16.679,-6.7312,21.027,7.0182
1.5541,33.876,16.122,14.853,-19.159,36.736,-5.0135,14.524,18.749,51.83,44.19,68.565,16.679,-6.7312,21.027,7.0182
1.6493,34.174,16.083,15.192,-19.138,37.072,-4.987,14.861,18.375,52.231,44.163,68.866,16.871,-6.5544,20.938,7.1697
1.7435,34.472,16.042,15.531,-19.118,37.41,-4.9622,15.2,17.999,52.631,44.133,69.165,17.062,-6.3763,20.845,7.3234
1.7435,34.472,16.042,15.531,-19.118,37.41,-4.9622,15.2,17.999,52.631,44.133,69.165,17.062,-6.3763,20.845,7.3234
1.8368,34.77,16.001,15.87,-19.099,37.748,-4.9389,15.539,17.621,53.029,44.1,69.463,17.252,-6.1969,20.751,7.4794
1.9291,35.068,15.958,16.208,-19.08,38.087,-4.9174,15.88,17.242,53.426,44.064,69.759,17.441,-6.0164,20.653,7.6376
1.9291,35.068,15.958,16.208,-19.08,38.087,-4.9174,15.88,17.242,53.426,44.064,69.759,17.441,-6.0164,20.653,7.6376
1.9291,35.068,15.958,16.208,-19.08,38.087,-4.9174,15.88,17.242,53.426,44.064,69.759,17.441,-6.0164,20.653,7.6376
1.9291,35.068,15.958,16.208,-19.08,38.087,-4.9174,15.88,17.242,53.426,44.064,69.759,17.441,-6.0164,20.653,7.6376
2.0204,35.366,15.915,16.546,-19.063,38.427,-4.8974,16.222,16.862,53.822,44.026,70.053,17.63,-5.8346,20.553,7.798
2.0204,35.366,15.915,16.546,-19.063,38.427,-4.8974,16.222,16.862,53.822,44.026,70.053,17.63,-5.8346,20.553,7.798
2.2002,35.962,15.825,17.221,-19.029,39.109,-4.8624,16.91,16.096,54.609,43.941,70.638,18.004,-5.4673,20.345,8.1256
2.2002,35.962,15.825,17.221,-19.029,39.109,-4.8624,16.91,16.096,54.609,43.941,70.638,18.004,-5.4673,20.345,8.1256
2.2002,35.962,15.825,17.221,-19.029,39.109,-4.8624,16.91,16.096,54.609,43.941,70.638,18.004,-5.4673,20.345,8.1256
2.2002,35.962,15.825,17.221,-19.029,39.109,-4.8624,16.91,16.096,54.609,43.941,70.638,18.004,-5.4673,20.345,8.1256
2.2886,36.26,15.778,17.558,-19.014,39.451,-4.8474,17.256,15.711,55.001,43.895,70.928,18.189,-5.2819,20.236,8.2926
2.2886,36.26,15.778,17.558,-19.014,39.451,-4.8474,17.256,15.711,55.001,43.895,70.928,18.189,-5.2819,20.236,8.2926
2.2886,36.26,15.778,17.558,-19.014,39.451,-4.8474,17.256,15.711,55.001,43.895,70.928,18.189,-5.2819,20.236,8.2926
2.2886,36.26,15.778,17.558,-19.014,39.451,-4.8474,17.256,15.711,55.001,43.895,70.928,18.189,-5.2819,20.236,8.2926
2.4624,36.857,15.683,18.23,-18.985,40.138,-4.8224,17.951,14.937,55.781,43.795,71.503,18.558,-4.9075,20.012,8.6333
2.4624,36.857,15.683,18.23,-18.985,40.138,-4.8224,17.951,14.937,55.781,43.795,71.503,18.558,-4.9075,20.012,8.6333
2.5479,37.155,15.634,18.566,-18.972,40.482,-4.8124,18.301,14.547,56.169,43.74,71.788,18.74,-4.7185,19.895,8.8069
2.5479,37.155,15.634,18.566,-18.972,40.482,-4.8124,18.301,14.547,56.169,43.74,71.788,18.74,-4.7185,19.895,8.8069
2.6323,37.453,15.583,18.901,-18.96,40.827,-4.8041,18.651,14.157,56.555,43.683,72.071,18.922,-4.5284,19.776,8.9826
2.6323,37.453,15.583,18.901,-18.96,40.827,-4.8041,18.651,14.157,56.555,43.683,72.071,18.922,-4.5284,19.776,8.9826
2.6323,37.453,15.583,18.901,-18.96,40.827,-4.8041,18.651,14.157,56.555,43.683,72.071,18.922,-4.5284,19.776,8.9826
2.7982,38.048,15.48,19.57,-18.937,41.52,-4.7924,19.356,13.371,57.323,43.562,72.633,19.282,-4.1448,19.53,9.3405
2.7982,38.048,15.48,19.57,-18.937,41.52,-4.7924,19.356,13.371,57.323,43.562,72.633,19.282,-4.1448,19.53,9.3405
2.8796,38.346,15.427,19.904,-18.927,41.867,-4.7891,19.71,12.977,57.705,43.497,72.911,19.461,-3.9513,19.402,9.5227
2.8796,38.346,15.427,19.904,-18.927,41.867,-4.7891,19.71,12.977,57.705,43.497,72.911,19.461,-3.9513,19.402,9.5227
2.9601,38.644,15.373,20.237,-18.918,42.214,-4.7875,20.064,12.581,58.086,43.429,73.188,19.639,-3.7567,19.272,9.707
2.9601,38.644,15.373,20.237,-18.918,42.214,-4.7875,20.064,12.581,58.086,43.429,73.188,19.639,-3.7567,19.272,9.707
3.0395,38.941,15.319,20.569,-18.909,42.562,-4.7876,20.42,12.184,58.465,43.359,73.463,19.815,-3.561,19.139,9.8933
3.0395,38.941,15.319,20.569,-18.909,42.562,-4.7876,20.42,12.184,58.465,43.359,73.463,19.815,-3.561,19.139,9.8933
3.1179,39.239,15.263,20.901,-18.901,42.911,-4.7894,20.777,11.785,58.842,43.287,73.736,19.991,-3.3642,19.004,10.082
3.1953,39.536,15.206,21.233,-18.894,43.26,-4.7928,21.135,11.386,59.218,43.211,74.008,20.165,-3.1663,18.866,10.272
3.1953,39.536,15.206,21.233,-18.894,43.26,-4.7928,21.135,11.386,59.218,43.211,74.008,20.165,-3.1663,18.866,10.272
3.1953,39.536,15.206,21.233,-18.894,43.26,-4.7928,21.135,11.386,59.218,43.211,74.008,20.165,-3.1663,18.866,10.272
3.2716,39.833,15.149,21.564,-18.888,43.61,-4.798,21.494,10.985,59.593,43.134,74.277,20.339,-2.9674,18.725,10.465
3.2716,39.833,15.149,21.564,-18.888,43.61,-4.798,21.494,10.985,59.593,43.134,74.277,20.339,-2.9674,18.725,10.465
3.2716,39.833,15.149,21.564,-18.888,43.61,-4.798,21.494,10.985,59.593,43.134,74.277,20.339,-2.9674,18.725,10.465
3.347,40.13,15.09,21.894,-18.882,43.96,-4.8049,21.854,10.583,59.966,43.053,74.545,20.511,-2.7675,18.581,10.66
3.4213,40.426,15.031,22.223,-18.878,44.311,-4.8134,22.215,10.18,60.337,42.97,74.812,20.682,-2.5665,18.434,10.856
3.4213,40.426,15.031,22.223,-18.878,44.311,-4.8134,22.215,10.18,60.337,42.97,74.812,20.682,-2.5665,18.434,10.856
3.4946,40.723,14.971,22.552,-18.874,44.662,-4.8237,22.577,9.7761,60.706,42.884,75.076,20.852,-2.3645,18.285,11.055
3.4946,40.723,14.971,22.552,-18.874,44.662,-4.8237,22.577,9.7761,60.706,42.884,75.076,20.852,-2.3645,18.285,11.055
3.5668,41.019,14.91,22.881,-18.871,45.013,-4.8357,22.94,9.371,61.074,42.796,75.338,21.021,-2.1615,18.133,11.256
3.5668,41.019,14.91,22.881,-18.871,45.013,-4.8357,22.94,9.371,61.074,42.796,75.338,21.021,-2.1615,18.133,11.256
3.5668,41.019,14.91,22.881,-18.871,45.013,-4.8357,22.94,9.371,61.074,42.796,75.338,21.021,-2.1615,18.133,11.256
3.638,41.315,14.848,23.208,-18.868,45.365,-4.8493,23.303,8.9649,61.44,42.705,75.599,21.189,-1.9576,17.979,11.458
3.638,41.315,14.848,23.208,-18.868,45.365,-4.8493,23.303,8.9649,61.44,42.705,75.599,21.189,-1.9576,17.979,11.458
3.638,41.315,14.848,23.208,-18.868,45.365,-4.8493,23.303,8.9649,61.44,42.705,75.599,21.189,-1.9576,17.979,11.458
3.638,41.315,14.848,23.208,-18.868,45.365,-4.8493,23.303,8.9649,61.44,42.705,75.599,21.189,-1.9576,17.979,11.458
3.7774,41.906,14.722,23.861,-18.866,46.069,-4.8818,24.033,8.1496,62.168,42.515,76.115,21.521,-1.5467,17.661,11.87
3.7774,41.906,14.722,23.861,-18.866,46.069,-4.8818,24.033,8.1496,62.168,42.515,76.115,21.521,-1.5467,17.661,11.87
3.8455,42.201,14.657,24.187,-18.866,46.422,-4.9006,24.399,7.7405,62.529,42.417,76.37,21.685,-1.3399,17.498,12.078
3.8455,42.201,14.657,24.187,-18.866,46.422,-4.9006,24.399,7.7405,62.529,42.417,76.37,21.685,-1.3399,17.498,12.078
3.9786,42.791,14.526,24.835,-18.868,47.128,-4.9433,25.133,6.9196,63.246,42.212,76.875,22.01,-0.92338,17.164,12.501
3.9786,42.791,14.526,24.835,-18.868,47.128,-4.9433,25.133,6.9196,63.246,42.212,76.875,22.01,-0.92338,17.164,12.501
3.9786,42.791,14.526,24.835,-18.868,47.128,-4.9433,25.133,6.9196,63.246,42.212,76.875,22.01,-0.92338,17.164,12.501
4.0436,43.085,14.459,25.158,-18.87,47.481,-4.9672,25.502,6.5078,63.601,42.106,77.124,22.171,-0.71378,16.993,12.716
4.0436,43.085,14.459,25.158,-18.87,47.481,-4.9672,25.502,6.5078,63.601,42.106,77.124,22.171,-0.71378,16.993,12.716
4.0436,43.085,14.459,25.158,-18.87,47.481,-4.9672,25.502,6.5078,63.601,42.106,77.124,22.171,-0.71378,16.993,12.716
4.1075,43.379,14.391,25.481,-18.873,47.835,-4.9928,25.871,6.0951,63.955,41.997,77.372,22.331,-0.5033,16.819,12.932
4.1075,43.379,14.391,25.481,-18.873,47.835,-4.9928,25.871,6.0951,63.955,41.997,77.372,22.331,-0.5033,16.819,12.932
4.2322,43.965,14.253,26.123,-18.881,48.542,-5.0492,26.611,5.2674,64.657,41.772,77.861,22.646,-0.079734,16.463,13.371
4.2322,43.965,14.253,26.123,-18.881,48.542,-5.0492,26.611,5.2674,64.657,41.772,77.861,22.646,-0.079734,16.463,13.371
4.293,44.258,14.183,26.442,-18.886,48.896,-5.0799,26.981,4.8524,65.006,41.656,78.102,22.802,0.13331,16.281,13.592
4.293,44.258,14.183,26.442,-18.886,48.896,-5.0799,26.981,4.8524,65.006,41.656,78.102,22.802,0.13331,16.281,13.592
4.293,44.258,14.183,26.442,-18.886,48.896,-5.0799,26.981,4.8524,65.006,41.656,78.102,22.802,0.13331,16.281,13.592
4.3527,44.55,14.112,26.761,-18.892,49.25,-5.1124,27.353,4.4366,65.352,41.537,78.342,22.956,0.34718,16.096,13.816
4.3527,44.55,14.112,26.761,-18.892,49.25,-5.1124,27.353,4.4366,65.352,41.537,78.342,22.956,0.34718,16.096,13.816
4.3527,44.55,14.112,26.761,-18.892,49.25,-5.1124,27.353,4.4366,65.352,41.537,78.342,22.956,0.34718,16.096,13.816
4.4114,44.842,14.041,27.079,-18.899,49.604,-5.1465,27.725,4.0201,65.696,41.415,78.579,23.11,0.56186,15.909,14.042
4.4114,44.842,14.041,27.079,-18.899,49.604,-5.1465,27.725,4.0201,65.696,41.415,78.579,23.11,0.56186,15.909,14.042
4.5255,45.425,13.895,27.712,-18.914,50.312,-5.2199,28.471,3.1851,66.379,41.166,79.048,23.412,0.99356,15.526,14.498
4.5255,45.425,13.895,27.712,-18.914,50.312,-5.2199,28.471,3.1851,66.379,41.166,79.048,23.412,0.99356,15.526,14.498
4.5255,45.425,13.895,27.712,-18.914,50.312,-5.2199,28.471,3.1851,66.379,41.166,79.048,23.412,0.99356,15.526,14.498
4.5255,45.425,13.895,27.712,-18.914,50.312,-5.2199,28.471,3.1851,66.379,41.166,79.048,23.412,0.99356,15.526,14.498
4.581,45.715,13.821,28.027,-18.923,50.666,-5.2592,28.845,2.7666,66.718,41.037,79.28,23.562,1.2106,15.33,14.729
4.581,45.715,13.821,28.027,-18.923,50.666,-5.2592,28.845,2.7666,66.718,41.037,79.28,23.562,1.2106,15.33,14.729
4.6355,46.005,13.746,28.342,-18.933,51.02,-5.3001,29.219,2.3475,67.055,40.906,79.509,23.71,1.4283,15.132,14.962
4.6888,46.295,13.671,28.655,-18.943,51.374,-5.3427,29.594,1.9279,67.389,40.772,79.736,23.856,1.6467,14.931,15.196
4.6888,46.295,13.671,28.655,-18.943,51.374,-5.3427,29.594,1.9279,67.389,40.772,79.736,23.856,1.6467,14.931,15.196
4.7412,46.584,13.595,28.967,-18.954,51.728,-5.3871,29.969,1.5077,67.722,40.636,79.961,24.002,1.8659,14.727,15.433
4.7412,46.584,13.595,28.967,-18.954,51.728,-5.3871,29.969,1.5077,67.722,40.636,79.961,24.002,1.8659,14.727,15.433
4.7924,46.872,13.518,29.278,-18.966,52.081,-5.4331,30.344,1.0869,68.052,40.498,80.184,24.146,2.0858,14.52,15.67
4.7924,46.872,13.518,29.278,-18.966,52.081,-5.4331,30.344,1.0869,68.052,40.498,80.184,24.146,2.0858,14.52,15.67
4.8426,47.16,13.44,29.588,-18.978,52.435,-5.4808,30.72,0.6657,68.38,40.357,80.405,24.289,2.3063,14.311,15.91
4.8426,47.16,13.44,29.588,-18.978,52.435,-5.4808,30.72,0.6657,68.38,40.357,80.405,24.289,2.3063,14.311,15.91
4.8917,47.448,13.362,29.897,-18.992,52.788,-5.5301,31.097,0.244,68.707,40.214,80.624,24.43,2.5275,14.099,16.151
4.8917,47.448,13.362,29.897,-18.992,52.788,-5.5301,31.097,0.244,68.707,40.214,80.624,24.43,2.5275,14.099,16.151
4.9398,47.734,13.283,30.205,-19.005,53.141,-5.5812,31.473,-0.17816,69.031,40.068,80.84,24.57,2.7493,13.885,16.394
4.9398,47.734,13.283,30.205,-19.005,53.141,-5.5812,31.473,-0.17816,69.031,40.068,80.84,24.57,2.7493,13.885,16.394
4.9867,48.021,13.204,30.512,-19.02,53.493,-5.6339,31.85,-0.60072,69.353,39.92,81.055,24.709,2.9717,13.668,16.639
4.9867,48.021,13.204,30.512,-19.02,53.493,-5.6339,31.85,-0.60072,69.353,39.92,81.055,24.709,2.9717,13.668,16.639
5.0327,48.306,13.123,30.818,-19.035,53.846,-5.6883,32.227,-1.0237,69.672,39.77,81.267,24.846,3.1947,13.448,16.885
5.0327,48.306,13.123,30.818,-19.035,53.846,-5.6883,32.227,-1.0237,69.672,39.77,81.267,24.846,3.1947,13.448,16.885
5.0775,48.591,13.042,31.123,-19.051,54.198,-5.7444,32.605,-1.447,69.99,39.617,81.477,24.982,3.4183,13.226,17.132
5.0775,48.591,13.042,31.123,-19.051,54.198,-5.7444,32.605,-1.447,69.99,39.617,81.477,24.982,3.4183,13.226,17.132
5.1213,48.875,12.961,31.426,-19.068,54.549,-5.8021,32.982,-1.8707,70.305,39.462,81.685,25.117,3.6425,13.001,17.382
5.1213,48.875,12.961,31.426,-19.068,54.549,-5.8021,32.982,-1.8707,70.305,39.462,81.685,25.117,3.6425,13.001,17.382
5.164,49.159,12.878,31.728,-19.085,54.9,-5.8615,33.36,-2.2946,70.619,39.305,81.89,25.25,3.8672,12.773,17.632
5.2057,49.442,12.796,32.03,-19.103,55.251,-5.9226,33.738,-2.7189,70.93,39.145,82.093,25.381,4.0924,12.543,17.885
5.2057,49.442,12.796,32.03,-19.103,55.251,-5.9226,33.738,-2.7189,70.93,39.145,82.093,25.381,4.0924,12.543,17.885
5.2463,49.724,12.712,32.329,-19.122,55.602,-5.9852,34.116,-3.1434,71.238,38.984,82.294,25.512,4.3182,12.31,18.139
5.2463,49.724,12.712,32.329,-19.122,55.602,-5.9852,34.116,-3.1434,71.238,38.984,82.294,25.512,4.3182,12.31,18.139
5.2858,50.006,12.628,32.628,-19.141,55.952,-6.0496,34.495,-3.5681,71.545,38.819,82.493,25.64,4.5444,12.074,18.394
5.2858,50.006,12.628,32.628,-19.141,55.952,-6.0496,34.495,-3.5681,71.545,38.819,82.493,25.64,4.5444,12.074,18.394
5.2858,50.006,12.628,32.628,-19.141,55.952,-6.0496,34.495,-3.5681,71.545,38.819,82.493,25.64,4.5444,12.074,18.394
5.3243,50.287,12.543,32.926,-19.161,56.301,-6.1155,34.873,-3.993,71.849,38.653,82.689,25.768,4.7711,11.836,18.651
5.3243,50.287,12.543,32.926,-19.161,56.301,-6.1155,34.873,-3.993,71.849,38.653,82.689,25.768,4.7711,11.836,18.651
5.3617,50.567,12.458,33.222,-19.182,56.65,-6.1831,35.251,-4.4181,72.151,38.484,82.884,25.894,4.9982,11.596,18.909
5.3617,50.567,12.458,33.222,-19.182,56.65,-6.1831,35.251,-4.4181,72.151,38.484,82.884,25.894,4.9982,11.596,18.909
5.398,50.846,12.372,33.517,-19.203,56.998,-6.2524,35.63,-4.8434,72.45,38.313,83.075,26.018,5.2258,11.352,19.169
5.4332,51.125,12.285,33.811,-19.225,57.346,-6.3232,36.008,-5.2688,72.747,38.14,83.265,26.141,5.4537,11.106,19.43
5.4332,51.125,12.285,33.811,-19.225,57.346,-6.3232,36.008,-5.2688,72.747,38.14,83.265,26.141,5.4537,11.106,19.43
5.4674,51.403,12.198,34.103,-19.248,57.693,-6.3956,36.387,-5.6942,73.042,37.965,83.452,26.263,5.6821,10.858,19.692
5.4674,51.403,12.198,34.103,-19.248,57.693,-6.3956,36.387,-5.6942,73.042,37.965,83.452,26.263,5.6821,10.858,19.692
5.4674,51.403,12.198,34.103,-19.248,57.693,-6.3956,36.387,-5.6942,73.042,37.965,83.452,26.263,5.6821,10.858,19.692
5.5005,51.679,12.111,34.394,-19.271,58.039,-6.4697,36.765,-6.1198,73.334,37.787,83.637,26.383,5.9108,10.607,19.956
5.5005,51.679,12.111,34.394,-19.271,58.039,-6.4697,36.765,-6.1198,73.334,37.787,83.637,26.383,5.9108,10.607,19.956
5.5005,51.679,12.111,34.394,-19.271,58.039,-6.4697,36.765,-6.1198,73.334,37.787,83.637,26.383,5.9108,10.607,19.956
5.5326,51.956,12.023,34.684,-19.295,58.385,-6.5454,37.143,-6.5453,73.624,37.608,83.819,26.501,6.1399,10.354,20.221
5.5326,51.956,12.023,34.684,-19.295,58.385,-6.5454,37.143,-6.5453,73.624,37.608,83.819,26.501,6.1399,10.354,20.221
5.5326,51.956,12.023,34.684,-19.295,58.385,-6.5454,37.143,-6.5453,73.624,37.608,83.819,26.501,6.1399,10.354,20.221
5.5935,52.505,11.845,35.259,-19.344,59.075,-6.7015,37.899,-7.3965,74.197,37.242,84.176,26.734,6.599,9.8391,20.756
5.5935,52.505,11.845,35.259,-19.344,59.075,-6.7015,37.899,-7.3965,74.197,37.242,84.176,26.734,6.599,9.8391,20.756
5.6224,52.779,11.755,35.544,-19.37,59.418,-6.7819,38.277,-7.822,74.48,37.056,84.351,26.848,6.829,9.5781,21.025
5.6224,52.779,11.755,35.544,-19.37,59.418,-6.7819,38.277,-7.822,74.48,37.056,84.351,26.848,6.829,9.5781,21.025
5.6502,53.052,11.665,35.829,-19.396,59.761,-6.8639,38.655,-8.2475,74.76,36.867,84.524,26.961,7.0593,9.3146,21.295
5.6502,53.052,11.665,35.829,-19.396,59.761,-6.8639,38.655,-8.2475,74.76,36.867,84.524,26.961,7.0593,9.3146,21.295
5.677,53.323,11.574,36.111,-19.423,60.103,-6.9474,39.032,-8.6728,75.037,36.677,84.694,27.072,7.2898,9.0486,21.567
5.677,53.323,11.574,36.111,-19.423,60.103,-6.9474,39.032,-8.6728,75.037,36.677,84.694,27.072,7.2898,9.0486,21.567
5.7026,53.594,11.483,36.392,-19.45,60.444,-7.0325,39.41,-9.0981,75.313,36.484,84.862,27.181,7.5205,8.7802,21.84
5.7026,53.594,11.483,36.392,-19.45,60.444,-7.0325,39.41,-9.0981,75.313,36.484,84.862,27.181,7.5205,8.7802,21.84
5.7273,53.864,11.391,36.672,-19.478,60.784,-7.1192,39.787,-9.5232,75.585,36.29,85.027,27.289,7.7514,8.5093,22.114
5.7273,53.864,11.391,36.672,-19.478,60.784,-7.1192,39.787,-9.5232,75.585,36.29,85.027,27.289,7.7514,8.5093,22.114
5.7508,54.133,11.299,36.951,-19.507,61.123,-7.2074,40.163,-9.9481,75.855,36.093,85.19,27.396,7.9825,8.236,22.389
5.7508,54.133,11.299,36.951,-19.507,61.123,-7.2074,40.163,-9.9481,75.855,36.093,85.19,27.396,7.9825,8.236,22.389
5.7734,54.401,11.206,37.227,-19.536,61.461,-7.2971,40.539,-10.373,76.123,35.894,85.35,27.5,8.2138,7.9603,22.665
5.7734,54.401,11.206,37.227,-19.536,61.461,-7.2971,40.539,-10.373,76.123,35.894,85.35,27.5,8.2138,7.9603,22.665
5.7948,54.668,11.113,37.503,-19.565,61.798,-7.3883,40.915,-10.797,76.388,35.694,85.508,27.604,8.4452,7.6822,22.943
5.7948,54.668,11.113,37.503,-19.565,61.798,-7.3883,40.915,-10.797,76.388,35.694,85.508,27.604,8.4452,7.6822,22.943
5.8152,54.934,11.02,37.776,-19.595,62.135,-7.4811,41.291,-11.222,76.65,35.491,85.663,27.706,8.6767,7.4017,23.221
5.8346,55.199,10.926,38.049,-19.626,62.47,-7.5754,41.666,-11.646,76.91,35.286,85.816,27.806,8.9083,7.1188,23.501
5.8346,55.199,10.926,38.049,-19.626,62.47,-7.5754,41.666,-11.646,76.91,35.286,85.816,27.806,8.9083,7.1188,23.501
5.8346,55.199,10.926,38.049,-19.626,62.47,-7.5754,41.666,-11.646,76.91,35.286,85.816,27.806,8.9083,7.1188,23.501
5.8529,55.463,10.831,38.319,-19.657,62.804,-7.6711,42.041,-12.069,77.167,35.08,85.966,27.905,9.14,6.8336,23.782
5.8529,55.463,10.831,38.319,-19.657,62.804,-7.6711,42.041,-12.069,77.167,35.08,85.966,27.905,9.14,6.8336,23.782
5.8701,55.726,10.737,38.588,-19.689,63.137,-7.7684,42.415,-12.493,77.421,34.871,86.114,28.002,9.3718,6.546,24.063
5.8701,55.726,10.737,38.588,-19.689,63.137,-7.7684,42.415,-12.493,77.421,34.871,86.114,28.002,9.3718,6.546,24.063
5.8864,55.988,10.642,38.856,-19.721,63.469,-7.8671,42.788,-12.916,77.673,34.661,86.259,28.097,9.6036,6.256,24.346
5.8864,55.988,10.642,38.856,-19.721,63.469,-7.8671,42.788,-12.916,77.673,34.661,86.259,28.097,9.6036,6.256,24.346
5.9015,56.249,10.546,39.121,-19.754,63.799,-7.9672,43.162,-13.338,77.922,34.448,86.401,28.191,9.8353,5.9638,24.63
5.9156,56.508,10.45,39.385,-19.787,64.129,-8.0689,43.534,-13.76,78.168,34.234,86.541,28.283,10.067,5.6693,24.914
5.9156,56.508,10.45,39.385,-19.787,64.129,-8.0689,43.534,-13.76,78.168,34.234,86.541,28.283,10.067,5.6693,24.914
5.9287,56.767,10.354,39.648,-19.82,64.457,-8.172,43.906,-14.182,78.412,34.018,86.678,28.374,10.299,5.3725,25.2
5.9287,56.767,10.354,39.648,-19.82,64.457,-8.172,43.906,-14.182,78.412,34.018,86.678,28.374,10.299,5.3725,25.2
5.9287,56.767,10.354,39.648,-19.82,64.457,-8.172,43.906,-14.182,78.412,34.018,86.678,28.374,10.299,5.3725,25.2
5.9408,57.024,10.257,39.909,-19.854,64.784,-8.2765,44.277,-14.603,78.652,33.799,86.813,28.463,10.531,5.0734,25.487
5.9408,57.024,10.257,39.909,-19.854,64.784,-8.2765,44.277,-14.603,78.652,33.799,86.813,28.463,10.531,5.0734,25.487
5.9408,57.024,10.257,39.909,-19.854,64.784,-8.2765,44.277,-14.603,78.652,33.799,86.813,28.463,10.531,5.0734,25.487
5.9518,57.281,10.16,40.168,-19.889,65.11,-8.3824,44.648,-15.024,78.891,33.579,86.945,28.551,10.762,4.7721,25.774
5.9617,57.536,10.063,40.425,-19.924,65.434,-8.4897,45.018,-15.445,79.126,33.358,87.074,28.637,10.994,4.4685,26.062
5.9707,57.79,9.9657,40.681,-19.959,65.757,-8.5985,45.387,-15.864,79.358,33.134,87.2,28.721,11.225,4.1627,26.351
