3.2495,0.3765,2.1672,-1.3632,1.9619,-0.6692,1.3228,-1.5751,-10.563,-6.3126,-0.5693,-0.9986,2.9688,1.9192,3.1744,2.6472
3.2495,0.3765,2.1672,-1.3632,1.9619,-0.6692,1.3228,-1.5751,-10.563,-6.3126,-0.5693,-0.9986,2.9688,1.9192,3.1744,2.6472
3.3249,0.3848,2.2005,-1.3597,2.0233,-0.6565,1.3927,-1.5729,-10.479,-6.267,-0.4985,-0.9891,3.0271,1.9407,3.2079,2.6452
3.3249,0.3848,2.2005,-1.3597,2.0233,-0.6565,1.3927,-1.5729,-10.479,-6.267,-0.4985,-0.9891,3.0271,1.9407,3.2079,2.6452
3.3249,0.3848,2.2005,-1.3597,2.0233,-0.6565,1.3927,-1.5729,-10.479,-6.267,-0.4985,-0.9891,3.0271,1.9407,3.2079,2.6452
3.398,0.3969,2.2434,-1.3596,2.0818,-0.6393,1.4785,-1.5672,-10.399,-6.2699,-0.4274,-0.9796,3.0794,1.9559,3.2706,2.6476
3.398,0.3969,2.2434,-1.3596,2.0818,-0.6393,1.4785,-1.5672,-10.399,-6.2699,-0.4274,-0.9796,3.0794,1.9559,3.2706,2.6476
3.398,0.3969,2.2434,-1.3596,2.0818,-0.6393,1.4785,-1.5672,-10.399,-6.2699,-0.4274,-0.9796,3.0794,1.9559,3.2706,2.6476
3.5088,0.4105,2.32,-1.3561,2.1779,-0.6249,1.5639,-1.534,-10.366,-6.2057,-0.3129,-0.9505,3.1504,1.9675,3.3786,2.6786
3.5088,0.4105,2.32,-1.3561,2.1779,-0.6249,1.5639,-1.534,-10.366,-6.2057,-0.3129,-0.9505,3.1504,1.9675,3.3786,2.6786
3.5371,0.4093,2.3321,-1.3527,2.1998,-0.6257,1.5879,-1.5425,-10.342,-6.2393,-0.2874,-0.9432,3.1582,1.9563,3.4205,2.6886
3.5371,0.4093,2.3321,-1.3527,2.1998,-0.6257,1.5879,-1.5425,-10.342,-6.2393,-0.2874,-0.9432,3.1582,1.9563,3.4205,2.6886
3.5462,0.412,2.3477,-1.3543,2.2029,-0.6199,1.6276,-1.5475,-10.376,-6.3033,-0.2801,-0.9411,3.1422,1.9338,3.4329,2.6941
3.5462,0.412,2.3477,-1.3543,2.2029,-0.6199,1.6276,-1.5475,-10.376,-6.3033,-0.2801,-0.9411,3.1422,1.9338,3.4329,2.6941
3.5462,0.412,2.3537,-1.3526,2.2123,-0.6232,1.6276,-1.5475,-10.381,-6.3518,-0.2816,-0.9452,3.1174,1.9088,3.4454,2.6996
3.5462,0.412,2.3537,-1.3526,2.2123,-0.6232,1.6276,-1.5475,-10.381,-6.3518,-0.2816,-0.9452,3.1174,1.9088,3.4454,2.6996
3.5489,0.4081,2.3633,-1.356,2.2185,-0.6219,1.6433,-1.5439,-10.41,-6.3668,-0.2962,-0.9494,3.0883,1.8826,3.4346,2.7034
3.5489,0.4081,2.3633,-1.356,2.2185,-0.6219,1.6433,-1.5439,-10.41,-6.3668,-0.2962,-0.9494,3.0883,1.8826,3.4346,2.7034
3.5352,0.4041,2.3572,-1.3577,2.2061,-0.6245,1.6193,-1.5354,-10.438,-6.3819,-0.3216,-0.9567,3.0567,1.8602,3.4176,2.7045
3.5352,0.4041,2.3572,-1.3577,2.2061,-0.6245,1.6193,-1.5354,-10.438,-6.3819,-0.3216,-0.9567,3.0567,1.8602,3.4176,2.7045
3.5124,0.3975,2.3451,-1.3611,2.1811,-0.6295,1.6119,-1.551,-10.489,-6.3638,-0.3435,-0.9629,3.0339,1.8404,3.3989,2.6962
3.5124,0.3975,2.3451,-1.3611,2.1811,-0.6295,1.6119,-1.551,-10.489,-6.3638,-0.3435,-0.9629,3.0339,1.8404,3.3989,2.6962
3.5124,0.3975,2.3451,-1.3611,2.1811,-0.6295,1.6119,-1.551,-10.489,-6.3638,-0.3435,-0.9629,3.0339,1.8404,3.3989,2.6962
3.496,0.3974,2.3451,-1.3611,2.1843,-0.6341,1.6119,-1.551,-10.517,-6.3789,-0.3616,-0.9681,3.0122,1.8341,3.3803,2.6879
3.4823,0.3935,2.326,-1.3544,2.1719,-0.6366,1.5879,-1.5425,-10.512,-6.3306,-0.371,-0.9671,3.0035,1.8316,3.374,2.6851
3.4705,0.3947,2.3165,-1.351,2.1688,-0.6425,1.5722,-1.546,-10.512,-6.3306,-0.3746,-0.9681,3.0009,1.8353,3.3571,2.6862
3.4705,0.3947,2.3165,-1.351,2.1688,-0.6425,1.5722,-1.546,-10.512,-6.3306,-0.3746,-0.9681,3.0009,1.8353,3.3571,2.6862
3.4705,0.3947,2.3165,-1.351,2.1688,-0.6425,1.5722,-1.546,-10.512,-6.3306,-0.3746,-0.9681,3.0009,1.8353,3.3571,2.6862
3.4569,0.3908,2.314,-1.3578,2.147,-0.6417,1.5409,-1.5531,-10.512,-6.3306,-0.371,-0.9671,3.0053,1.8366,3.3463,2.69
3.4569,0.3908,2.314,-1.3578,2.147,-0.6417,1.5409,-1.5531,-10.512,-6.3306,-0.371,-0.9671,3.0053,1.8366,3.3463,2.69
3.4569,0.3908,2.314,-1.3578,2.147,-0.6417,1.5409,-1.5531,-10.512,-6.3306,-0.371,-0.9671,3.0053,1.8366,3.3463,2.69
3.4496,0.3933,2.3105,-1.3527,2.147,-0.6417,1.5409,-1.5531,-10.512,-6.3306,-0.3731,-0.964,3.0071,1.8415,3.3571,2.6862
3.4496,0.3933,2.3105,-1.3527,2.147,-0.6417,1.5409,-1.5531,-10.512,-6.3306,-0.3731,-0.964,3.0071,1.8415,3.3571,2.6862
3.4242,0.3906,2.308,-1.3595,2.1284,-0.6455,1.5097,-1.5601,-10.484,-6.3155,-0.3795,-0.9548,2.9698,1.8352,3.3542,2.7021
3.4242,0.3906,2.308,-1.3595,2.1284,-0.6455,1.5097,-1.5601,-10.484,-6.3155,-0.3795,-0.9548,2.9698,1.8352,3.3542,2.7021
3.4242,0.3906,2.308,-1.3595,2.1284,-0.6455,1.5097,-1.5601,-10.484,-6.3155,-0.3795,-0.9548,2.9698,1.8352,3.3542,2.7021
3.4152,0.3879,2.302,-1.3612,2.1128,-0.6434,1.4941,-1.5636,-10.428,-6.2851,-0.3729,-0.9455,2.9093,1.8177,3.3728,2.7104
3.4152,0.3879,2.302,-1.3612,2.1128,-0.6434,1.4941,-1.5636,-10.428,-6.2851,-0.3729,-0.9455,2.9093,1.8177,3.3728,2.7104
3.4152,0.3879,2.302,-1.3612,2.1128,-0.6434,1.4941,-1.5636,-10.428,-6.2851,-0.3729,-0.9455,2.9093,1.8177,3.3728,2.7104
3.4152,0.3879,2.302,-1.3612,2.1128,-0.6434,1.4941,-1.5636,-10.428,-6.2851,-0.3729,-0.9455,2.9093,1.8177,3.3728,2.7104
3.3925,0.3813,2.2864,-1.3595,2.0974,-0.6518,1.463,-1.5707,-10.314,-6.224,-0.3546,-0.9218,2.7197,1.7278,3.3977,2.7214
3.3925,0.3813,2.2864,-1.3595,2.0974,-0.6518,1.463,-1.5707,-10.314,-6.224,-0.3546,-0.9218,2.7197,1.7278,3.3977,2.7214
3.3789,0.3774,2.2804,-1.3612,2.0757,-0.651,1.4475,-1.5742,-10.28,-6.1594,-0.3407,-0.9104,2.6356,1.673,3.4039,2.7242
3.3789,0.3774,2.2804,-1.3612,2.0757,-0.651,1.4475,-1.5742,-10.28,-6.1594,-0.3407,-0.9104,2.6356,1.673,3.4039,2.7242
3.3789,0.3774,2.2804,-1.3612,2.0757,-0.651,1.4475,-1.5742,-10.28,-6.1594,-0.3407,-0.9104,2.6356,1.673,3.4039,2.7242
3.3654,0.3734,2.2744,-1.3629,2.0541,-0.6502,1.4165,-1.5813,-10.252,-6.1439,-0.3362,-0.898,2.573,1.6247,3.4039,2.7242
3.3654,0.3734,2.2744,-1.3629,2.0541,-0.6502,1.4165,-1.5813,-10.252,-6.1439,-0.3362,-0.898,2.573,1.6247,3.4039,2.7242
3.3239,0.3706,2.2529,-1.363,2.011,-0.6591,1.402,-1.6121,-10.165,-6.0972,-0.3347,-0.8938,2.5743,1.5865,3.3807,2.7225
3.3239,0.3706,2.2529,-1.363,2.011,-0.6591,1.402,-1.6121,-10.165,-6.0972,-0.3347,-0.8938,2.5743,1.5865,3.3807,2.7225
3.3239,0.3706,2.2529,-1.363,2.011,-0.6591,1.402,-1.6121,-10.165,-6.0972,-0.3347,-0.8938,2.5743,1.5865,3.3807,2.7225
3.3033,0.3692,2.2409,-1.3664,1.9864,-0.6641,1.3629,-1.6072,-10.136,-6.0816,-0.3529,-0.8991,2.6374,1.6047,3.362,2.7142
3.3033,0.3692,2.2409,-1.3664,1.9864,-0.6641,1.3629,-1.6072,-10.136,-6.0816,-0.3529,-0.8991,2.6374,1.6047,3.362,2.7142
3.3033,0.3692,2.2409,-1.3664,1.9864,-0.6641,1.3629,-1.6072,-10.136,-6.0816,-0.3529,-0.8991,2.6374,1.6047,3.362,2.7142
3.271,0.3689,2.223,-1.3715,1.9557,-0.6705,1.3403,-1.6261,-10.16,-6.0473,-0.384,-0.9044,2.7256,1.6385,3.3327,2.7097
3.271,0.3689,2.223,-1.3715,1.9557,-0.6705,1.3403,-1.6261,-10.16,-6.0473,-0.384,-0.9044,2.7256,1.6385,3.3327,2.7097
3.271,0.3689,2.223,-1.3715,1.9557,-0.6705,1.3403,-1.6261,-10.16,-6.0473,-0.384,-0.9044,2.7256,1.6385,3.3327,2.7097
3.2298,0.3661,2.1861,-1.3699,1.9037,-0.676,1.3024,-1.6484,-10.155,-5.9972,-0.4361,-0.9232,2.9514,1.742,3.2771,2.6848
3.2298,0.3661,2.1861,-1.3699,1.9037,-0.676,1.3024,-1.6484,-10.155,-5.9972,-0.4361,-0.9232,2.9514,1.742,3.2771,2.6848
3.2343,0.3674,2.1801,-1.3716,1.9037,-0.676,1.3024,-1.6484,-10.131,-6.0316,-0.4491,-0.9232,3.0689,1.7974,3.2755,2.6755
3.2343,0.3674,2.1801,-1.3716,1.9037,-0.676,1.3024,-1.6484,-10.131,-6.0316,-0.4491,-0.9232,3.0689,1.7974,3.2755,2.6755
3.2612,0.3753,2.1861,-1.3699,1.9374,-0.6743,1.3177,-1.6449,-10.02,-6.0188,-0.4066,-0.922,3.1901,1.8494,3.2923,2.6744
3.2612,0.3753,2.1861,-1.3699,1.9374,-0.6743,1.3177,-1.6449,-10.02,-6.0188,-0.4066,-0.922,3.1901,1.8494,3.2923,2.6744
3.2612,0.3753,2.1861,-1.3699,1.9374,-0.6743,1.3177,-1.6449,-10.02,-6.0188,-0.4066,-0.922,3.1901,1.8494,3.2923,2.6744
3.3178,0.3873,2.2194,-1.3664,1.9987,-0.6616,1.3793,-1.6309,-9.9377,-6.0219,-0.3407,-0.9104,3.3017,1.8943,3.3323,2.6751
3.389,0.3943,2.2469,-1.3647,2.0541,-0.6502,1.4175,-1.6086,-9.8547,-6.025,-0.2482,-0.8987,3.4105,1.9294,3.391,2.6841
3.4579,0.405,2.2829,-1.3544,2.1159,-0.6376,1.4795,-1.5945,-9.8251,-6.0093,-0.1748,-0.8777,3.5067,1.9608,3.4625,2.6985
3.4579,0.405,2.2829,-1.3544,2.1159,-0.6376,1.4795,-1.5945,-9.8251,-6.0093,-0.1748,-0.8777,3.5067,1.9608,3.4625,2.6985
3.4579,0.405,2.2829,-1.3544,2.1159,-0.6376,1.4795,-1.5945,-9.8251,-6.0093,-0.1748,-0.8777,3.5067,1.9608,3.4625,2.6985
3.4579,0.405,2.2829,-1.3544,2.1159,-0.6376,1.4795,-1.5945,-9.8251,-6.0093,-0.1748,-0.8777,3.5067,1.9608,3.4625,2.6985
3.5107,0.4157,2.326,-1.3544,2.1749,-0.6308,1.518,-1.5721,-9.7657,-5.9777,-0.1056,-0.8693,3.5764,1.9848,3.5234,2.7168
3.5107,0.4157,2.326,-1.3544,2.1749,-0.6308,1.518,-1.5721,-9.7657,-5.9777,-0.1056,-0.8693,3.5764,1.9848,3.5234,2.7168
3.5875,0.4239,2.3683,-1.3424,2.231,-0.6194,1.5962,-1.5545,-9.706,-5.9459,-0.0293,-0.8514,3.6731,2.0253,3.6191,2.733
3.5875,0.4239,2.3683,-1.3424,2.231,-0.6194,1.5962,-1.5545,-9.706,-5.9459,-0.0293,-0.8514,3.6731,2.0253,3.6191,2.733
3.5986,0.4317,2.3864,-1.3373,2.2498,-0.6156,1.6276,-1.5475,-9.6461,-5.914,-0.0032,-0.8441,3.7188,2.038,3.6444,2.7441
3.5986,0.4317,2.3864,-1.3373,2.2498,-0.6156,1.6276,-1.5475,-9.6461,-5.914,-0.0032,-0.8441,3.7188,2.038,3.6444,2.7441
3.6059,0.4292,2.3925,-1.3356,2.2529,-0.6202,1.6276,-1.5475,-9.6705,-5.8788,0.0079,-0.8409,3.7594,2.0584,3.6744,2.7485
3.6059,0.4292,2.3925,-1.3356,2.2529,-0.6202,1.6276,-1.5475,-9.6705,-5.8788,0.0079,-0.8409,3.7594,2.0584,3.6744,2.7485
3.6013,0.4278,2.4021,-1.339,2.2467,-0.6215,1.6276,-1.5475,-9.616,-5.8981,0.0117,-0.8399,3.7908,2.0763,3.6871,2.7541
3.6013,0.4278,2.4021,-1.339,2.2467,-0.6215,1.6276,-1.5475,-9.616,-5.8981,0.0117,-0.8399,3.7908,2.0763,3.6871,2.7541
3.6013,0.4278,2.4021,-1.339,2.2467,-0.6215,1.6276,-1.5475,-9.616,-5.8981,0.0117,-0.8399,3.7908,2.0763,3.6871,2.7541
3.5875,0.4239,2.396,-1.3407,2.2279,-0.6253,1.5879,-1.5425,-9.616,-5.8981,0.0005,-0.843,3.8151,2.0968,3.6871,2.7541
3.5875,0.4239,2.396,-1.3407,2.2279,-0.6253,1.5879,-1.5425,-9.616,-5.8981,0.0005,-0.843,3.8151,2.0968,3.6871,2.7541
3.5783,0.4212,2.3864,-1.3373,2.2155,-0.6278,1.5962,-1.5545,-9.5613,-5.9174,-0.0032,-0.8441,3.846,2.1238,3.6871,2.7541
3.5783,0.4212,2.3864,-1.3373,2.2155,-0.6278,1.5962,-1.5545,-9.5613,-5.9174,-0.0032,-0.8441,3.846,2.1238,3.6871,2.7541
3.5783,0.4212,2.3864,-1.3373,2.2155,-0.6278,1.5962,-1.5545,-9.5613,-5.9174,-0.0032,-0.8441,3.846,2.1238,3.6871,2.7541
3.5691,0.4186,2.39,-1.3424,2.2124,-0.6336,1.5805,-1.558,-9.5311,-5.9014,-0.0107,-0.8461,3.8823,2.1431,3.6825,2.7608
3.5691,0.4186,2.3864,-1.3373,2.2092,-0.629,1.6045,-1.5665,-9.5007,-5.8854,-0.0085,-0.8493,3.9141,2.1612,3.6825,2.7608
3.5573,0.4198,2.3804,-1.339,2.1968,-0.6316,1.5732,-1.5735,-9.4703,-5.8693,-0.0048,-0.8482,3.9459,2.1793,3.6825,2.7608
3.5573,0.4198,2.3804,-1.339,2.1968,-0.6316,1.5732,-1.5735,-9.4703,-5.8693,-0.0048,-0.8482,3.9459,2.1793,3.6825,2.7608
3.5573,0.4198,2.3804,-1.339,2.1968,-0.6316,1.5732,-1.5735,-9.4703,-5.8693,-0.0048,-0.8482,3.9459,2.1793,3.6825,2.7608
3.5646,0.4173,2.3864,-1.3373,2.1968,-0.6316,1.5888,-1.57,-9.4398,-5.8533,-0.0048,-0.8482,3.9806,2.1935,3.6889,2.7635
3.5646,0.4173,2.3864,-1.3373,2.1968,-0.6316,1.5888,-1.57,-9.4398,-5.8533,-0.0048,-0.8482,3.9806,2.1935,3.6889,2.7635
3.5646,0.4173,2.3864,-1.3373,2.1968,-0.6316,1.5888,-1.57,-9.4398,-5.8533,-0.0048,-0.8482,3.9806,2.1935,3.6889,2.7635
3.56,0.4159,2.3864,-1.3373,2.1937,-0.6374,1.5732,-1.5735,-9.4398,-5.8533,-0.0129,-0.843,4.0133,2.2026,3.6889,2.7635
3.5481,0.4172,2.39,-1.3424,2.1875,-0.6387,1.5815,-1.5855,-9.4645,-5.8176,-0.015,-0.8399,4.0462,2.2117,3.6889,2.7635
3.5481,0.4172,2.39,-1.3424,2.1875,-0.6387,1.5815,-1.5855,-9.4645,-5.8176,-0.015,-0.8399,4.0462,2.2117,3.6889,2.7635
3.5481,0.4172,2.39,-1.3424,2.1875,-0.6387,1.5815,-1.5855,-9.4645,-5.8176,-0.015,-0.8399,4.0462,2.2117,3.6889,2.7635
3.5417,0.4106,2.3804,-1.339,2.175,-0.6412,1.5575,-1.577,-9.434,-5.8014,-0.0209,-0.8378,4.0697,2.2182,3.6779,2.7674
3.5417,0.4106,2.3804,-1.339,2.175,-0.6412,1.5575,-1.577,-9.434,-5.8014,-0.0209,-0.8378,4.0697,2.2182,3.6779,2.7674
3.5417,0.4106,2.3804,-1.339,2.175,-0.6412,1.5575,-1.577,-9.434,-5.8014,-0.0209,-0.8378,4.0697,2.2182,3.6779,2.7674
3.5024,0.404,2.3527,-1.3408,2.1378,-0.6488,1.5346,-1.596,-9.4645,-5.8176,-0.0454,-0.841,4.1047,2.2325,3.6542,2.7657
3.5024,0.404,2.3527,-1.3408,2.1378,-0.6488,1.5346,-1.596,-9.4645,-5.8176,-0.0454,-0.841,4.1047,2.2325,3.6542,2.7657
3.5024,0.404,2.3527,-1.3408,2.1378,-0.6488,1.5346,-1.596,-9.4645,-5.8176,-0.0454,-0.841,4.1047,2.2325,3.6542,2.7657
3.4887,0.4,2.3466,-1.3425,2.1254,-0.6513,1.5428,-1.6079,-9.4645,-5.8176,-0.0624,-0.8421,4.1161,2.2403,3.6479,2.7629
3.4887,0.4,2.3466,-1.3425,2.1254,-0.6513,1.5428,-1.6079,-9.4645,-5.8176,-0.0624,-0.8421,4.1161,2.2403,3.6479,2.7629
3.4887,0.4,2.3466,-1.3425,2.1254,-0.6513,1.5428,-1.6079,-9.4645,-5.8176,-0.0624,-0.8421,4.1161,2.2403,3.6479,2.7629
3.4432,0.3868,2.307,-1.3476,2.0791,-0.6659,1.4723,-1.61,-9.434,-5.8014,-0.098,-0.8484,4.1437,2.2573,3.6415,2.7602
3.4432,0.3868,2.307,-1.3476,2.0791,-0.6659,1.4723,-1.61,-9.434,-5.8014,-0.098,-0.8484,4.1437,2.2573,3.6415,2.7602
3.4224,0.3854,2.2949,-1.351,2.0512,-0.6664,1.433,-1.6051,-9.434,-5.8014,-0.1223,-0.8516,4.1552,2.2652,3.6243,2.7612
3.4224,0.3854,2.2949,-1.351,2.0512,-0.6664,1.433,-1.6051,-9.434,-5.8014,-0.1223,-0.8516,4.1552,2.2652,3.6243,2.7612
3.4224,0.3854,2.2949,-1.351,2.0512,-0.6664,1.433,-1.6051,-9.434,-5.8014,-0.1223,-0.8516,4.1552,2.2652,3.6243,2.7612
3.3898,0.3852,2.2829,-1.3544,2.0266,-0.6715,1.402,-1.6121,-9.434,-5.8014,-0.1466,-0.8548,4.1545,2.2744,3.6116,2.7557
3.3898,0.3852,2.2829,-1.3544,2.0266,-0.6715,1.402,-1.6121,-9.434,-5.8014,-0.1466,-0.8548,4.1545,2.2744,3.6116,2.7557
3.3303,0.3771,2.2504,-1.3697,1.9713,-0.6828,1.3485,-1.6379,-9.4645,-5.8176,-0.193,-0.8643,4.1612,2.281,3.5646,2.7523
3.3303,0.3771,2.2504,-1.3697,1.9713,-0.6828,1.3485,-1.6379,-9.4645,-5.8176,-0.193,-0.8643,4.1612,2.281,3.5646,2.7523
3.3303,0.3771,2.2504,-1.3697,1.9713,-0.6828,1.3485,-1.6379,-9.4645,-5.8176,-0.193,-0.8643,4.1612,2.281,3.5646,2.7523
3.3006,0.373,2.2324,-1.3748,1.9468,-0.6879,1.3177,-1.6449,-9.434,-5.8014,-0.2135,-0.8664,4.1632,2.2862,3.5474,2.7533
3.3006,0.373,2.2324,-1.3748,1.9468,-0.6879,1.3177,-1.6449,-9.434,-5.8014,-0.2135,-0.8664,4.1632,2.2862,3.5474,2.7533
3.3006,0.373,2.2324,-1.3748,1.9468,-0.6879,1.3177,-1.6449,-9.434,-5.8014,-0.2135,-0.8664,4.1632,2.2862,3.5474,2.7533
3.2683,0.3728,2.224,-1.3833,1.9255,-0.6974,1.2871,-1.6519,-9.3786,-5.821,-0.234,-0.8686,4.168,2.2876,3.5285,2.745
3.2683,0.3728,2.224,-1.3833,1.9255,-0.6974,1.2871,-1.6519,-9.3786,-5.821,-0.234,-0.8686,4.168,2.2876,3.5285,2.745
3.2683,0.3728,2.224,-1.3833,1.9255,-0.6974,1.2871,-1.6519,-9.3786,-5.821,-0.234,-0.8686,4.168,2.2876,3.5285,2.745
3.2871,0.3691,2.2215,-1.39,1.9285,-0.6916,1.2871,-1.6519,-9.3786,-5.821,-0.2098,-0.8654,4.1802,2.2862,3.5457,2.7439
3.2871,0.3691,2.2215,-1.39,1.9285,-0.6916,1.2871,-1.6519,-9.3786,-5.821,-0.2098,-0.8654,4.1802,2.2862,3.5457,2.7439
3.3231,0.3796,2.23,-1.3816,1.9774,-0.6816,1.3413,-1.6532,-9.4034,-5.7852,-0.1562,-0.8538,4.1944,2.2901,3.58,2.7418
3.3231,0.3796,2.23,-1.3816,1.9774,-0.6816,1.3413,-1.6532,-9.4034,-5.7852,-0.1562,-0.8538,4.1944,2.2901,3.58,2.7418
3.3826,0.3878,2.2479,-1.3765,2.0327,-0.6702,1.403,-1.6393,-9.317,-5.7886,-0.0853,-0.8411,4.219,2.2875,3.6226,2.7518
3.3826,0.3878,2.2479,-1.3765,2.0327,-0.6702,1.403,-1.6393,-9.317,-5.7886,-0.0853,-0.8411,4.219,2.2875,3.6226,2.7518
3.4496,0.3933,2.2814,-1.373,2.0944,-0.6576,1.465,-1.6253,-9.317,-5.7886,-0.02,-0.8263,4.2312,2.2861,3.6652,2.7619
3.4496,0.3933,2.2814,-1.373,2.0944,-0.6576,1.465,-1.6253,-9.317,-5.7886,-0.02,-0.8263,4.2312,2.2861,3.6652,2.7619
3.5097,0.4014,2.3115,-1.3645,2.1534,-0.6508,1.5272,-1.6114,-9.2862,-5.7724,0.044,-0.8157,4.2483,2.2861,3.7143,2.7747
3.5097,0.4014,2.3115,-1.3645,2.1534,-0.6508,1.5272,-1.6114,-9.2862,-5.7724,0.044,-0.8157,4.2483,2.2861,3.7143,2.7747
3.5489,0.4081,2.3296,-1.3594,2.1813,-0.6399,1.5741,-1.6009,-9.2552,-5.7561,0.0793,-0.802,4.2633,2.2808,3.7637,2.7875
3.5489,0.4081,2.3296,-1.3594,2.1813,-0.6399,1.5741,-1.6009,-9.2552,-5.7561,0.0793,-0.802,4.2633,2.2808,3.7637,2.7875
3.5489,0.4081,2.3296,-1.3594,2.1813,-0.6399,1.5741,-1.6009,-9.2552,-5.7561,0.0793,-0.802,4.2633,2.2808,3.7637,2.7875
3.5818,0.4082,2.3512,-1.3594,2.2031,-0.6407,1.5898,-1.5974,-9.1992,-5.7759,0.104,-0.7988,4.2661,2.2768,3.7893,2.7987
3.5818,0.4082,2.3512,-1.3594,2.2031,-0.6407,1.5898,-1.5974,-9.1992,-5.7759,0.104,-0.7988,4.2661,2.2768,3.7893,2.7987
3.5818,0.4082,2.3512,-1.3594,2.2031,-0.6407,1.5898,-1.5974,-9.1992,-5.7759,0.104,-0.7988,4.2661,2.2768,3.7893,2.7987
3.5791,0.4121,2.3512,-1.3594,2.2063,-0.6453,1.6137,-1.6059,-9.2242,-5.7398,0.1093,-0.7936,4.2497,2.2676,3.8196,2.8032
3.5791,0.4121,2.3512,-1.3594,2.2063,-0.6453,1.6137,-1.6059,-9.2242,-5.7398,0.1093,-0.7936,4.2497,2.2676,3.8196,2.8032
3.57,0.4095,2.3477,-1.3543,2.1907,-0.6433,1.6054,-1.5939,-9.1992,-5.7759,0.1018,-0.7957,4.2429,2.2611,3.8085,2.8071
3.57,0.4095,2.3477,-1.3543,2.1907,-0.6433,1.6054,-1.5939,-9.1992,-5.7759,0.1018,-0.7957,4.2429,2.2611,3.8085,2.8071
3.5398,0.4054,2.3416,-1.356,2.1658,-0.6483,1.5898,-1.5974,-9.2302,-5.7922,0.0771,-0.7989,4.2239,2.2558,3.7957,2.8015
3.5398,0.4054,2.3416,-1.356,2.1658,-0.6483,1.5898,-1.5974,-9.2302,-5.7922,0.0771,-0.7989,4.2239,2.2558,3.7957,2.8015
3.5124,0.3975,2.3296,-1.3594,2.141,-0.6533,1.5585,-1.6044,-9.2302,-5.7922,0.0547,-0.8052,4.2096,2.2519,3.7828,2.7959
3.5124,0.3975,2.3296,-1.3594,2.141,-0.6533,1.5585,-1.6044,-9.2302,-5.7922,0.0547,-0.8052,4.2096,2.2519,3.7828,2.7959
3.4777,0.3922,2.302,-1.3612,2.1162,-0.6584,1.5199,-1.6268,-9.1992,-5.7759,0.0278,-0.8052,4.2028,2.2454,3.7654,2.797
3.4777,0.3922,2.302,-1.3612,2.1162,-0.6584,1.5199,-1.6268,-9.1992,-5.7759,0.0278,-0.8052,4.2028,2.2454,3.7654,2.797
3.4569,0.3908,2.2899,-1.3646,2.0976,-0.6622,1.4805,-1.6219,-9.1492,-5.8479,0.0054,-0.8116,4.1886,2.2415,3.7416,2.7953
3.4569,0.3908,2.2899,-1.3646,2.0976,-0.6622,1.4805,-1.6219,-9.1492,-5.8479,0.0054,-0.8116,4.1886,2.2415,3.7416,2.7953
3.4569,0.3908,2.2899,-1.3646,2.0976,-0.6622,1.4805,-1.6219,-9.1492,-5.8479,0.0054,-0.8116,4.1886,2.2415,3.7416,2.7953
3.4405,0.3907,2.2934,-1.3696,2.0852,-0.6647,1.4805,-1.6219,-9.2053,-5.8281,-0.0095,-0.8158,4.1791,2.2389,3.7288,2.7897
3.4405,0.3907,2.2934,-1.3696,2.0852,-0.6647,1.4805,-1.6219,-9.2053,-5.8281,-0.0095,-0.8158,4.1791,2.2389,3.7288,2.7897
3.4405,0.3907,2.2934,-1.3696,2.0852,-0.6647,1.4805,-1.6219,-9.2053,-5.8281,-0.0095,-0.8158,4.1791,2.2389,3.7288,2.7897
3.4061,0.3853,2.2694,-1.3764,2.0512,-0.6664,1.4495,-1.6288,-9.2612,-5.8083,-0.0362,-0.8158,4.1621,2.2389,3.7051,2.788
3.4061,0.3853,2.2694,-1.3764,2.0512,-0.6664,1.4495,-1.6288,-9.2612,-5.8083,-0.0362,-0.8158,4.1621,2.2389,3.7051,2.788
3.3925,0.3813,2.2634,-1.3781,2.042,-0.6735,1.434,-1.6323,-9.2862,-5.7724,-0.0399,-0.8169,4.1547,2.2416,3.7004,2.7947
3.3744,0.3761,2.2514,-1.3815,2.0143,-0.674,1.4102,-1.6239,-9.3478,-5.8048,-0.0591,-0.8148,4.1425,2.2429,3.6831,2.7958
3.3744,0.3761,2.2514,-1.3815,2.0143,-0.674,1.4102,-1.6239,-9.3478,-5.8048,-0.0591,-0.8148,4.1425,2.2429,3.6831,2.7958
3.3492,0.3733,2.2335,-1.3866,1.999,-0.6823,1.3793,-1.6309,-9.3478,-5.8048,-0.0767,-0.8086,4.1303,2.2442,3.6831,2.7958
3.3492,0.3733,2.2335,-1.3866,1.999,-0.6823,1.3793,-1.6309,-9.3478,-5.8048,-0.0767,-0.8086,4.1303,2.2442,3.6831,2.7958
3.3492,0.3733,2.2335,-1.3866,1.999,-0.6823,1.3793,-1.6309,-9.3478,-5.8048,-0.0767,-0.8086,4.1303,2.2442,3.6831,2.7958
3.3195,0.3693,2.212,-1.3867,1.9713,-0.6828,1.3639,-1.6344,-9.4092,-5.8372,-0.0938,-0.8097,4.0938,2.2482,3.6658,2.7969
3.3195,0.3693,2.212,-1.3867,1.9713,-0.6828,1.3639,-1.6344,-9.4092,-5.8372,-0.0938,-0.8097,4.0938,2.2482,3.6658,2.7969
3.297,0.3627,2.1882,-1.3935,1.9437,-0.6833,1.3567,-1.6497,-9.5007,-5.8854,-0.1181,-0.8129,4.0479,2.2496,3.6548,2.8008
3.297,0.3627,2.1882,-1.3935,1.9437,-0.6833,1.3567,-1.6497,-9.5007,-5.8854,-0.1181,-0.8129,4.0479,2.2496,3.6548,2.8008
3.2655,0.3535,2.1643,-1.4003,1.9224,-0.6929,1.3259,-1.6567,-9.5915,-5.9333,-0.1477,-0.8214,3.9936,2.2391,3.6375,2.8018
3.2655,0.3535,2.1643,-1.4003,1.9224,-0.6929,1.3259,-1.6567,-9.5915,-5.9333,-0.1477,-0.8214,3.9936,2.2391,3.6375,2.8018
3.2655,0.3535,2.1643,-1.4003,1.9224,-0.6929,1.3259,-1.6567,-9.5915,-5.9333,-0.1477,-0.8214,3.9936,2.2391,3.6375,2.8018
3.2405,0.3507,2.1465,-1.4053,1.9009,-0.6922,1.3106,-1.6602,-9.7415,-6.0125,-0.1904,-0.8299,3.9208,2.2235,3.6185,2.7935
3.2405,0.3507,2.1465,-1.4053,1.9009,-0.6922,1.3106,-1.6602,-9.7415,-6.0125,-0.1904,-0.8299,3.9208,2.2235,3.6185,2.7935
3.2405,0.3507,2.1465,-1.4053,1.9009,-0.6922,1.3106,-1.6602,-9.7415,-6.0125,-0.1904,-0.8299,3.9208,2.2235,3.6185,2.7935
3.1887,0.3401,2.1024,-1.4239,1.8583,-0.701,1.2564,-1.6589,-10.06,-6.1345,-0.2981,-0.8647,3.7385,2.1676,3.5461,2.7788
3.1887,0.3401,2.1024,-1.4239,1.8583,-0.701,1.2564,-1.6589,-10.06,-6.1345,-0.2981,-0.8647,3.7385,2.1676,3.5461,2.7788
3.1887,0.3401,2.1024,-1.4239,1.8583,-0.701,1.2564,-1.6589,-10.06,-6.1345,-0.2981,-0.8647,3.7385,2.1676,3.5461,2.7788
3.1664,0.3335,2.0753,-1.4257,1.8401,-0.7048,1.2411,-1.6624,-10.228,-6.1778,-0.36,-0.8826,3.634,2.1288,3.493,2.7726
3.146,0.332,2.0482,-1.4274,1.8188,-0.7041,1.234,-1.6776,-10.417,-6.1874,-0.4252,-0.9015,3.5277,2.094,3.4384,2.7569
3.1326,0.3281,2.0305,-1.4325,1.8006,-0.7078,1.1954,-1.6728,-10.53,-6.2489,-0.4915,-0.9245,3.4249,2.0555,3.3732,2.745
3.1326,0.3281,2.0305,-1.4325,1.8006,-0.7078,1.1954,-1.6728,-10.53,-6.2489,-0.4915,-0.9245,3.4249,2.0555,3.3732,2.745
3.1326,0.3281,2.0305,-1.4325,1.8006,-0.7078,1.1954,-1.6728,-10.53,-6.2489,-0.4915,-0.9245,3.4249,2.0555,3.3732,2.745
3.1167,0.328,2.0222,-1.4409,1.7945,-0.7091,1.1872,-1.6611,-10.586,-6.2794,-0.5447,-0.9474,3.3541,2.0262,3.3174,2.72
3.1167,0.328,2.0222,-1.4409,1.7945,-0.7091,1.1872,-1.6611,-10.586,-6.2794,-0.5447,-0.9474,3.3541,2.0262,3.3174,2.72
3.1122,0.3267,2.0104,-1.4442,1.7885,-0.7104,1.172,-1.6646,-10.614,-6.2946,-0.5926,-0.965,3.3025,2.0159,3.2635,2.7044
3.1122,0.3267,2.0104,-1.4442,1.7885,-0.7104,1.172,-1.6646,-10.614,-6.2946,-0.5926,-0.965,3.3025,2.0159,3.2635,2.7044
3.1122,0.3267,2.0104,-1.4442,1.7885,-0.7104,1.172,-1.6646,-10.614,-6.2946,-0.5926,-0.965,3.3025,2.0159,3.2635,2.7044
3.1167,0.328,2.001,-1.4409,1.8006,-0.7078,1.1802,-1.6763,-10.563,-6.3126,-0.6098,-0.9774,3.2892,2.012,3.2373,2.684
3.1167,0.328,2.001,-1.4409,1.8006,-0.7078,1.1802,-1.6763,-10.563,-6.3126,-0.6098,-0.9774,3.2892,2.012,3.2373,2.684
3.1167,0.328,2.001,-1.4409,1.8006,-0.7078,1.1802,-1.6763,-10.563,-6.3126,-0.6098,-0.9774,3.2892,2.012,3.2373,2.684
3.1976,0.3427,2.0305,-1.4325,1.8764,-0.6869,1.2411,-1.6624,-10.394,-6.221,-0.5349,-0.9739,3.3507,2.0388,3.2525,2.6737
3.1976,0.3427,2.0305,-1.4325,1.8764,-0.6869,1.2411,-1.6624,-10.394,-6.221,-0.5349,-0.9739,3.3507,2.0388,3.2525,2.6737
3.2539,0.3547,2.0576,-1.4307,1.9344,-0.6801,1.2635,-1.6436,-10.332,-6.141,-0.4603,-0.9633,3.4152,2.0618,3.2878,2.681
3.2539,0.3547,2.0576,-1.4307,1.9344,-0.6801,1.2635,-1.6436,-10.332,-6.141,-0.4603,-0.9633,3.4152,2.0618,3.2878,2.681
3.3131,0.3628,2.0906,-1.4273,1.9866,-0.6745,1.3331,-1.6414,-10.142,-6.1314,-0.3838,-0.9486,3.4845,2.0862,3.3401,2.6872
3.3131,0.3628,2.0906,-1.4273,1.9866,-0.6745,1.3331,-1.6414,-10.142,-6.1314,-0.3838,-0.9486,3.4845,2.0862,3.3401,2.6872
3.3635,0.3682,2.1143,-1.4205,2.0234,-0.6669,1.3793,-1.6309,-10.078,-6.0503,-0.3163,-0.933,3.556,2.1158,3.3989,2.6962
3.3635,0.3682,2.1143,-1.4205,2.0234,-0.6669,1.3793,-1.6309,-10.078,-6.0503,-0.3163,-0.933,3.556,2.1158,3.3989,2.6962
3.3979,0.3736,2.1415,-1.4188,2.0574,-0.6652,1.434,-1.6323,-10.02,-6.0188,-0.274,-0.9246,3.6051,2.139,3.4454,2.6996
3.3979,0.3736,2.1415,-1.4188,2.0574,-0.6652,1.434,-1.6323,-10.02,-6.0188,-0.274,-0.9246,3.6051,2.139,3.4454,2.6996
3.4115,0.3776,2.1534,-1.4154,2.0604,-0.6593,1.4495,-1.6288,-9.9377,-6.0219,-0.2506,-0.9142,3.6644,2.1558,3.4812,2.7068
3.4115,0.3776,2.1629,-1.4187,2.0542,-0.6606,1.4495,-1.6288,-9.8492,-5.9745,-0.2344,-0.9059,3.7094,2.1778,3.5109,2.7113
3.4115,0.3776,2.1629,-1.4187,2.0542,-0.6606,1.4495,-1.6288,-9.8492,-5.9745,-0.2344,-0.9059,3.7094,2.1778,3.5109,2.7113
3.4115,0.3776,2.1629,-1.4187,2.0542,-0.6606,1.4495,-1.6288,-9.8492,-5.9745,-0.2344,-0.9059,3.7094,2.1778,3.5109,2.7113
3.3952,0.3775,2.1534,-1.4154,2.0419,-0.6631,1.4577,-1.6407,-9.8492,-5.9745,-0.2329,-0.9017,3.7408,2.196,3.5234,2.7168
3.3952,0.3775,2.1534,-1.4154,2.0419,-0.6631,1.4577,-1.6407,-9.8492,-5.9745,-0.2329,-0.9017,3.7408,2.196,3.5234,2.7168
3.3952,0.3775,2.1534,-1.4154,2.0419,-0.6631,1.4577,-1.6407,-9.8492,-5.9745,-0.2329,-0.9017,3.7408,2.196,3.5234,2.7168
3.3726,0.3709,2.151,-1.4221,2.008,-0.6649,1.4267,-1.6477,-9.8196,-5.9586,-0.2366,-0.9028,3.7703,2.209,3.5234,2.7168
3.3726,0.3709,2.151,-1.4221,2.008,-0.6649,1.4267,-1.6477,-9.8196,-5.9586,-0.2366,-0.9028,3.7703,2.209,3.5234,2.7168
3.3726,0.3709,2.151,-1.4221,2.008,-0.6649,1.4267,-1.6477,-9.8196,-5.9586,-0.2366,-0.9028,3.7703,2.209,3.5234,2.7168
3.3221,0.3654,2.1297,-1.4222,1.9682,-0.6783,1.3803,-1.6581,-9.7602,-5.9268,-0.257,-0.9049,3.8249,2.2338,3.5234,2.7168
3.3221,0.3654,2.1297,-1.4222,1.9682,-0.6783,1.3803,-1.6581,-9.7602,-5.9268,-0.257,-0.9049,3.8249,2.2338,3.5234,2.7168
3.3015,0.364,2.1202,-1.4188,1.9559,-0.6808,1.3413,-1.6532,-9.7005,-5.8948,-0.257,-0.9049,3.8546,2.2469,3.5188,2.7234
3.3015,0.364,2.1202,-1.4188,1.9559,-0.6808,1.3413,-1.6532,-9.7005,-5.8948,-0.257,-0.9049,3.8546,2.2469,3.5188,2.7234
3.2763,0.3612,2.099,-1.4189,1.9315,-0.6859,1.3106,-1.6602,-9.6461,-5.914,-0.2534,-0.9039,3.8705,2.256,3.5143,2.73
3.2763,0.3612,2.099,-1.4189,1.9315,-0.6859,1.3106,-1.6602,-9.6461,-5.914,-0.2534,-0.9039,3.8705,2.256,3.5143,2.73
3.2763,0.3612,2.099,-1.4189,1.9315,-0.6859,1.3106,-1.6602,-9.6461,-5.914,-0.2534,-0.9039,3.8705,2.256,3.5143,2.73
3.2674,0.3586,2.093,-1.4206,1.9253,-0.6871,1.3106,-1.6602,-9.6761,-5.93,-0.2482,-0.8987,3.8825,2.2548,3.5097,2.7367
3.2539,0.3547,2.0777,-1.4189,1.9131,-0.6896,1.2871,-1.6519,-9.706,-5.9459,-0.2467,-0.8945,3.8778,2.2534,3.5205,2.7328
3.236,0.3494,2.0659,-1.4223,1.8948,-0.6934,1.2717,-1.6554,-9.7954,-5.9935,-0.2583,-0.8904,3.8666,2.2456,3.5051,2.7433
3.236,0.3494,2.0659,-1.4223,1.8948,-0.6934,1.2717,-1.6554,-9.7954,-5.9935,-0.2583,-0.8904,3.8666,2.2456,3.5051,2.7433
3.236,0.3494,2.0659,-1.4223,1.8948,-0.6934,1.2717,-1.6554,-9.7954,-5.9935,-0.2583,-0.8904,3.8666,2.2456,3.5051,2.7433
3.2181,0.3441,2.0576,-1.4307,1.8858,-0.7005,1.2564,-1.6589,-9.8788,-5.9903,-0.2678,-0.8894,3.8508,2.2364,3.5051,2.7433
3.2181,0.3441,2.0576,-1.4307,1.8858,-0.7005,1.2564,-1.6589,-9.8788,-5.9903,-0.2678,-0.8894,3.8508,2.2364,3.5051,2.7433
3.2181,0.3441,2.0576,-1.4307,1.8858,-0.7005,1.2564,-1.6589,-9.8788,-5.9903,-0.2678,-0.8894,3.8508,2.2364,3.5051,2.7433
3.1931,0.3414,2.0423,-1.4291,1.8675,-0.7043,1.2564,-1.6589,-9.9082,-6.0061,-0.283,-0.8864,3.835,2.2273,3.4942,2.7471
3.1931,0.3414,2.0423,-1.4291,1.8675,-0.7043,1.2564,-1.6589,-9.9082,-6.0061,-0.283,-0.8864,3.835,2.2273,3.4942,2.7471
3.1424,0.3218,2.0104,-1.4442,1.8189,-0.7143,1.2493,-1.6741,-9.9617,-5.9872,-0.3238,-0.8907,3.8107,2.2065,3.4709,2.7454
3.1424,0.3218,2.0104,-1.4442,1.8189,-0.7143,1.2493,-1.6741,-9.9617,-5.9872,-0.3238,-0.8907,3.8107,2.2065,3.4709,2.7454
3.1424,0.3218,2.0104,-1.4442,1.8189,-0.7143,1.2493,-1.6741,-9.9617,-5.9872,-0.3238,-0.8907,3.8107,2.2065,3.4709,2.7454
3.1157,0.3139,1.9927,-1.4493,1.7887,-0.7206,1.2035,-1.6846,-9.9377,-6.0219,-0.342,-0.8959,3.7976,2.1935,3.4629,2.7332
3.1157,0.3139,1.9927,-1.4493,1.7887,-0.7206,1.2035,-1.6846,-9.9377,-6.0219,-0.342,-0.8959,3.7976,2.1935,3.4629,2.7332
3.1157,0.3139,1.9927,-1.4493,1.7887,-0.7206,1.2035,-1.6846,-9.9377,-6.0219,-0.342,-0.8959,3.7976,2.1935,3.4629,2.7332
3.0618,0.3071,1.9634,-1.4578,1.7373,-0.7262,1.166,-1.7067,-9.9617,-5.9872,-0.3768,-0.9023,3.765,2.1611,3.4425,2.7155
3.0618,0.3071,1.9634,-1.4578,1.7373,-0.7262,1.166,-1.7067,-9.9617,-5.9872,-0.3768,-0.9023,3.765,2.1611,3.4425,2.7155
3.0618,0.3071,1.9634,-1.4578,1.7373,-0.7262,1.166,-1.7067,-9.9617,-5.9872,-0.3768,-0.9023,3.765,2.1611,3.4425,2.7155
3.0441,0.3018,1.9458,-1.4628,1.704,-0.7281,1.1276,-1.702,-9.991,-6.003,-0.3934,-0.9034,3.7481,2.1379,3.4101,2.727
3.0441,0.3018,1.9458,-1.4628,1.704,-0.7281,1.1276,-1.702,-9.991,-6.003,-0.3934,-0.9034,3.7481,2.1379,3.4101,2.727
3.0441,0.3018,1.9458,-1.4628,1.704,-0.7281,1.1276,-1.702,-9.991,-6.003,-0.3934,-0.9034,3.7481,2.1379,3.4101,2.727
3.0212,0.3042,1.9341,-1.4662,1.6829,-0.7274,1.1043,-1.6937,-9.967,-6.0376,-0.4173,-0.9066,3.7121,2.1186,3.3852,2.7159
3.0212,0.3042,1.9341,-1.4662,1.6829,-0.7274,1.1043,-1.6937,-9.967,-6.0376,-0.4173,-0.9066,3.7121,2.1186,3.3852,2.7159
2.9746,0.2948,1.8863,-1.468,1.6381,-0.7419,1.0439,-1.7077,-10.049,-6.0346,-0.4634,-0.9089,3.6496,2.0827,3.3542,2.7021
2.9746,0.2948,1.8863,-1.468,1.6381,-0.7419,1.0439,-1.7077,-10.049,-6.0346,-0.4634,-0.9089,3.6496,2.0827,3.3542,2.7021
2.9746,0.2948,1.8863,-1.468,1.6381,-0.7419,1.0439,-1.7077,-10.049,-6.0346,-0.4634,-0.9089,3.6496,2.0827,3.3542,2.7021
2.9474,0.2959,1.8654,-1.4682,1.6111,-0.7425,1.0369,-1.7228,-10.049,-6.0346,-0.4814,-0.9142,3.6257,2.0622,3.3311,2.7003
2.9474,0.2959,1.8654,-1.4682,1.6111,-0.7425,1.0369,-1.7228,-10.049,-6.0346,-0.4814,-0.9142,3.6257,2.0622,3.3311,2.7003
2.9474,0.2959,1.8654,-1.4682,1.6111,-0.7425,1.0369,-1.7228,-10.049,-6.0346,-0.4814,-0.9142,3.6257,2.0622,3.3311,2.7003
2.9343,0.2919,1.8479,-1.4732,1.5991,-0.7451,0.9988,-1.7181,-10.049,-6.0346,-0.4943,-0.9142,3.6102,2.0533,3.3249,2.6976
2.9317,0.2957,1.8421,-1.4749,1.602,-0.7393,0.9988,-1.7181,-10.049,-6.0346,-0.485,-0.9152,3.5946,2.0444,3.3187,2.6948
2.9317,0.2957,1.8421,-1.4749,1.602,-0.7393,0.9988,-1.7181,-10.049,-6.0346,-0.485,-0.9152,3.5946,2.0444,3.3187,2.6948
2.9746,0.2948,1.8479,-1.4732,1.6378,-0.7317,1.0058,-1.703,-10.02,-6.0188,-0.4411,-0.9098,3.6018,2.0419,3.3311,2.7003
2.9746,0.2948,1.8479,-1.4732,1.6378,-0.7317,1.0058,-1.703,-10.02,-6.0188,-0.4411,-0.9098,3.6018,2.0419,3.3311,2.7003
3.0274,0.3106,1.8619,-1.4632,1.6978,-0.7191,1.0741,-1.7007,-9.991,-6.003,-0.3753,-0.8981,3.6136,2.0406,3.3666,2.7076
3.0274,0.3106,1.8619,-1.4632,1.6978,-0.7191,1.0741,-1.7007,-9.991,-6.003,-0.3753,-0.8981,3.6136,2.0406,3.3666,2.7076
3.0901,0.3201,1.8945,-1.4597,1.7581,-0.7064,1.1265,-1.6751,-9.9082,-6.0061,-0.2998,-0.8875,3.6272,2.0444,3.4084,2.7176
3.0901,0.3201,1.8945,-1.4597,1.7581,-0.7064,1.1265,-1.6751,-9.9082,-6.0061,-0.2998,-0.8875,3.6272,2.0444,3.4084,2.7176
3.1557,0.3257,1.9272,-1.4562,1.8002,-0.6873,1.1954,-1.6728,-9.8788,-5.9903,-0.2355,-0.8727,3.6435,2.0444,3.4675,2.7266
3.1557,0.3257,1.9272,-1.4562,1.8002,-0.6873,1.1954,-1.6728,-9.8788,-5.9903,-0.2355,-0.8727,3.6435,2.0444,3.4675,2.7266
3.1913,0.3362,1.9599,-1.4528,1.8366,-0.6797,1.2646,-1.6706,-9.8788,-5.9903,-0.1914,-0.8601,3.6389,2.0431,3.5051,2.7433
3.1913,0.3362,1.9599,-1.4528,1.8366,-0.6797,1.2646,-1.6706,-9.8788,-5.9903,-0.1914,-0.8601,3.6389,2.0431,3.5051,2.7433
3.2234,0.3365,1.9717,-1.4494,1.8609,-0.6746,1.2952,-1.6637,-9.9323,-5.9714,-0.1657,-0.8527,3.6207,2.0381,3.5457,2.7439
3.2234,0.3365,1.9717,-1.4494,1.8609,-0.6746,1.2952,-1.6637,-9.9323,-5.9714,-0.1657,-0.8527,3.6207,2.0381,3.5457,2.7439
3.2279,0.3378,1.9903,-1.456,1.8762,-0.6766,1.3341,-1.6685,-9.967,-6.0376,-0.1679,-0.8496,3.5837,2.0368,3.5646,2.7523
3.2279,0.3378,1.9903,-1.456,1.8762,-0.6766,1.3341,-1.6685,-9.967,-6.0376,-0.1679,-0.8496,3.5837,2.0368,3.5646,2.7523
3.2279,0.3378,1.9903,-1.456,1.8762,-0.6766,1.3341,-1.6685,-9.967,-6.0376,-0.1679,-0.8496,3.5837,2.0368,3.5646,2.7523
3.2279,0.3378,1.9903,-1.456,1.8701,-0.6778,1.3341,-1.6685,-10.025,-6.069,-0.1826,-0.8538,3.5519,2.0279,3.5646,2.7523
3.2279,0.3378,1.9903,-1.456,1.8701,-0.6778,1.3341,-1.6685,-10.025,-6.069,-0.1826,-0.8538,3.5519,2.0279,3.5646,2.7523
3.1895,0.3311,1.9727,-1.461,1.852,-0.692,1.2952,-1.6637,-10.142,-6.1314,-0.2501,-0.8769,3.47,2.0138,3.5176,2.7488
3.1895,0.3311,1.9727,-1.461,1.852,-0.692,1.2952,-1.6637,-10.142,-6.1314,-0.2501,-0.8769,3.47,2.0138,3.5176,2.7488
3.1895,0.3311,1.9727,-1.461,1.852,-0.692,1.2952,-1.6637,-10.142,-6.1314,-0.2501,-0.8769,3.47,2.0138,3.5176,2.7488
3.1895,0.3311,1.9727,-1.461,1.852,-0.692,1.2952,-1.6637,-10.142,-6.1314,-0.2501,-0.8769,3.47,2.0138,3.5176,2.7488
3.1628,0.3232,1.9551,-1.4661,1.8186,-0.6938,1.2564,-1.6589,-10.147,-6.1809,-0.2918,-0.8926,3.4359,2.0087,3.4817,2.7415
3.1628,0.3232,1.9551,-1.4661,1.8186,-0.6938,1.2564,-1.6589,-10.147,-6.1809,-0.2918,-0.8926,3.4359,2.0087,3.4817,2.7415
3.1628,0.3232,1.9551,-1.4661,1.8186,-0.6938,1.2564,-1.6589,-10.147,-6.1809,-0.2918,-0.8926,3.4359,2.0087,3.4817,2.7415
3.1149,0.3228,1.9317,-1.4728,1.7914,-0.7046,1.234,-1.6776,-10.28,-6.1594,-0.3791,-0.9178,3.3966,2.0111,3.4084,2.7176
3.1149,0.3228,1.9317,-1.4728,1.7914,-0.7046,1.234,-1.6776,-10.28,-6.1594,-0.3791,-0.9178,3.3966,2.0111,3.4084,2.7176
3.1149,0.3228,1.9317,-1.4728,1.7914,-0.7046,1.234,-1.6776,-10.28,-6.1594,-0.3791,-0.9178,3.3966,2.0111,3.4084,2.7176
3.0989,0.3227,1.9258,-1.4745,1.7854,-0.7059,1.1954,-1.6728,-10.28,-6.1594,-0.4081,-0.9261,3.3985,2.0162,3.379,2.7131
3.0945,0.3214,1.92,-1.4762,1.7733,-0.7084,1.1883,-1.6881,-10.252,-6.1439,-0.4204,-0.9334,3.4112,2.0289,3.3666,2.7076
3.0945,0.3214,1.92,-1.4762,1.7733,-0.7084,1.1883,-1.6881,-10.252,-6.1439,-0.4204,-0.9334,3.4112,2.0289,3.3666,2.7076
3.0945,0.3214,1.92,-1.4762,1.7733,-0.7084,1.1883,-1.6881,-10.252,-6.1439,-0.4204,-0.9334,3.4112,2.0289,3.3666,2.7076
3.0901,0.3201,1.9141,-1.4779,1.7612,-0.7109,1.1498,-1.6833,-10.223,-6.1284,-0.424,-0.9344,3.4283,2.0428,3.3757,2.6945
3.0901,0.3201,1.9141,-1.4779,1.7612,-0.7109,1.1498,-1.6833,-10.223,-6.1284,-0.424,-0.9344,3.4283,2.0428,3.3757,2.6945
3.0901,0.3201,1.9141,-1.4779,1.7612,-0.7109,1.1498,-1.6833,-10.223,-6.1284,-0.424,-0.9344,3.4283,2.0428,3.3757,2.6945
3.0812,0.3174,1.899,-1.4763,1.7431,-0.7147,1.1346,-1.6868,-10.136,-6.0816,-0.424,-0.9344,3.4744,2.0696,3.3542,2.7021
3.0812,0.3174,1.899,-1.4763,1.7431,-0.7147,1.1346,-1.6868,-10.136,-6.0816,-0.424,-0.9344,3.4744,2.0696,3.3542,2.7021
3.0812,0.3174,1.899,-1.4763,1.7431,-0.7147,1.1346,-1.6868,-10.136,-6.0816,-0.424,-0.9344,3.4744,2.0696,3.3542,2.7021
3.0768,0.3161,1.8956,-1.4713,1.7279,-0.7128,1.1579,-1.695,-10.131,-6.0316,-0.4297,-0.9324,3.5059,2.0786,3.348,2.6993
3.0768,0.3161,1.8956,-1.4713,1.7279,-0.7128,1.1579,-1.695,-10.131,-6.0316,-0.4297,-0.9324,3.5059,2.0786,3.348,2.6993
3.0768,0.3161,1.8956,-1.4713,1.7279,-0.7128,1.1579,-1.695,-10.131,-6.0316,-0.4297,-0.9324,3.5059,2.0786,3.348,2.6993
3.03,0.3068,1.863,-1.4748,1.6798,-0.7229,1.1054,-1.7206,-10.073,-6.0001,-0.4412,-0.9283,3.5458,2.0991,3.3356,2.6938
3.03,0.3068,1.863,-1.4748,1.6798,-0.7229,1.1054,-1.7206,-10.073,-6.0001,-0.4412,-0.9283,3.5458,2.0991,3.3356,2.6938
3.0054,0.304,1.8479,-1.4732,1.6558,-0.7279,1.0671,-1.7159,-10.044,-5.9842,-0.4484,-0.9304,3.5613,2.1081,3.3187,2.6948
3.0054,0.304,1.8479,-1.4732,1.6558,-0.7279,1.0671,-1.7159,-10.044,-5.9842,-0.4484,-0.9304,3.5613,2.1081,3.3187,2.6948
3.0054,0.304,1.8479,-1.4732,1.6558,-0.7279,1.0671,-1.7159,-10.044,-5.9842,-0.4484,-0.9304,3.5613,2.1081,3.3187,2.6948
2.9694,0.3024,1.8363,-1.4766,1.6137,-0.7266,1.0369,-1.7228,-9.9617,-5.9872,-0.4635,-0.9274,3.5794,2.1133,3.3125,2.692
2.9694,0.3024,1.8363,-1.4766,1.6137,-0.7266,1.0369,-1.7228,-9.9617,-5.9872,-0.4635,-0.9274,3.5794,2.1133,3.3125,2.692
2.9404,0.2983,1.8188,-1.4816,1.5779,-0.7342,1.015,-1.7414,-9.9617,-5.9872,-0.4837,-0.9296,3.5859,2.1197,3.2956,2.6931
2.9002,0.2954,1.7922,-1.4834,1.5331,-0.7386,0.9619,-1.7402,-9.991,-6.003,-0.5109,-0.9338,3.5832,2.1235,3.2726,2.6913
2.9002,0.2954,1.7922,-1.4834,1.5331,-0.7386,0.9619,-1.7402,-9.991,-6.003,-0.5109,-0.9338,3.5832,2.1235,3.2726,2.6913
2.8601,0.2924,1.7656,-1.4852,1.5006,-0.7507,0.909,-1.739,-9.9617,-5.9872,-0.5382,-0.9381,3.5851,2.1287,3.2586,2.6765
2.8601,0.2924,1.7656,-1.4852,1.5006,-0.7507,0.909,-1.739,-9.9617,-5.9872,-0.5382,-0.9381,3.5851,2.1287,3.2586,2.6765
2.8184,0.2844,1.7368,-1.4937,1.4412,-0.7532,0.8495,-1.7529,-9.9323,-5.9714,-0.5675,-0.9393,3.5915,2.1351,3.2418,2.6775
2.8184,0.2844,1.7368,-1.4937,1.4412,-0.7532,0.8495,-1.7529,-9.9323,-5.9714,-0.5675,-0.9393,3.5915,2.1351,3.2418,2.6775
2.7785,0.2814,1.7045,-1.4972,1.4059,-0.7608,0.805,-1.7633,-9.9323,-5.9714,-0.5967,-0.9405,3.5907,2.1441,3.2188,2.6758
2.7785,0.2814,1.7045,-1.4972,1.4059,-0.7608,0.805,-1.7633,-9.9323,-5.9714,-0.5967,-0.9405,3.5907,2.1441,3.2188,2.6758
2.7785,0.2814,1.7045,-1.4972,1.4059,-0.7608,0.805,-1.7633,-9.9323,-5.9714,-0.5967,-0.9405,3.5907,2.1441,3.2188,2.6758
2.7456,0.276,1.6873,-1.5022,1.3765,-0.7671,0.7755,-1.7703,-9.9323,-5.9714,-0.6259,-0.9417,3.5971,2.1505,3.2066,2.6702
2.7456,0.276,1.6873,-1.5022,1.3765,-0.7671,0.7755,-1.7703,-9.9323,-5.9714,-0.6259,-0.9417,3.5971,2.1505,3.2066,2.6702
2.7456,0.276,1.6873,-1.5022,1.3765,-0.7671,0.7755,-1.7703,-9.9323,-5.9714,-0.6259,-0.9417,3.5971,2.1505,3.2066,2.6702
2.73,0.2758,1.6586,-1.5106,1.3675,-0.764,0.7233,-1.7692,-9.8788,-5.9903,-0.628,-0.9387,3.6328,2.1699,3.1853,2.6778
2.73,0.2758,1.6586,-1.5106,1.3675,-0.764,0.7233,-1.7692,-9.8788,-5.9903,-0.628,-0.9387,3.6328,2.1699,3.1853,2.6778
2.7603,0.285,1.6609,-1.504,1.3997,-0.7519,0.738,-1.7657,-9.9029,-5.9555,-0.5831,-0.9292,3.6693,2.1803,3.1975,2.6833
2.7603,0.285,1.6609,-1.504,1.3997,-0.7519,0.738,-1.7657,-9.9029,-5.9555,-0.5831,-0.9292,3.6693,2.1803,3.1975,2.6833
2.8235,0.2997,1.6873,-1.5022,1.4556,-0.7348,0.805,-1.7633,-9.8734,-5.9396,-0.5051,-0.9174,3.7033,2.1946,3.2389,2.6933
2.8235,0.2997,1.6873,-1.5022,1.4556,-0.7348,0.805,-1.7633,-9.8734,-5.9396,-0.5051,-0.9174,3.7033,2.1946,3.2389,2.6933
2.8958,0.317,1.731,-1.4954,1.5327,-0.7182,0.8712,-1.7344,-9.8439,-5.9237,-0.4252,-0.9015,3.7446,2.2064,3.2804,2.7034
2.8958,0.317,1.731,-1.4954,1.5327,-0.7182,0.8712,-1.7344,-9.8439,-5.9237,-0.4252,-0.9015,3.7446,2.2064,3.2804,2.7034
2.9694,0.3254,1.7691,-1.4902,1.5953,-0.7099,0.9539,-1.7286,-9.8142,-5.9077,-0.352,-0.8877,3.7768,2.2155,3.3327,2.7097
2.9694,0.3254,1.7691,-1.4902,1.5953,-0.7099,0.9539,-1.7286,-9.8142,-5.9077,-0.352,-0.8877,3.7768,2.2155,3.3327,2.7097
3.0133,0.3386,1.8014,-1.4867,1.6372,-0.701,0.9988,-1.7181,-9.7845,-5.8917,-0.2989,-0.8761,3.8026,2.2182,3.3744,2.7197
3.0495,0.3402,1.8281,-1.4849,1.658,-0.6914,1.0289,-1.7112,-9.7845,-5.8917,-0.266,-0.8666,3.8211,2.2234,3.4147,2.7204
3.0495,0.3402,1.8281,-1.4849,1.658,-0.6914,1.0289,-1.7112,-9.7845,-5.8917,-0.266,-0.8666,3.8211,2.2234,3.4147,2.7204
3.0627,0.3441,1.8431,-1.4865,1.67,-0.6889,1.0439,-1.7077,-9.7548,-5.8756,-0.2514,-0.8624,3.835,2.2273,3.4442,2.7249
3.0627,0.3441,1.8431,-1.4865,1.67,-0.6889,1.0439,-1.7077,-9.7548,-5.8756,-0.2514,-0.8624,3.835,2.2273,3.4442,2.7249
3.0627,0.3441,1.8431,-1.4865,1.67,-0.6889,1.0439,-1.7077,-9.7548,-5.8756,-0.2514,-0.8624,3.835,2.2273,3.4442,2.7249
3.0654,0.3403,1.8397,-1.4815,1.67,-0.6889,1.0439,-1.7077,-9.7548,-5.8756,-0.2478,-0.8613,3.8369,2.2325,3.4504,2.7277
3.0654,0.3403,1.8397,-1.4815,1.67,-0.6889,1.0439,-1.7077,-9.7548,-5.8756,-0.2478,-0.8613,3.8369,2.2325,3.4504,2.7277
3.0636,0.3352,1.8339,-1.4832,1.664,-0.6902,1.0439,-1.7077,-9.7548,-5.8756,-0.2572,-0.8603,3.8361,2.2416,3.455,2.7211
3.0503,0.3312,1.8246,-1.48,1.6489,-0.6882,1.0289,-1.7112,-9.7845,-5.8917,-0.266,-0.8666,3.838,2.2469,3.4488,2.7183
3.0503,0.3312,1.8246,-1.48,1.6489,-0.6882,1.0289,-1.7112,-9.7845,-5.8917,-0.266,-0.8666,3.838,2.2469,3.4488,2.7183
3.0345,0.3311,1.8246,-1.48,1.646,-0.694,1.0369,-1.7228,-9.7304,-5.9108,-0.2734,-0.8687,3.8473,2.2495,3.4379,2.7221
3.0345,0.3311,1.8246,-1.48,1.646,-0.694,1.0369,-1.7228,-9.7304,-5.9108,-0.2734,-0.8687,3.8473,2.2495,3.4379,2.7221
3.0345,0.3311,1.8246,-1.48,1.646,-0.694,1.0369,-1.7228,-9.7304,-5.9108,-0.2734,-0.8687,3.8473,2.2495,3.4379,2.7221
3.0318,0.3349,1.8305,-1.4783,1.646,-0.694,1.0219,-1.7263,-9.7304,-5.9108,-0.2755,-0.8656,3.8566,2.2521,3.4379,2.7221
3.0318,0.3349,1.8305,-1.4783,1.646,-0.694,1.0219,-1.7263,-9.7304,-5.9108,-0.2755,-0.8656,3.8566,2.2521,3.4379,2.7221
3.0318,0.3349,1.8305,-1.4783,1.646,-0.694,1.0219,-1.7263,-9.7304,-5.9108,-0.2755,-0.8656,3.8566,2.2521,3.4379,2.7221
3.0318,0.3349,1.8305,-1.4783,1.652,-0.6927,1.0219,-1.7263,-9.6705,-5.8788,-0.2624,-0.8656,3.8732,2.2521,3.4442,2.7249
3.0424,0.3427,1.8328,-1.4716,1.6671,-0.6947,1.0219,-1.7263,-9.6705,-5.8788,-0.2514,-0.8624,3.8852,2.2508,3.4504,2.7277
3.0486,0.3491,1.8479,-1.4732,1.6791,-0.6921,1.0289,-1.7112,-9.695,-5.8435,-0.2404,-0.8592,3.8945,2.2535,3.4675,2.7266
3.0486,0.3491,1.8479,-1.4732,1.6791,-0.6921,1.0289,-1.7112,-9.695,-5.8435,-0.2404,-0.8592,3.8945,2.2535,3.4675,2.7266
3.0486,0.3491,1.8479,-1.4732,1.6791,-0.6921,1.0289,-1.7112,-9.695,-5.8435,-0.2404,-0.8592,3.8945,2.2535,3.4675,2.7266
3.0645,0.3493,1.8595,-1.4698,1.7003,-0.6928,1.0358,-1.696,-9.6405,-5.8627,-0.2368,-0.8582,3.9038,2.2561,3.4738,2.7294
3.0645,0.3493,1.8595,-1.4698,1.7003,-0.6928,1.0358,-1.696,-9.6405,-5.8627,-0.2368,-0.8582,3.9038,2.2561,3.4738,2.7294
3.0618,0.3531,1.8654,-1.4682,1.7003,-0.6928,1.0358,-1.696,-9.6405,-5.8627,-0.2484,-0.8541,3.9057,2.2613,3.48,2.7322
3.0618,0.3531,1.8654,-1.4682,1.7003,-0.6928,1.0358,-1.696,-9.6405,-5.8627,-0.2484,-0.8541,3.9057,2.2613,3.48,2.7322
3.0574,0.3518,1.8619,-1.4632,1.6943,-0.6941,1.0358,-1.696,-9.6405,-5.8627,-0.2594,-0.8572,3.9123,2.2679,3.4738,2.7294
3.0459,0.353,1.8526,-1.4599,1.6883,-0.6953,1.0439,-1.7077,-9.616,-5.8981,-0.2777,-0.8625,3.9022,2.2744,3.4504,2.7277
3.0459,0.353,1.8526,-1.4599,1.6883,-0.6953,1.0439,-1.7077,-9.616,-5.8981,-0.2777,-0.8625,3.9022,2.2744,3.4504,2.7277
3.0459,0.353,1.8526,-1.4599,1.6883,-0.6953,1.0439,-1.7077,-9.616,-5.8981,-0.2777,-0.8625,3.9022,2.2744,3.4504,2.7277
3.0327,0.349,1.8468,-1.4616,1.6671,-0.6947,1.0289,-1.7112,-9.616,-5.8981,-0.2959,-0.8678,3.9022,2.2744,3.4334,2.7287
3.0327,0.349,1.8468,-1.4616,1.6671,-0.6947,1.0289,-1.7112,-9.616,-5.8981,-0.2959,-0.8678,3.9022,2.2744,3.4334,2.7287
3.0327,0.349,1.8468,-1.4616,1.6671,-0.6947,1.0289,-1.7112,-9.616,-5.8981,-0.2959,-0.8678,3.9022,2.2744,3.4334,2.7287
3.008,0.3462,1.8352,-1.465,1.634,-0.6965,0.9757,-1.71,-9.6705,-5.8788,-0.3163,-0.8699,3.8902,2.2757,3.4209,2.7232
3.008,0.3462,1.8352,-1.465,1.634,-0.6965,0.9757,-1.71,-9.6705,-5.8788,-0.3163,-0.8699,3.8902,2.2757,3.4209,2.7232
2.9904,0.3409,1.8236,-1.4684,1.6101,-0.7016,0.9608,-1.7135,-9.7005,-5.8948,-0.3345,-0.8752,3.8716,2.2704,3.4039,2.7242
2.9904,0.3409,1.8236,-1.4684,1.6101,-0.7016,0.9608,-1.7135,-9.7005,-5.8948,-0.3345,-0.8752,3.8716,2.2704,3.4039,2.7242
2.9685,0.3343,1.8027,-1.4685,1.5862,-0.7067,0.9539,-1.7286,-9.7845,-5.8917,-0.357,-0.8743,3.8492,2.2547,3.3914,2.7187
2.9685,0.3343,1.8027,-1.4685,1.5862,-0.7067,0.9539,-1.7286,-9.7845,-5.8917,-0.357,-0.8743,3.8492,2.2547,3.3914,2.7187
2.9369,0.334,1.7946,-1.4768,1.5533,-0.7086,0.9389,-1.7321,-9.8439,-5.9237,-0.3773,-0.8765,3.8176,2.2364,3.3744,2.7197
2.9106,0.326,1.7738,-1.4769,1.5295,-0.7137,0.901,-1.7274,-9.9029,-5.9555,-0.4033,-0.8766,3.7768,2.2155,3.3575,2.7207
2.9106,0.326,1.7738,-1.4769,1.5295,-0.7137,0.901,-1.7274,-9.9029,-5.9555,-0.4033,-0.8766,3.7768,2.2155,3.3575,2.7207
2.8818,0.3219,1.7472,-1.4787,1.5089,-0.7233,0.8941,-1.7425,-9.9617,-5.9872,-0.4235,-0.8788,3.7343,2.1895,3.3405,2.7218
2.8818,0.3219,1.7472,-1.4787,1.5089,-0.7233,0.8941,-1.7425,-9.9617,-5.9872,-0.4235,-0.8788,3.7343,2.1895,3.3405,2.7218
2.8557,0.314,1.7265,-1.4789,1.4793,-0.7297,0.8564,-1.7379,-10.073,-6.0001,-0.4531,-0.88,3.6755,2.1636,3.3281,2.7162
2.8557,0.314,1.7265,-1.4789,1.4793,-0.7297,0.8564,-1.7379,-10.073,-6.0001,-0.4531,-0.88,3.6755,2.1636,3.3281,2.7162
2.8557,0.314,1.7265,-1.4789,1.4793,-0.7297,0.8564,-1.7379,-10.073,-6.0001,-0.4531,-0.88,3.6755,2.1636,3.3281,2.7162
2.8313,0.3112,1.7115,-1.4773,1.4615,-0.7335,0.8644,-1.7494,-10.131,-6.0316,-0.4826,-0.8812,3.6241,2.1352,3.3112,2.7172
2.8113,0.3097,1.7035,-1.4856,1.4466,-0.7316,0.8187,-1.7333,-10.189,-6.063,-0.5006,-0.8865,3.5685,2.1056,3.2881,2.7155
2.8113,0.3097,1.6977,-1.4873,1.4494,-0.7258,0.8415,-1.7414,-10.218,-6.0787,-0.502,-0.8906,3.5266,2.0799,3.2713,2.7165
2.8113,0.3097,1.6977,-1.4873,1.4494,-0.7258,0.8415,-1.7414,-10.218,-6.0787,-0.502,-0.8906,3.5266,2.0799,3.2713,2.7165
2.8444,0.3151,1.7035,-1.4856,1.4759,-0.715,0.8564,-1.7379,-10.165,-6.0972,-0.4726,-0.8894,3.5022,2.0684,3.2774,2.7193
2.8444,0.3151,1.7035,-1.4856,1.4759,-0.715,0.8564,-1.7379,-10.165,-6.0972,-0.4726,-0.8894,3.5022,2.0684,3.2774,2.7193
2.8444,0.3151,1.7035,-1.4856,1.4759,-0.715,0.8564,-1.7379,-10.165,-6.0972,-0.4726,-0.8894,3.5022,2.0684,3.2774,2.7193
2.8949,0.3259,1.7299,-1.4838,1.5293,-0.7035,0.9159,-1.7239,-10.165,-6.0972,-0.4359,-0.8861,3.486,2.0684,3.2943,2.7183
2.8949,0.3259,1.7299,-1.4838,1.5293,-0.7035,0.9159,-1.7239,-10.165,-6.0972,-0.4359,-0.8861,3.486,2.0684,3.2943,2.7183
2.8949,0.3259,1.7299,-1.4838,1.5293,-0.7035,0.9159,-1.7239,-10.165,-6.0972,-0.4359,-0.8861,3.486,2.0684,3.2943,2.7183
2.9571,0.3354,1.7622,-1.4803,1.5889,-0.6907,0.9757,-1.71,-10.136,-6.0816,-0.3824,-0.8816,3.4943,2.0799,3.3343,2.719
3.0239,0.3463,1.7969,-1.4702,1.6549,-0.687,1.0358,-1.696,-10.078,-6.0503,-0.3381,-0.8763,3.5089,2.0978,3.3637,2.7235
3.0239,0.3463,1.7969,-1.4702,1.6549,-0.687,1.0358,-1.696,-10.078,-6.0503,-0.3381,-0.8763,3.5089,2.0978,3.3637,2.7235
3.0689,0.3506,1.8201,-1.4634,1.6909,-0.6793,1.0892,-1.6972,-10.02,-6.0188,-0.3011,-0.873,3.5424,2.1119,3.4039,2.7242
3.0689,0.3506,1.8201,-1.4634,1.6909,-0.6793,1.0892,-1.6972,-10.02,-6.0188,-0.3011,-0.873,3.5424,2.1119,3.4039,2.7242
3.0689,0.3506,1.8201,-1.4634,1.6909,-0.6793,1.0892,-1.6972,-10.02,-6.0188,-0.3011,-0.873,3.5424,2.1119,3.4039,2.7242
3.0999,0.3599,1.8434,-1.4566,1.715,-0.6742,1.1194,-1.6903,-9.9617,-5.9872,-0.2712,-0.8718,3.5733,2.1299,3.4334,2.7287
3.1203,0.3613,1.8609,-1.4516,1.727,-0.6716,1.1346,-1.6868,-9.9029,-5.9555,-0.2544,-0.8707,3.6097,2.1403,3.4504,2.7277
3.1203,0.3613,1.8609,-1.4516,1.727,-0.6716,1.1346,-1.6868,-9.9029,-5.9555,-0.2544,-0.8707,3.6097,2.1403,3.4504,2.7277
3.1203,0.3613,1.8609,-1.4516,1.727,-0.6716,1.1346,-1.6868,-9.9029,-5.9555,-0.2544,-0.8707,3.6097,2.1403,3.4504,2.7277
3.1221,0.3665,1.8759,-1.4531,1.7391,-0.6691,1.1498,-1.6833,-9.8734,-5.9396,-0.2529,-0.8666,3.6462,2.1506,3.4629,2.7332
3.1221,0.3665,1.8759,-1.4531,1.7391,-0.6691,1.1498,-1.6833,-9.8734,-5.9396,-0.2529,-0.8666,3.6462,2.1506,3.4629,2.7332
3.1221,0.3665,1.8759,-1.4531,1.7391,-0.6691,1.1498,-1.6833,-9.8734,-5.9396,-0.2529,-0.8666,3.6462,2.1506,3.4629,2.7332
3.1088,0.3625,1.8818,-1.4515,1.7058,-0.671,1.1194,-1.6903,-9.7899,-5.9427,-0.2682,-0.8635,3.7018,2.1572,3.4629,2.7332
3.1088,0.3625,1.8818,-1.4515,1.7058,-0.671,1.1194,-1.6903,-9.7899,-5.9427,-0.2682,-0.8635,3.7018,2.1572,3.4629,2.7332
3.0884,0.361,1.8759,-1.4531,1.6878,-0.6748,1.1043,-1.6937,-9.8142,-5.9077,-0.2813,-0.8636,3.7228,2.1585,3.4521,2.737
3.0751,0.3571,1.8701,-1.4548,1.6667,-0.6741,1.0892,-1.6972,-9.8439,-5.9237,-0.2981,-0.8647,3.732,2.1611,3.4396,2.7315
3.0751,0.3571,1.8701,-1.4548,1.6667,-0.6741,1.0892,-1.6972,-9.8439,-5.9237,-0.2981,-0.8647,3.732,2.1611,3.4396,2.7315
3.0751,0.3571,1.8701,-1.4548,1.6667,-0.6741,1.0892,-1.6972,-9.8439,-5.9237,-0.2981,-0.8647,3.732,2.1611,3.4396,2.7315
3.0548,0.3556,1.855,-1.4533,1.6487,-0.678,1.0358,-1.696,-9.8439,-5.9237,-0.3039,-0.8626,3.7393,2.1585,3.4442,2.7249
3.0548,0.3556,1.855,-1.4533,1.6487,-0.678,1.0358,-1.696,-9.8439,-5.9237,-0.3039,-0.8626,3.7393,2.1585,3.4442,2.7249
3.0477,0.3581,1.8516,-1.4483,1.6395,-0.6747,1.0509,-1.6925,-9.8681,-5.8886,-0.3024,-0.8585,3.7446,2.1508,3.4396,2.7315
3.0477,0.3581,1.8516,-1.4483,1.6395,-0.6747,1.0509,-1.6925,-9.8681,-5.8886,-0.3024,-0.8585,3.7446,2.1508,3.4396,2.7315
3.0459,0.353,1.8609,-1.4516,1.6427,-0.6792,1.0277,-1.6843,-9.8439,-5.9237,-0.3009,-0.8543,3.7416,2.1315,3.4458,2.7343
3.0459,0.353,1.8609,-1.4516,1.6427,-0.6792,1.0277,-1.6843,-9.8439,-5.9237,-0.3009,-0.8543,3.7416,2.1315,3.4458,2.7343
3.0345,0.3541,1.8609,-1.4516,1.6367,-0.6805,1.059,-1.7042,-9.9029,-5.9555,-0.3009,-0.8543,3.7194,2.116,3.435,2.7381
3.0345,0.3541,1.8609,-1.4516,1.6367,-0.6805,1.059,-1.7042,-9.9029,-5.9555,-0.3009,-0.8543,3.7194,2.116,3.435,2.7381
3.0301,0.3528,1.8516,-1.4483,1.6276,-0.6773,1.0509,-1.6925,-9.9617,-5.9872,-0.3103,-0.8533,3.6854,2.1019,3.4396,2.7315
3.0301,0.3528,1.8516,-1.4483,1.6276,-0.6773,1.0509,-1.6925,-9.9617,-5.9872,-0.3103,-0.8533,3.6854,2.1019,3.4396,2.7315
3.0301,0.3528,1.8516,-1.4483,1.6276,-0.6773,1.0509,-1.6925,-9.9617,-5.9872,-0.3103,-0.8533,3.6854,2.1019,3.4396,2.7315
3.0142,0.3526,1.8516,-1.4483,1.6247,-0.6831,1.0509,-1.6925,-10.044,-5.9842,-0.3286,-0.8586,3.6553,2.098,3.4118,2.7364
3.0142,0.3526,1.8516,-1.4483,1.6247,-0.6831,1.0509,-1.6925,-10.044,-5.9842,-0.3286,-0.8586,3.6553,2.098,3.4118,2.7364
3.0142,0.3526,1.8516,-1.4483,1.6247,-0.6831,1.0509,-1.6925,-10.044,-5.9842,-0.3286,-0.8586,3.6553,2.098,3.4118,2.7364
2.9878,0.3447,1.8458,-1.45,1.6099,-0.6914,1.0127,-1.6878,-10.102,-6.0159,-0.3903,-0.8765,3.5995,2.1236,3.3591,2.7301
2.9658,0.3381,1.8249,-1.4501,1.5829,-0.692,0.9908,-1.7065,-10.155,-5.9972,-0.4301,-0.8881,3.5816,2.1415,3.3236,2.7228
2.9658,0.3381,1.8249,-1.4501,1.5829,-0.692,0.9908,-1.7065,-10.155,-5.9972,-0.4301,-0.8881,3.5816,2.1415,3.3236,2.7228
2.9658,0.3381,1.8249,-1.4501,1.5829,-0.692,0.9908,-1.7065,-10.155,-5.9972,-0.4301,-0.8881,3.5816,2.1415,3.3236,2.7228
2.95,0.3379,1.8283,-1.4551,1.571,-0.6946,0.9757,-1.71,-10.184,-6.013,-0.4755,-0.8976,3.5736,2.153,3.2989,2.7117
2.95,0.3379,1.8283,-1.4551,1.571,-0.6946,0.9757,-1.71,-10.184,-6.013,-0.4755,-0.8976,3.5736,2.153,3.2989,2.7117
2.95,0.3379,1.8283,-1.4551,1.571,-0.6946,0.9757,-1.71,-10.184,-6.013,-0.4755,-0.8976,3.5736,2.153,3.2989,2.7117
2.9255,0.3351,1.8133,-1.4535,1.5471,-0.6997,0.9458,-1.717,-10.189,-6.063,-0.5244,-0.9082,3.5638,2.1594,3.2619,2.6951
2.9255,0.3351,1.8133,-1.4535,1.5471,-0.6997,0.9458,-1.717,-10.189,-6.063,-0.5244,-0.9082,3.5638,2.1594,3.2619,2.6951
2.901,0.3323,1.8017,-1.4569,1.5293,-0.7035,0.893,-1.7158,-10.213,-6.0287,-0.5602,-0.9188,3.5664,2.1556,3.2266,2.6878
2.901,0.3323,1.8017,-1.4569,1.5293,-0.7035,0.893,-1.7158,-10.213,-6.0287,-0.5602,-0.9188,3.5664,2.1556,3.2266,2.6878
2.8408,0.3278,1.7635,-1.4621,1.4669,-0.7118,0.8483,-1.7263,-10.218,-6.0787,-0.6373,-0.9377,3.5581,2.144,3.1502,2.6705
2.8408,0.3278,1.7635,-1.4621,1.4669,-0.7118,0.8483,-1.7263,-10.218,-6.0787,-0.6373,-0.9377,3.5581,2.144,3.1502,2.6705
2.8408,0.3278,1.7635,-1.4621,1.4669,-0.7118,0.8483,-1.7263,-10.218,-6.0787,-0.6373,-0.9377,3.5581,2.144,3.1502,2.6705
2.8121,0.3236,1.7369,-1.4639,1.4374,-0.7182,0.8335,-1.7298,-10.218,-6.0787,-0.6714,-0.9441,3.5589,2.135,3.1091,2.6605
2.8121,0.3236,1.7369,-1.4639,1.4374,-0.7182,0.8335,-1.7298,-10.218,-6.0787,-0.6714,-0.9441,3.5589,2.135,3.1091,2.6605
2.7878,0.3208,1.7254,-1.4673,1.4048,-0.7202,0.7958,-1.7252,-10.27,-6.0602,-0.6983,-0.9484,3.5571,2.1299,3.097,2.655
2.7878,0.3208,1.7254,-1.4673,1.4048,-0.7202,0.7958,-1.7252,-10.27,-6.0602,-0.6983,-0.9484,3.5571,2.1299,3.097,2.655
2.7722,0.3206,1.7105,-1.4657,1.3899,-0.7183,0.781,-1.7287,-10.242,-6.0445,-0.7033,-0.9536,3.5643,2.1273,3.0848,2.6495
2.7722,0.3206,1.7105,-1.4657,1.3899,-0.7183,0.781,-1.7287,-10.242,-6.0445,-0.7033,-0.9536,3.5643,2.1273,3.0848,2.6495
2.7809,0.3233,1.7013,-1.4625,1.3986,-0.7113,0.773,-1.7172,-10.242,-6.0445,-0.6855,-0.9483,3.5832,2.1235,3.0954,2.6457
2.7809,0.3233,1.7013,-1.4625,1.3986,-0.7113,0.773,-1.7172,-10.242,-6.0445,-0.6855,-0.9483,3.5832,2.1235,3.0954,2.6457
2.8182,0.3301,1.7186,-1.4574,1.4399,-0.7023,0.8106,-1.7217,-10.213,-6.0287,-0.6301,-0.9356,3.6139,2.1185,3.1136,2.654
2.88,0.3397,1.7566,-1.4522,1.496,-0.685,0.8849,-1.7042,-10.131,-6.0316,-0.5488,-0.9228,3.6466,2.1185,3.1547,2.664
2.88,0.3397,1.7566,-1.4522,1.496,-0.685,0.8849,-1.7042,-10.131,-6.0316,-0.5488,-0.9228,3.6466,2.1185,3.1547,2.664
2.88,0.3397,1.7566,-1.4522,1.496,-0.685,0.8849,-1.7042,-10.131,-6.0316,-0.5488,-0.9228,3.6466,2.1185,3.1547,2.664
2.88,0.3397,1.7566,-1.4522,1.496,-0.685,0.8849,-1.7042,-10.131,-6.0316,-0.5488,-0.9228,3.6466,2.1185,3.1547,2.664
2.9509,0.352,1.804,-1.4502,1.5645,-0.6754,0.9446,-1.6902,-10.073,-6.0001,-0.4712,-0.9038,3.6721,2.1211,3.2127,2.673
2.9509,0.352,1.804,-1.4502,1.5645,-0.6754,0.9446,-1.6902,-10.073,-6.0001,-0.4712,-0.9038,3.6721,2.1211,3.2127,2.673
2.9509,0.352,1.804,-1.4502,1.5645,-0.6754,0.9446,-1.6902,-10.073,-6.0001,-0.4712,-0.9038,3.6721,2.1211,3.2127,2.673
3.1052,0.3753,1.9006,-1.4281,1.7145,-0.6536,1.0951,-1.6551,-10.044,-5.9842,-0.3563,-0.8815,3.706,2.1353,3.3018,2.6958
3.1052,0.3753,1.9006,-1.4281,1.7145,-0.6536,1.0951,-1.6551,-10.044,-5.9842,-0.3563,-0.8815,3.706,2.1353,3.3018,2.6958
3.1274,0.382,1.9147,-1.418,1.7418,-0.653,1.1254,-1.6481,-10.015,-5.9684,-0.3272,-0.8731,3.719,2.1482,3.3372,2.7031
3.1274,0.382,1.9147,-1.418,1.7418,-0.653,1.1254,-1.6481,-10.015,-5.9684,-0.3272,-0.8731,3.719,2.1482,3.3372,2.7031
3.1434,0.3821,1.9357,-1.4179,1.7538,-0.6504,1.1405,-1.6446,-9.9858,-5.9525,-0.3069,-0.8709,3.732,2.1611,3.3728,2.7104
3.1434,0.3821,1.9357,-1.4179,1.7538,-0.6504,1.1405,-1.6446,-9.9858,-5.9525,-0.3069,-0.8709,3.732,2.1611,3.3728,2.7104
3.1479,0.3834,1.9381,-1.4112,1.7507,-0.6459,1.1405,-1.6446,-9.9565,-5.9366,-0.2996,-0.8688,3.7404,2.1727,3.3914,2.7187
3.1479,0.3834,1.9381,-1.4112,1.7507,-0.6459,1.1405,-1.6446,-9.9565,-5.9366,-0.2996,-0.8688,3.7404,2.1727,3.3914,2.7187
3.1434,0.3821,1.9533,-1.4128,1.7447,-0.6472,1.1487,-1.6563,-9.9807,-5.9017,-0.3032,-0.8699,3.7596,2.1689,3.4084,2.7176
3.1434,0.3821,1.9533,-1.4128,1.7447,-0.6472,1.1487,-1.6563,-9.9807,-5.9017,-0.3032,-0.8699,3.7596,2.1689,3.4084,2.7176
3.1345,0.3795,1.9498,-1.4078,1.7386,-0.6485,1.1254,-1.6481,-9.9323,-5.9714,-0.3163,-0.8699,3.7623,2.165,3.4084,2.7176
3.1345,0.3795,1.9498,-1.4078,1.7386,-0.6485,1.1254,-1.6481,-9.9323,-5.9714,-0.3163,-0.8699,3.7623,2.165,3.4084,2.7176
3.1345,0.3795,1.9498,-1.4078,1.7386,-0.6485,1.1254,-1.6481,-9.9323,-5.9714,-0.3163,-0.8699,3.7623,2.165,3.4084,2.7176
3.1185,0.3793,1.9498,-1.4078,1.7234,-0.6465,1.1335,-1.6598,-9.9323,-5.9714,-0.3294,-0.87,3.7676,2.1573,3.3931,2.728
3.1185,0.3793,1.9498,-1.4078,1.7234,-0.6465,1.1335,-1.6598,-9.9323,-5.9714,-0.3294,-0.87,3.7676,2.1573,3.3931,2.728
3.107,0.3805,1.9557,-1.4061,1.7174,-0.6478,1.1102,-1.6516,-9.9323,-5.9714,-0.3367,-0.8721,3.7657,2.1521,3.3977,2.7214
3.1052,0.3753,1.9557,-1.4061,1.7114,-0.6491,1.1102,-1.6516,-9.9271,-5.9206,-0.3403,-0.8732,3.773,2.1495,3.3931,2.728
3.1052,0.3753,1.9557,-1.4061,1.7114,-0.6491,1.1102,-1.6516,-9.9271,-5.9206,-0.3403,-0.8732,3.773,2.1495,3.3931,2.728
3.1052,0.3753,1.9581,-1.3994,1.7114,-0.6491,1.1102,-1.6516,-9.9271,-5.9206,-0.3461,-0.8711,3.7803,2.147,3.3823,2.7318
3.1052,0.3753,1.9581,-1.3994,1.7114,-0.6491,1.1102,-1.6516,-9.9271,-5.9206,-0.3461,-0.8711,3.7803,2.147,3.3823,2.7318
3.0893,0.3752,1.9581,-1.3994,1.6993,-0.6517,1.0951,-1.6551,-9.9271,-5.9206,-0.3497,-0.8722,3.7822,2.1521,3.3869,2.7252
3.0893,0.3752,1.9581,-1.3994,1.6993,-0.6517,1.0951,-1.6551,-9.9271,-5.9206,-0.3497,-0.8722,3.7822,2.1521,3.3869,2.7252
3.0822,0.3777,1.9546,-1.3944,1.6993,-0.6517,1.0951,-1.6551,-9.9565,-5.9366,-0.3628,-0.8722,3.7742,2.1637,3.3807,2.7225
3.0822,0.3777,1.9546,-1.3944,1.6993,-0.6517,1.0951,-1.6551,-9.9565,-5.9366,-0.3628,-0.8722,3.7742,2.1637,3.3807,2.7225
3.0822,0.3777,1.9605,-1.3927,1.6873,-0.6542,1.0799,-1.6586,-9.9565,-5.9366,-0.3737,-0.8754,3.7799,2.1792,3.3852,2.7159
3.0822,0.3777,1.9605,-1.3927,1.6873,-0.6542,1.0799,-1.6586,-9.9565,-5.9366,-0.3737,-0.8754,3.7799,2.1792,3.3852,2.7159
3.0822,0.3777,1.9605,-1.3927,1.6873,-0.6542,1.0799,-1.6586,-9.9565,-5.9366,-0.3737,-0.8754,3.7799,2.1792,3.3852,2.7159
3.0689,0.3737,1.9581,-1.3994,1.6693,-0.6581,1.0498,-1.6656,-9.9271,-5.9206,-0.3845,-0.8786,3.7803,2.2026,3.3852,2.7159
3.0689,0.3737,1.9581,-1.3994,1.6693,-0.6581,1.0498,-1.6656,-9.9271,-5.9206,-0.3845,-0.8786,3.7803,2.2026,3.3852,2.7159
3.0689,0.3737,1.9581,-1.3994,1.6693,-0.6581,1.0498,-1.6656,-9.9271,-5.9206,-0.3845,-0.8786,3.7803,2.2026,3.3852,2.7159
3.0371,0.3734,1.936,-1.3878,1.6393,-0.6645,1.0034,-1.6493,-9.8977,-5.9047,-0.4171,-0.888,3.7994,2.2546,3.3744,2.7197
3.0371,0.3734,1.936,-1.3878,1.6393,-0.6645,1.0034,-1.6493,-9.8977,-5.9047,-0.4171,-0.888,3.7994,2.2546,3.3744,2.7197
3.0212,0.3732,1.9301,-1.3895,1.6213,-0.6683,0.9965,-1.6645,-9.8681,-5.8886,-0.4409,-0.8913,3.8117,2.2768,3.3575,2.7207
2.9966,0.3704,1.9184,-1.3929,1.5974,-0.6734,0.9434,-1.6634,-9.8681,-5.8886,-0.4726,-0.8894,3.824,2.2991,3.3405,2.7218
2.9966,0.3704,1.9184,-1.3929,1.5974,-0.6734,0.9434,-1.6634,-9.8681,-5.8886,-0.4726,-0.8894,3.824,2.2991,3.3405,2.7218
2.9966,0.3704,1.9184,-1.3929,1.5974,-0.6734,0.9434,-1.6634,-9.8681,-5.8886,-0.4726,-0.8894,3.824,2.2991,3.3405,2.7218
2.9763,0.3689,1.9067,-1.3963,1.5704,-0.6741,0.9135,-1.6704,-9.8386,-5.8726,-0.4906,-0.8946,3.8417,2.3136,3.3236,2.7228
2.9763,0.3689,1.9067,-1.3963,1.5704,-0.6741,0.9135,-1.6704,-9.8386,-5.8726,-0.4906,-0.8946,3.8417,2.3136,3.3236,2.7228
2.9763,0.3689,1.9067,-1.3963,1.5704,-0.6741,0.9135,-1.6704,-9.8386,-5.8726,-0.4906,-0.8946,3.8417,2.3136,3.3236,2.7228
2.9517,0.3661,1.8915,-1.3947,1.5466,-0.6792,0.9067,-1.6856,-9.8386,-5.8726,-0.5164,-0.8948,3.8649,2.3202,3.3112,2.7172
2.9316,0.3646,1.8857,-1.3964,1.5197,-0.6799,0.8918,-1.6891,-9.8386,-5.8726,-0.5308,-0.899,3.8788,2.3242,3.2989,2.7117
2.9141,0.3593,1.8647,-1.3966,1.496,-0.685,0.8849,-1.7042,-9.8925,-5.8535,-0.5565,-0.8992,3.8761,2.3281,3.2804,2.7034
2.9141,0.3593,1.8647,-1.3966,1.496,-0.685,0.8849,-1.7042,-9.8925,-5.8535,-0.5565,-0.8992,3.8761,2.3281,3.2804,2.7034
2.8808,0.3538,1.8507,-1.4067,1.4664,-0.6914,0.8403,-1.7147,-9.8925,-5.8535,-0.573,-0.9003,3.8788,2.3242,3.2528,2.7082
2.8808,0.3538,1.8507,-1.4067,1.4664,-0.6914,0.8403,-1.7147,-9.8925,-5.8535,-0.573,-0.9003,3.8788,2.3242,3.2528,2.7082
2.8808,0.3538,1.8507,-1.4067,1.4664,-0.6914,0.8403,-1.7147,-9.8925,-5.8535,-0.573,-0.9003,3.8788,2.3242,3.2528,2.7082
2.8678,0.3498,1.8333,-1.4118,1.4455,-0.6908,0.8026,-1.7102,-9.8681,-5.8886,-0.5894,-0.9015,3.8742,2.3228,3.2405,2.7027
2.8678,0.3498,1.8333,-1.4118,1.4455,-0.6908,0.8026,-1.7102,-9.8681,-5.8886,-0.5894,-0.9015,3.8742,2.3228,3.2405,2.7027
2.8695,0.3549,1.8333,-1.4118,1.4483,-0.685,0.8026,-1.7102,-9.8681,-5.8886,-0.593,-0.9026,3.8723,2.3176,3.2343,2.6999
2.8695,0.3549,1.8333,-1.4118,1.4483,-0.685,0.8026,-1.7102,-9.8681,-5.8886,-0.593,-0.9026,3.8723,2.3176,3.2343,2.6999
2.9,0.3642,1.8449,-1.4084,1.4957,-0.6748,0.8471,-1.6996,-9.8386,-5.8726,-0.5751,-0.8973,3.887,2.3124,3.2359,2.7092
2.9579,0.3726,1.8775,-1.4048,1.5523,-0.6677,0.8769,-1.6926,-9.863,-5.8374,-0.5264,-0.8866,3.8991,2.3111,3.2589,2.711
2.9579,0.3726,1.8775,-1.4048,1.5523,-0.6677,0.8769,-1.6926,-9.863,-5.8374,-0.5264,-0.8866,3.8991,2.3111,3.2589,2.711
3.0247,0.3835,1.916,-1.3996,1.6148,-0.649,0.9434,-1.6634,-9.8089,-5.8565,-0.4423,-0.8768,3.9158,2.3111,3.2898,2.7248
3.0247,0.3835,1.916,-1.3996,1.6148,-0.649,0.9434,-1.6634,-9.8089,-5.8565,-0.4423,-0.8768,3.9158,2.3111,3.2898,2.7248
3.0247,0.3835,1.916,-1.3996,1.6148,-0.649,0.9434,-1.6634,-9.8089,-5.8565,-0.4423,-0.8768,3.9158,2.3111,3.2898,2.7248
3.0902,0.3893,1.9605,-1.3927,1.6779,-0.6407,1.0266,-1.6575,-9.7792,-5.8404,-0.3714,-0.8598,3.9371,2.3125,3.3421,2.7311
3.0902,0.3893,1.9605,-1.3927,1.6779,-0.6407,1.0266,-1.6575,-9.7792,-5.8404,-0.3714,-0.8598,3.9371,2.3125,3.3421,2.7311
3.0902,0.3893,1.9605,-1.3927,1.6779,-0.6407,1.0266,-1.6575,-9.7792,-5.8404,-0.3714,-0.8598,3.9371,2.3125,3.3421,2.7311
3.1372,0.3988,1.9899,-1.3841,1.7201,-0.6317,1.0718,-1.6469,-9.7249,-5.8596,-0.311,-0.846,3.9539,2.3125,3.3947,2.7374
3.1372,0.3988,1.9899,-1.3841,1.7201,-0.6317,1.0718,-1.6469,-9.7249,-5.8596,-0.311,-0.846,3.9539,2.3125,3.3947,2.7374
3.1915,0.4057,2.0335,-1.3654,1.7867,-0.6279,1.1091,-1.6246,-9.695,-5.8435,-0.2431,-0.8301,3.9679,2.3165,3.46,2.7492
3.1915,0.4057,2.0335,-1.3654,1.7867,-0.6279,1.1091,-1.6246,-9.695,-5.8435,-0.2431,-0.8301,3.9679,2.3165,3.46,2.7492
3.1915,0.4057,2.0335,-1.3654,1.7867,-0.6279,1.1091,-1.6246,-9.695,-5.8435,-0.2431,-0.8301,3.9679,2.3165,3.46,2.7492
3.196,0.4071,2.0359,-1.3587,1.7928,-0.6266,1.0939,-1.6281,-9.695,-5.8435,-0.2299,-0.8301,3.9726,2.3178,3.4834,2.7509
3.196,0.4071,2.0359,-1.3587,1.7928,-0.6266,1.0939,-1.6281,-9.695,-5.8435,-0.2299,-0.8301,3.9726,2.3178,3.4834,2.7509
3.196,0.4071,2.0359,-1.3587,1.7928,-0.6266,1.0939,-1.6281,-9.695,-5.8435,-0.2299,-0.8301,3.9726,2.3178,3.4834,2.7509
3.1933,0.4109,2.0418,-1.357,1.802,-0.6299,1.0939,-1.6281,-9.7494,-5.8242,-0.2357,-0.828,3.98,2.3152,3.4896,2.7537
3.1933,0.4109,2.0418,-1.357,1.802,-0.6299,1.0939,-1.6281,-9.7494,-5.8242,-0.2357,-0.828,3.98,2.3152,3.4896,2.7537
3.1817,0.4121,2.0478,-1.3553,1.7928,-0.6266,1.1021,-1.6399,-9.6705,-5.8788,-0.2452,-0.827,3.9699,2.3218,3.4896,2.7537
3.1728,0.4094,2.0571,-1.3586,1.7867,-0.6279,1.0869,-1.6434,-9.7494,-5.8242,-0.262,-0.8281,3.9624,2.3244,3.4788,2.7576
3.1728,0.4094,2.0571,-1.3586,1.7867,-0.6279,1.0869,-1.6434,-9.7494,-5.8242,-0.262,-0.8281,3.9624,2.3244,3.4788,2.7576
3.1684,0.4081,2.0571,-1.3586,1.7807,-0.6292,1.0951,-1.6551,-9.7196,-5.808,-0.273,-0.8313,3.9671,2.3257,3.4742,2.7642
3.1612,0.4106,2.0631,-1.3569,1.7746,-0.6304,1.0799,-1.6586,-9.7494,-5.8242,-0.2876,-0.8355,3.9624,2.3244,3.4617,2.7586
3.1612,0.4106,2.0631,-1.3569,1.7746,-0.6304,1.0799,-1.6586,-9.7494,-5.8242,-0.2876,-0.8355,3.9624,2.3244,3.4617,2.7586
3.1612,0.4106,2.0596,-1.3518,1.7655,-0.6272,1.0799,-1.6586,-9.7494,-5.8242,-0.2949,-0.8377,3.9624,2.3244,3.4554,2.7558
3.1612,0.4106,2.0596,-1.3518,1.7655,-0.6272,1.0799,-1.6586,-9.7494,-5.8242,-0.2949,-0.8377,3.9624,2.3244,3.4554,2.7558
3.1612,0.4106,2.0596,-1.3518,1.7655,-0.6272,1.0799,-1.6586,-9.7494,-5.8242,-0.2949,-0.8377,3.9624,2.3244,3.4554,2.7558
3.1541,0.4131,2.069,-1.3552,1.7655,-0.6272,1.0648,-1.6621,-9.8334,-5.8213,-0.308,-0.8377,3.9652,2.3204,3.4538,2.7464
3.1541,0.4131,2.069,-1.3552,1.7655,-0.6272,1.0648,-1.6621,-9.8334,-5.8213,-0.308,-0.8377,3.9652,2.3204,3.4538,2.7464
3.1541,0.4131,2.069,-1.3552,1.7655,-0.6272,1.0648,-1.6621,-9.8334,-5.8213,-0.308,-0.8377,3.9652,2.3204,3.4538,2.7464
3.147,0.4157,2.069,-1.3552,1.7594,-0.6285,1.0648,-1.6621,-9.8334,-5.8213,-0.3095,-0.8419,3.9773,2.3191,3.4475,2.7436
3.147,0.4157,2.069,-1.3552,1.7594,-0.6285,1.0648,-1.6621,-9.8334,-5.8213,-0.3095,-0.8419,3.9773,2.3191,3.4475,2.7436
3.1452,0.4105,2.0655,-1.3501,1.7534,-0.6298,1.0567,-1.6504,-9.8334,-5.8213,-0.332,-0.841,3.9792,2.3244,3.4413,2.7409
3.1452,0.4105,2.0655,-1.3501,1.7534,-0.6298,1.0567,-1.6504,-9.8334,-5.8213,-0.332,-0.841,3.9792,2.3244,3.4413,2.7409
3.1452,0.4105,2.0655,-1.3501,1.7534,-0.6298,1.0567,-1.6504,-9.8334,-5.8213,-0.332,-0.841,3.9792,2.3244,3.4413,2.7409
3.1274,0.4052,2.0537,-1.3535,1.7352,-0.6336,1.0266,-1.6575,-9.8334,-5.8213,-0.343,-0.8441,3.9812,2.3297,3.4305,2.7447
3.1274,0.4052,2.0537,-1.3535,1.7352,-0.6336,1.0266,-1.6575,-9.8334,-5.8213,-0.343,-0.8441,3.9812,2.3297,3.4305,2.7447
3.1212,0.3986,2.0478,-1.3553,1.7232,-0.6362,1.0347,-1.6691,-9.7792,-5.8404,-0.3654,-0.8432,3.9784,2.3336,3.4242,2.7419
3.1212,0.3986,2.0478,-1.3553,1.7232,-0.6362,1.0347,-1.6691,-9.7792,-5.8404,-0.3654,-0.8432,3.9784,2.3336,3.4242,2.7419
3.1008,0.3972,2.0418,-1.357,1.7111,-0.6388,0.9965,-1.6645,-9.7792,-5.8404,-0.3857,-0.8454,3.973,2.3415,3.418,2.7391
3.1008,0.3972,2.0418,-1.357,1.7111,-0.6388,0.9965,-1.6645,-9.7792,-5.8404,-0.3857,-0.8454,3.973,2.3415,3.418,2.7391
3.0804,0.3957,2.03,-1.3604,1.6931,-0.6426,0.9896,-1.6797,-9.7792,-5.8404,-0.406,-0.8476,3.9702,2.3455,3.401,2.7402
3.0804,0.3957,2.03,-1.3604,1.6931,-0.6426,0.9896,-1.6797,-9.7792,-5.8404,-0.406,-0.8476,3.9702,2.3455,3.401,2.7402
3.0645,0.3955,2.0241,-1.3621,1.6719,-0.642,0.9665,-1.6715,-9.8037,-5.8051,-0.4241,-0.8529,3.9694,2.3547,3.3947,2.7374
3.0645,0.3955,2.0241,-1.3621,1.6719,-0.642,0.9665,-1.6715,-9.8037,-5.8051,-0.4241,-0.8529,3.9694,2.3547,3.3947,2.7374
3.0424,0.3889,2.003,-1.3622,1.6448,-0.6426,0.9216,-1.6821,-9.7494,-5.8242,-0.4515,-0.8572,3.9639,2.3626,3.3715,2.7356
3.0424,0.3889,2.003,-1.3622,1.6448,-0.6426,0.9216,-1.6821,-9.7494,-5.8242,-0.4515,-0.8572,3.9639,2.3626,3.3715,2.7356
3.0424,0.3889,2.003,-1.3622,1.6448,-0.6426,0.9216,-1.6821,-9.7494,-5.8242,-0.4515,-0.8572,3.9639,2.3626,3.3715,2.7356
3.0177,0.386,1.9912,-1.3657,1.6177,-0.6432,0.8837,-1.6774,-9.7494,-5.8242,-0.4731,-0.8636,3.9659,2.3679,3.3483,2.7339
3.0177,0.386,1.9912,-1.3657,1.6177,-0.6432,0.8837,-1.6774,-9.7494,-5.8242,-0.4731,-0.8636,3.9659,2.3679,3.3483,2.7339
2.971,0.3765,1.9548,-1.3642,1.5759,-0.6522,0.8391,-1.688,-9.695,-5.8435,-0.5385,-0.8754,3.9541,2.393,3.3005,2.721
2.971,0.3765,1.9548,-1.3642,1.5759,-0.6522,0.8391,-1.688,-9.695,-5.8435,-0.5385,-0.8754,3.9541,2.393,3.3005,2.721
2.971,0.3765,1.9548,-1.3642,1.5759,-0.6522,0.8391,-1.688,-9.695,-5.8435,-0.5385,-0.8754,3.9541,2.393,3.3005,2.721
2.9438,0.3775,1.9338,-1.3643,1.558,-0.6561,0.8323,-1.7031,-9.6897,-5.7918,-0.56,-0.8817,3.97,2.4024,3.2881,2.7155
2.9438,0.3775,1.9338,-1.3643,1.558,-0.6561,0.8323,-1.7031,-9.6897,-5.7918,-0.56,-0.8817,3.97,2.4024,3.2881,2.7155
2.9438,0.3775,1.9338,-1.3643,1.558,-0.6561,0.8323,-1.7031,-9.6897,-5.7918,-0.56,-0.8817,3.97,2.4024,3.2881,2.7155
2.9236,0.376,1.9197,-1.3745,1.5401,-0.66,0.7798,-1.7021,-9.6597,-5.7756,-0.5836,-0.885,3.9786,2.4143,3.2758,2.7099
2.9236,0.376,1.9197,-1.3745,1.5401,-0.66,0.7798,-1.7021,-9.6597,-5.7756,-0.5836,-0.885,3.9786,2.4143,3.2758,2.7099
2.9236,0.376,1.9197,-1.3745,1.5401,-0.66,0.7798,-1.7021,-9.6597,-5.7756,-0.5836,-0.885,3.9786,2.4143,3.2758,2.7099
2.9789,0.3882,1.9279,-1.366,1.6026,-0.6413,0.8391,-1.688,-9.5995,-5.743,-0.5836,-0.885,4.0294,2.4385,3.2696,2.7072
3.0388,0.4017,1.9607,-1.3625,1.6565,-0.6297,0.8837,-1.6774,-9.5444,-5.7624,-0.5364,-0.8785,4.0671,2.4493,3.2758,2.7099
3.0388,0.4017,1.9607,-1.3625,1.6565,-0.6297,0.8837,-1.6774,-9.5444,-5.7624,-0.5364,-0.8785,4.0671,2.4493,3.2758,2.7099
3.0388,0.4017,1.9607,-1.3625,1.6565,-0.6297,0.8837,-1.6774,-9.5444,-5.7624,-0.5364,-0.8785,4.0671,2.4493,3.2758,2.7099
3.1061,0.4127,1.9995,-1.3572,1.7167,-0.6168,0.9434,-1.6634,-9.4588,-5.7656,-0.4674,-0.8656,4.1096,2.4614,3.3158,2.7107
3.1061,0.4127,1.9995,-1.3572,1.7167,-0.6168,0.9434,-1.6634,-9.4588,-5.7656,-0.4674,-0.8656,4.1096,2.4614,3.3158,2.7107
3.1719,0.4185,2.0384,-1.3519,1.7742,-0.6097,1.0115,-1.661,-9.4283,-5.7493,-0.3944,-0.8517,4.1551,2.4696,3.3575,2.7207
3.1719,0.4185,2.0384,-1.3519,1.7742,-0.6097,1.0115,-1.661,-9.4283,-5.7493,-0.3944,-0.8517,4.1551,2.4696,3.3575,2.7207
3.2219,0.4241,2.0679,-1.3434,1.8198,-0.6053,1.0335,-1.6422,-9.4227,-5.697,-0.3226,-0.8419,4.1932,2.4804,3.3947,2.7374
3.2219,0.4241,2.0679,-1.3434,1.8198,-0.6053,1.0335,-1.6422,-9.4227,-5.697,-0.3226,-0.8419,4.1932,2.4804,3.3947,2.7374
3.2488,0.4321,2.0916,-1.3365,1.8533,-0.6034,1.0637,-1.6352,-9.392,-5.6805,-0.2803,-0.8334,4.2246,2.4845,3.4367,2.7475
3.2739,0.4349,2.1188,-1.3347,1.8684,-0.595,1.0939,-1.6281,-9.392,-5.6805,-0.2525,-0.8291,4.2485,2.4913,3.4554,2.7558
3.2739,0.4349,2.1188,-1.3347,1.8684,-0.595,1.0939,-1.6281,-9.392,-5.6805,-0.2525,-0.8291,4.2485,2.4913,3.4554,2.7558
3.2739,0.4349,2.1188,-1.3347,1.8684,-0.595,1.0939,-1.6281,-9.392,-5.6805,-0.2525,-0.8291,4.2485,2.4913,3.4554,2.7558
3.2856,0.4337,2.1342,-1.3363,1.8745,-0.5937,1.0939,-1.6281,-9.4171,-5.6443,-0.2474,-0.8239,4.2704,2.4927,3.4788,2.7576
3.2856,0.4337,2.1342,-1.3363,1.8745,-0.5937,1.0939,-1.6281,-9.4171,-5.6443,-0.2474,-0.8239,4.2704,2.4927,3.4788,2.7576
3.2811,0.4324,2.1402,-1.3346,1.8684,-0.595,1.0788,-1.6316,-9.4728,-5.6246,-0.2474,-0.8239,4.2876,2.4927,3.4959,2.7565
3.2811,0.4324,2.1402,-1.3346,1.8684,-0.595,1.0788,-1.6316,-9.4728,-5.6246,-0.2474,-0.8239,4.2876,2.4927,3.4959,2.7565
3.2631,0.427,2.1307,-1.3313,1.8533,-0.6034,1.0718,-1.6469,-9.4728,-5.6246,-0.2584,-0.8271,4.2972,2.4954,3.4913,2.7631
3.2631,0.427,2.1307,-1.3313,1.8533,-0.6034,1.0718,-1.6469,-9.4728,-5.6246,-0.2584,-0.8271,4.2972,2.4954,3.4913,2.7631
3.247,0.4269,2.1307,-1.3313,1.8411,-0.606,1.0567,-1.6504,-9.4171,-5.6443,-0.2752,-0.8282,4.302,2.4967,3.4959,2.7565
3.247,0.4269,2.1307,-1.3313,1.8411,-0.606,1.0567,-1.6504,-9.4171,-5.6443,-0.2752,-0.8282,4.302,2.4967,3.4959,2.7565
3.247,0.4269,2.1307,-1.3313,1.8411,-0.606,1.0567,-1.6504,-9.4171,-5.6443,-0.2752,-0.8282,4.302,2.4967,3.4959,2.7565
3.238,0.4242,2.1248,-1.333,1.829,-0.6085,1.0416,-1.6539,-9.3613,-5.664,-0.2861,-0.8314,4.3088,2.5035,3.4913,2.7631
3.238,0.4242,2.1248,-1.333,1.829,-0.6085,1.0416,-1.6539,-9.3613,-5.664,-0.2861,-0.8314,4.3088,2.5035,3.4913,2.7631
3.238,0.4242,2.1248,-1.333,1.829,-0.6085,1.0416,-1.6539,-9.3613,-5.664,-0.2861,-0.8314,4.3088,2.5035,3.4913,2.7631
3.2264,0.4254,2.1307,-1.3313,1.8168,-0.6111,1.0266,-1.6575,-9.3362,-5.7002,-0.3123,-0.8315,4.3156,2.5103,3.485,2.7603
3.2264,0.4254,2.1307,-1.3313,1.8168,-0.6111,1.0266,-1.6575,-9.3362,-5.7002,-0.3123,-0.8315,4.3156,2.5103,3.485,2.7603
3.2291,0.4216,2.1307,-1.3313,1.8168,-0.6111,1.0266,-1.6575,-9.2803,-5.72,-0.316,-0.8326,4.3204,2.5116,3.4742,2.7642
3.2291,0.4216,2.1307,-1.3313,1.8168,-0.6111,1.0266,-1.6575,-9.2803,-5.72,-0.316,-0.8326,4.3204,2.5116,3.4742,2.7642
3.2264,0.4254,2.1332,-1.3245,1.8168,-0.6111,1.0266,-1.6575,-9.3362,-5.7002,-0.3218,-0.8305,4.3224,2.517,3.4742,2.7642
3.2264,0.4254,2.1332,-1.3245,1.8168,-0.6111,1.0266,-1.6575,-9.3362,-5.7002,-0.3218,-0.8305,4.3224,2.517,3.4742,2.7642
3.2175,0.4228,2.1272,-1.3262,1.8047,-0.6137,1.0115,-1.661,-9.3613,-5.664,-0.3312,-0.8295,4.3224,2.517,3.4633,2.768
3.2175,0.4228,2.1272,-1.3262,1.8047,-0.6137,1.0115,-1.661,-9.3613,-5.664,-0.3312,-0.8295,4.3224,2.517,3.4633,2.768
3.2032,0.4278,2.1272,-1.3262,1.7986,-0.615,1.0115,-1.661,-9.3054,-5.6838,-0.3349,-0.8306,4.3224,2.517,3.4571,2.7652
3.2032,0.4278,2.1272,-1.3262,1.7986,-0.615,1.0115,-1.661,-9.3054,-5.6838,-0.3349,-0.8306,4.3224,2.517,3.4571,2.7652
3.2032,0.4278,2.1272,-1.3262,1.7986,-0.615,1.0115,-1.661,-9.3054,-5.6838,-0.3349,-0.8306,4.3224,2.517,3.4571,2.7652
3.1942,0.4252,2.1213,-1.3279,1.7773,-0.6143,0.9965,-1.6645,-9.3306,-5.6475,-0.3479,-0.8306,4.3224,2.517,3.4462,2.7691
3.1666,0.4262,2.1153,-1.3296,1.7684,-0.6214,0.9584,-1.6598,-9.3054,-5.6838,-0.353,-0.8359,4.3252,2.513,3.44,2.7663
3.1666,0.4262,2.1153,-1.3296,1.7684,-0.6214,0.9584,-1.6598,-9.3054,-5.6838,-0.353,-0.8359,4.3252,2.513,3.44,2.7663
3.1559,0.4183,2.094,-1.3297,1.7442,-0.6265,0.9285,-1.6669,-9.3613,-5.664,-0.3697,-0.837,4.3176,2.5157,3.4384,2.7569
3.131,0.4155,2.0787,-1.3281,1.7229,-0.6259,0.8986,-1.6739,-9.3613,-5.664,-0.3864,-0.8382,4.3128,2.5143,3.4259,2.7513
3.131,0.4155,2.0787,-1.3281,1.7229,-0.6259,0.8986,-1.6739,-9.3613,-5.664,-0.3864,-0.8382,4.3128,2.5143,3.4259,2.7513
3.131,0.4155,2.0787,-1.3281,1.7229,-0.6259,0.8986,-1.6739,-9.3613,-5.664,-0.3864,-0.8382,4.3128,2.5143,3.4259,2.7513
3.1061,0.4127,2.0668,-1.3316,1.6988,-0.631,0.8688,-1.681,-9.367,-5.7166,-0.4045,-0.8435,4.2956,2.5143,3.4026,2.7496
3.1061,0.4127,2.0668,-1.3316,1.6988,-0.631,0.8688,-1.681,-9.367,-5.7166,-0.4045,-0.8435,4.2956,2.5143,3.4026,2.7496
3.0884,0.4073,2.055,-1.335,1.6748,-0.6362,0.8539,-1.6845,-9.367,-5.7166,-0.4269,-0.8426,4.2908,2.5129,3.3902,2.744
3.0884,0.4073,2.055,-1.335,1.6748,-0.6362,0.8539,-1.6845,-9.367,-5.7166,-0.4269,-0.8426,4.2908,2.5129,3.3902,2.744
3.0662,0.4007,2.0338,-1.3351,1.6508,-0.6413,0.8391,-1.688,-9.3362,-5.7002,-0.4435,-0.8437,4.286,2.5116,3.3732,2.745
3.0662,0.4007,2.0338,-1.3351,1.6508,-0.6413,0.8391,-1.688,-9.3362,-5.7002,-0.4435,-0.8437,4.286,2.5116,3.3732,2.745
3.0415,0.3978,2.0161,-1.3403,1.6268,-0.6464,0.8094,-1.6951,-9.392,-5.6805,-0.4637,-0.8459,4.2736,2.5129,3.35,2.7433
3.0415,0.3978,2.0161,-1.3403,1.6268,-0.6464,0.8094,-1.6951,-9.392,-5.6805,-0.4637,-0.8459,4.2736,2.5129,3.35,2.7433
3.015,0.3899,1.9984,-1.3454,1.5938,-0.6484,0.7878,-1.7137,-9.4227,-5.697,-0.4911,-0.8502,4.2592,2.5088,3.3206,2.7387
3.0018,0.3859,1.9831,-1.3438,1.5727,-0.6477,0.7958,-1.7252,-9.4782,-5.6773,-0.5169,-0.8504,4.2496,2.5061,3.2975,2.7369
3.0018,0.3859,1.9831,-1.3438,1.5727,-0.6477,0.7958,-1.7252,-9.4782,-5.6773,-0.5169,-0.8504,4.2496,2.5061,3.2975,2.7369
3.0018,0.3859,1.9831,-1.3438,1.5727,-0.6477,0.7958,-1.7252,-9.4782,-5.6773,-0.5169,-0.8504,4.2496,2.5061,3.2975,2.7369
2.9833,0.3895,1.962,-1.344,1.5727,-0.6477,0.781,-1.7287,-9.4782,-5.6773,-0.537,-0.8527,4.2449,2.5047,3.2852,2.7314
2.9833,0.3895,1.962,-1.344,1.5727,-0.6477,0.781,-1.7287,-9.4782,-5.6773,-0.537,-0.8527,4.2449,2.5047,3.2852,2.7314
2.9833,0.3895,1.962,-1.344,1.5727,-0.6477,0.781,-1.7287,-9.4782,-5.6773,-0.537,-0.8527,4.2449,2.5047,3.2852,2.7314
2.9965,0.3935,1.962,-1.344,1.5875,-0.6394,0.7958,-1.7252,-9.4728,-5.6246,-0.5391,-0.8496,4.2421,2.5088,3.2852,2.7314
3.0477,0.4043,1.9797,-1.3388,1.6414,-0.6278,0.8403,-1.7147,-9.5033,-5.6412,-0.5155,-0.8463,4.2496,2.5061,3.2852,2.7314
3.0477,0.4043,1.9797,-1.3388,1.6414,-0.6278,0.8403,-1.7147,-9.5033,-5.6412,-0.5155,-0.8463,4.2496,2.5061,3.2852,2.7314
3.115,0.4154,2.022,-1.3386,1.7167,-0.6168,0.8998,-1.7007,-9.5033,-5.6412,-0.4593,-0.8334,4.2716,2.5075,3.3037,2.7397
3.115,0.4154,2.022,-1.3386,1.7167,-0.6168,0.8998,-1.7007,-9.5033,-5.6412,-0.4593,-0.8334,4.2716,2.5075,3.3037,2.7397
3.18,0.4302,2.0574,-1.3282,1.7863,-0.6072,0.9746,-1.6832,-9.4728,-5.6246,-0.3884,-0.8163,4.2984,2.5102,3.3408,2.7564
3.18,0.4302,2.0574,-1.3282,1.7863,-0.6072,0.9746,-1.6832,-9.4728,-5.6246,-0.3884,-0.8163,4.2984,2.5102,3.3408,2.7564
3.2434,0.4398,2.1059,-1.3263,1.8409,-0.5956,1.0347,-1.6691,-9.4117,-5.5914,-0.3056,-0.8033,4.3252,2.513,3.3997,2.7655
3.2434,0.4398,2.1059,-1.3263,1.8409,-0.5956,1.0347,-1.6691,-9.4117,-5.5914,-0.3056,-0.8033,4.3252,2.513,3.3997,2.7655
3.2937,0.4455,2.1391,-1.3228,1.8867,-0.5911,1.0718,-1.6469,-9.325,-5.5945,-0.2427,-0.7925,4.3445,2.5184,3.4479,2.7785
3.2937,0.4455,2.1391,-1.3228,1.8867,-0.5911,1.0718,-1.6469,-9.325,-5.5945,-0.2427,-0.7925,4.3445,2.5184,3.4479,2.7785
3.3234,0.4496,2.1629,-1.3159,1.9204,-0.5892,1.1021,-1.6399,-9.2688,-5.6143,-0.1965,-0.7829,4.3617,2.5184,3.49,2.7886
3.3441,0.4511,2.1843,-1.3158,1.9327,-0.5867,1.1091,-1.6246,-9.2997,-5.6309,-0.1722,-0.7796,4.3666,2.5198,3.5243,2.7865
3.3441,0.4511,2.1843,-1.3158,1.9327,-0.5867,1.1091,-1.6246,-9.2997,-5.6309,-0.1722,-0.7796,4.3666,2.5198,3.5243,2.7865
3.3441,0.4511,2.1843,-1.3158,1.9327,-0.5867,1.1091,-1.6246,-9.2997,-5.6309,-0.1722,-0.7796,4.3666,2.5198,3.5243,2.7865
3.346,0.4563,2.1963,-1.3124,1.9388,-0.5854,1.1091,-1.6246,-9.325,-5.5945,-0.1612,-0.7764,4.3714,2.5211,3.5478,2.7883
3.346,0.4563,2.1963,-1.3124,1.9388,-0.5854,1.1091,-1.6246,-9.325,-5.5945,-0.1612,-0.7764,4.3714,2.5211,3.5478,2.7883
3.346,0.4563,2.1963,-1.3124,1.9388,-0.5854,1.1091,-1.6246,-9.325,-5.5945,-0.1612,-0.7764,4.3714,2.5211,3.5478,2.7883
3.3415,0.455,2.1928,-1.3073,1.9295,-0.5821,1.1091,-1.6246,-9.2941,-5.5778,-0.1538,-0.7743,4.3762,2.5225,3.5713,2.79
3.3415,0.455,2.1928,-1.3073,1.9295,-0.5821,1.1091,-1.6246,-9.2941,-5.5778,-0.1538,-0.7743,4.3762,2.5225,3.5713,2.79
3.3324,0.4523,2.1928,-1.3073,1.9173,-0.5847,1.1091,-1.6246,-9.2688,-5.6143,-0.1596,-0.7722,4.379,2.5184,3.5713,2.79
3.3189,0.4483,2.1928,-1.3073,1.9082,-0.5918,1.0939,-1.6281,-9.2688,-5.6143,-0.1729,-0.7723,4.3742,2.5171,3.5759,2.7833
3.3189,0.4483,2.1928,-1.3073,1.9082,-0.5918,1.0939,-1.6281,-9.2688,-5.6143,-0.1729,-0.7723,4.3742,2.5171,3.5759,2.7833
3.3189,0.4483,2.1928,-1.3073,1.9082,-0.5918,1.0939,-1.6281,-9.2688,-5.6143,-0.1729,-0.7723,4.3742,2.5171,3.5759,2.7833
3.3027,0.4481,2.1963,-1.3124,1.9021,-0.5931,1.1021,-1.6399,-9.2688,-5.6143,-0.1839,-0.7755,4.377,2.513,3.5696,2.7805
3.3027,0.4481,2.1963,-1.3124,1.9021,-0.5931,1.1021,-1.6399,-9.2688,-5.6143,-0.1839,-0.7755,4.377,2.513,3.5696,2.7805
3.3027,0.4481,2.1963,-1.3124,1.9021,-0.5931,1.1021,-1.6399,-9.2688,-5.6143,-0.1839,-0.7755,4.377,2.513,3.5696,2.7805
3.2964,0.4416,2.1868,-1.309,1.8899,-0.5957,1.0637,-1.6352,-9.3811,-5.5747,-0.2067,-0.7745,4.3722,2.5117,3.5524,2.7816
3.2964,0.4416,2.1868,-1.309,1.8899,-0.5957,1.0637,-1.6352,-9.3811,-5.5747,-0.2067,-0.7745,4.3722,2.5117,3.5524,2.7816
3.2919,0.4403,2.1868,-1.309,1.8838,-0.5969,1.0718,-1.6469,-9.3558,-5.6111,-0.2125,-0.7725,4.3722,2.5117,3.5415,2.7855
3.2919,0.4403,2.1868,-1.309,1.8838,-0.5969,1.0718,-1.6469,-9.3558,-5.6111,-0.2125,-0.7725,4.3722,2.5117,3.5415,2.7855
3.2919,0.4403,2.1868,-1.309,1.8838,-0.5969,1.0718,-1.6469,-9.3558,-5.6111,-0.2125,-0.7725,4.3722,2.5117,3.5415,2.7855
3.2847,0.4428,2.1868,-1.309,1.8899,-0.5957,1.0637,-1.6352,-9.3558,-5.6111,-0.2162,-0.7735,4.3646,2.5144,3.5461,2.7788
3.2847,0.4428,2.1868,-1.309,1.8899,-0.5957,1.0637,-1.6352,-9.3558,-5.6111,-0.2162,-0.7735,4.3646,2.5144,3.5461,2.7788
3.2649,0.4323,2.1713,-1.3074,1.8594,-0.6021,1.0416,-1.6539,-9.3306,-5.6475,-0.2294,-0.7736,4.3577,2.5076,3.5243,2.7865
3.2649,0.4323,2.1713,-1.3074,1.8594,-0.6021,1.0416,-1.6539,-9.3306,-5.6475,-0.2294,-0.7736,4.3577,2.5076,3.5243,2.7865
3.2649,0.4323,2.1713,-1.3074,1.8594,-0.6021,1.0416,-1.6539,-9.3306,-5.6475,-0.2294,-0.7736,4.3577,2.5076,3.5243,2.7865
3.2488,0.4321,2.1654,-1.3091,1.8472,-0.6047,1.0416,-1.6539,-9.4171,-5.6443,-0.2404,-0.7768,4.3405,2.5076,3.5118,2.7809
3.2488,0.4321,2.1654,-1.3091,1.8472,-0.6047,1.0416,-1.6539,-9.4171,-5.6443,-0.2404,-0.7768,4.3405,2.5076,3.5118,2.7809
3.2488,0.4321,2.1654,-1.3091,1.8472,-0.6047,1.0416,-1.6539,-9.4171,-5.6443,-0.2404,-0.7768,4.3405,2.5076,3.5118,2.7809
3.2354,0.4281,2.1629,-1.3159,1.8258,-0.604,1.0266,-1.6575,-9.4171,-5.6443,-0.2536,-0.7769,4.3356,2.5062,3.4946,2.782
3.2148,0.4266,2.1475,-1.3143,1.8168,-0.6111,1.0196,-1.6727,-9.4171,-5.6443,-0.2682,-0.7812,4.326,2.5035,3.4884,2.7792
3.1969,0.4213,2.1356,-1.3177,1.8018,-0.6195,1.0046,-1.6762,-9.3865,-5.6277,-0.2755,-0.7833,4.3212,2.5022,3.4821,2.7764
3.1969,0.4213,2.1356,-1.3177,1.8018,-0.6195,1.0046,-1.6762,-9.3865,-5.6277,-0.2755,-0.7833,4.3212,2.5022,3.4821,2.7764
3.1969,0.4213,2.1356,-1.3177,1.8018,-0.6195,1.0046,-1.6762,-9.3865,-5.6277,-0.2755,-0.7833,4.3212,2.5022,3.4821,2.7764
3.1719,0.4185,2.1202,-1.3161,1.7836,-0.6233,0.9665,-1.6715,-9.4423,-5.608,-0.2981,-0.7824,4.304,2.5021,3.4696,2.7708
3.1719,0.4185,2.1202,-1.3161,1.7836,-0.6233,0.9665,-1.6715,-9.4423,-5.608,-0.2981,-0.7824,4.304,2.5021,3.4696,2.7708
3.147,0.4157,2.1024,-1.3212,1.7594,-0.6285,0.9365,-1.6785,-9.4171,-5.6443,-0.3127,-0.7867,4.2944,2.4994,3.4525,2.7718
3.147,0.4157,2.1024,-1.3212,1.7594,-0.6285,0.9365,-1.6785,-9.4171,-5.6443,-0.3127,-0.7867,4.2944,2.4994,3.4525,2.7718
3.147,0.4157,2.1024,-1.3212,1.7594,-0.6285,0.9365,-1.6785,-9.4171,-5.6443,-0.3127,-0.7867,4.2944,2.4994,3.4525,2.7718
3.1221,0.4128,2.0905,-1.3247,1.7352,-0.6336,0.9067,-1.6856,-9.4477,-5.6608,-0.3368,-0.7899,4.2772,2.4994,3.4292,2.7701
3.1221,0.4128,2.0905,-1.3247,1.7352,-0.6336,0.9067,-1.6856,-9.4477,-5.6608,-0.3368,-0.7899,4.2772,2.4994,3.4292,2.7701
3.1221,0.4128,2.0905,-1.3247,1.7352,-0.6336,0.9067,-1.6856,-9.4477,-5.6608,-0.3368,-0.7899,4.2772,2.4994,3.4292,2.7701
3.0707,0.402,2.0515,-1.33,1.6719,-0.642,0.8242,-1.6915,-9.4782,-5.6773,-0.3811,-0.7955,4.2552,2.498,3.4043,2.7589
3.0707,0.402,2.0515,-1.33,1.6719,-0.642,0.8242,-1.6915,-9.4782,-5.6773,-0.3811,-0.7955,4.2552,2.498,3.4043,2.7589
3.0707,0.402,2.0515,-1.33,1.6719,-0.642,0.8242,-1.6915,-9.4782,-5.6773,-0.3811,-0.7955,4.2552,2.498,3.4043,2.7589
3.0503,0.4005,2.0397,-1.3334,1.6508,-0.6413,0.8094,-1.6951,-9.4782,-5.6773,-0.4014,-0.7977,4.2381,2.498,3.381,2.7572
3.0503,0.4005,2.0397,-1.3334,1.6508,-0.6413,0.8094,-1.6951,-9.4782,-5.6773,-0.4014,-0.7977,4.2381,2.498,3.381,2.7572
3.0486,0.3953,2.0279,-1.3368,1.6539,-0.6458,0.7865,-1.687,-9.5336,-5.6577,-0.4216,-0.7999,4.2285,2.4953,3.3686,2.7516
3.0486,0.3953,2.0279,-1.3368,1.6539,-0.6458,0.7865,-1.687,-9.5336,-5.6577,-0.4216,-0.7999,4.2285,2.4953,3.3686,2.7516
3.1061,0.4127,2.0491,-1.3367,1.7229,-0.6259,0.8688,-1.681,-9.4477,-5.6608,-0.389,-0.7903,4.2437,2.4899,3.364,2.7582
3.1061,0.4127,2.0491,-1.3367,1.7229,-0.6259,0.8688,-1.681,-9.4477,-5.6608,-0.389,-0.7903,4.2437,2.4899,3.364,2.7582
3.1061,0.4127,2.0491,-1.3367,1.7229,-0.6259,0.8688,-1.681,-9.4477,-5.6608,-0.389,-0.7903,4.2437,2.4899,3.364,2.7582
3.1061,0.4127,2.0491,-1.3367,1.7229,-0.6259,0.8688,-1.681,-9.4477,-5.6608,-0.389,-0.7903,4.2437,2.4899,3.364,2.7582
3.1853,0.4225,2.0787,-1.3281,1.7955,-0.6104,0.9285,-1.6669,-9.4171,-5.6443,-0.3323,-0.7774,4.2608,2.49,3.3889,2.7694
3.1853,0.4225,2.0787,-1.3281,1.7955,-0.6104,0.9285,-1.6669,-9.4171,-5.6443,-0.3323,-0.7774,4.2608,2.49,3.3889,2.7694
3.3171,0.4431,2.1759,-1.3243,1.9173,-0.5847,1.1102,-1.6516,-9.3865,-5.6277,-0.1881,-0.7503,4.3076,2.4887,3.4838,2.7858
3.3171,0.4431,2.1759,-1.3243,1.9173,-0.5847,1.1102,-1.6516,-9.3865,-5.6277,-0.1881,-0.7503,4.3076,2.4887,3.4838,2.7858
3.3171,0.4431,2.1759,-1.3243,1.9173,-0.5847,1.1102,-1.6516,-9.3865,-5.6277,-0.1881,-0.7503,4.3076,2.4887,3.4838,2.7858
3.3604,0.4512,2.2058,-1.3157,1.9726,-0.5835,1.1475,-1.6293,-9.2997,-5.6309,-0.121,-0.7384,4.3296,2.49,3.5386,2.8016
3.3604,0.4512,2.2058,-1.3157,1.9726,-0.5835,1.1475,-1.6293,-9.2997,-5.6309,-0.121,-0.7384,4.3296,2.49,3.5386,2.8016
3.3975,0.4528,2.2237,-1.3106,1.9972,-0.5784,1.1627,-1.6258,-9.325,-5.5945,-0.0781,-0.7297,4.3392,2.4927,3.5747,2.8089
3.4138,0.4529,2.2452,-1.3105,2.0218,-0.5732,1.1932,-1.6187,-9.2688,-5.6143,-0.0461,-0.7243,4.3441,2.4941,3.6046,2.8135
3.4138,0.4529,2.2452,-1.3105,2.0218,-0.5732,1.1932,-1.6187,-9.2688,-5.6143,-0.0461,-0.7243,4.3441,2.4941,3.6046,2.8135
3.4138,0.4529,2.2452,-1.3105,2.0218,-0.5732,1.1932,-1.6187,-9.2688,-5.6143,-0.0461,-0.7243,4.3441,2.4941,3.6046,2.8135
3.4255,0.4517,2.2512,-1.3088,2.0311,-0.5765,1.1932,-1.6187,-9.2941,-5.5778,-0.0291,-0.7232,4.3565,2.4927,3.6345,2.818
3.4255,0.4517,2.2512,-1.3088,2.0311,-0.5765,1.1932,-1.6187,-9.2941,-5.5778,-0.0291,-0.7232,4.3565,2.4927,3.6345,2.818
3.4255,0.4517,2.2512,-1.3088,2.0311,-0.5765,1.1932,-1.6187,-9.2941,-5.5778,-0.0291,-0.7232,4.3565,2.4927,3.6345,2.818
3.4255,0.4517,2.2632,-1.3053,2.0373,-0.5752,1.2084,-1.6152,-9.2941,-5.5778,-0.0216,-0.721,4.3565,2.4927,3.6519,2.8169
3.4255,0.4517,2.2632,-1.3053,2.0373,-0.5752,1.2084,-1.6152,-9.2941,-5.5778,-0.0216,-0.721,4.3565,2.4927,3.6519,2.8169
3.4165,0.449,2.2537,-1.302,2.0311,-0.5765,1.185,-1.6069,-9.2997,-5.6309,-0.0291,-0.7232,4.3565,2.4927,3.6409,2.8208
3.4165,0.449,2.2537,-1.302,2.0311,-0.5765,1.185,-1.6069,-9.2997,-5.6309,-0.0291,-0.7232,4.3565,2.4927,3.6409,2.8208
3.4029,0.445,2.2537,-1.302,2.0282,-0.5824,1.1616,-1.5986,-9.3811,-5.5747,-0.0446,-0.7201,4.3565,2.4927,3.6519,2.8169
3.4029,0.445,2.2537,-1.302,2.0282,-0.5824,1.1616,-1.5986,-9.3811,-5.5747,-0.0446,-0.7201,4.3565,2.4927,3.6519,2.8169
3.3757,0.437,2.2382,-1.3003,2.0067,-0.5921,1.1394,-1.6175,-9.2688,-5.6143,-0.0669,-0.7265,4.3565,2.4927,3.6345,2.818
3.3757,0.437,2.2382,-1.3003,2.0067,-0.5921,1.1394,-1.6175,-9.2688,-5.6143,-0.0669,-0.7265,4.3565,2.4927,3.6345,2.818
3.3757,0.437,2.2382,-1.3003,2.0067,-0.5921,1.1394,-1.6175,-9.2688,-5.6143,-0.0669,-0.7265,4.3565,2.4927,3.6345,2.818
3.3639,0.4382,2.2322,-1.302,2.0006,-0.5934,1.116,-1.6093,-9.325,-5.5945,-0.0781,-0.7297,4.3565,2.4927,3.6282,2.8152
3.3639,0.4382,2.2322,-1.302,2.0006,-0.5934,1.116,-1.6093,-9.325,-5.5945,-0.0781,-0.7297,4.3565,2.4927,3.6282,2.8152
3.3621,0.433,2.2322,-1.302,1.9944,-0.5947,1.1242,-1.621,-9.325,-5.5945,-0.0855,-0.7319,4.3489,2.4954,3.6328,2.8085
3.3621,0.433,2.2322,-1.302,1.9944,-0.5947,1.1242,-1.621,-9.325,-5.5945,-0.0855,-0.7319,4.3489,2.4954,3.6328,2.8085
3.3531,0.4303,2.2227,-1.2987,1.9883,-0.5959,1.1242,-1.621,-9.2997,-5.6309,-0.0951,-0.7309,4.3489,2.4954,3.6219,2.8124
3.3531,0.4303,2.2227,-1.2987,1.9883,-0.5959,1.1242,-1.621,-9.2997,-5.6309,-0.0951,-0.7309,4.3489,2.4954,3.6219,2.8124
3.3414,0.4316,2.2227,-1.2987,1.979,-0.5927,1.1475,-1.6293,-9.325,-5.5945,-0.0966,-0.7351,4.3413,2.4981,3.6155,2.8096
3.3305,0.4237,2.2142,-1.3072,1.9605,-0.5965,1.1091,-1.6246,-9.3811,-5.5747,-0.104,-0.7372,4.3441,2.4941,3.6092,2.8068
3.3305,0.4237,2.2142,-1.3072,1.9605,-0.5965,1.1091,-1.6246,-9.3811,-5.5747,-0.104,-0.7372,4.3441,2.4941,3.6092,2.8068
3.3305,0.4237,2.2142,-1.3072,1.9605,-0.5965,1.1091,-1.6246,-9.3811,-5.5747,-0.104,-0.7372,4.3441,2.4941,3.6092,2.8068
3.3071,0.4261,2.2082,-1.3089,1.9515,-0.6036,1.0939,-1.6281,-9.3811,-5.5747,-0.1151,-0.7404,4.3392,2.4927,3.5873,2.8145
3.3071,0.4261,2.2082,-1.3089,1.9515,-0.6036,1.0939,-1.6281,-9.3811,-5.5747,-0.1151,-0.7404,4.3392,2.4927,3.5873,2.8145
3.2936,0.4221,2.1963,-1.3124,1.9299,-0.6029,1.0869,-1.6434,-9.3558,-5.6111,-0.1299,-0.7447,4.3344,2.4914,3.5701,2.8156
3.2936,0.4221,2.1963,-1.3124,1.9299,-0.6029,1.0869,-1.6434,-9.3558,-5.6111,-0.1299,-0.7447,4.3344,2.4914,3.5701,2.8156
3.2757,0.4168,2.1938,-1.3192,1.9208,-0.61,1.0486,-1.6387,-9.3558,-5.6111,-0.1528,-0.7438,4.3296,2.49,3.5638,2.8128
3.2757,0.4168,2.1938,-1.3192,1.9208,-0.61,1.0486,-1.6387,-9.3558,-5.6111,-0.1528,-0.7438,4.3296,2.49,3.5638,2.8128
3.2524,0.4192,2.1784,-1.3175,1.9086,-0.6126,1.0486,-1.6387,-9.3811,-5.5747,-0.1771,-0.7471,4.322,2.4927,3.5512,2.8072
3.23,0.4125,2.157,-1.3176,1.875,-0.6145,1.0185,-1.6457,-9.3811,-5.5747,-0.2035,-0.7472,4.3096,2.4941,3.5386,2.8016
3.23,0.4125,2.157,-1.3176,1.875,-0.6145,1.0185,-1.6457,-9.3811,-5.5747,-0.2035,-0.7472,4.3096,2.4941,3.5386,2.8016
3.23,0.4125,2.157,-1.3176,1.875,-0.6145,1.0185,-1.6457,-9.3811,-5.5747,-0.2035,-0.7472,4.3096,2.4941,3.5386,2.8016
3.2076,0.4059,2.1391,-1.3228,1.8567,-0.6183,0.9884,-1.6528,-9.4117,-5.5914,-0.2256,-0.7537,4.2952,2.49,3.5197,2.7932
3.2076,0.4059,2.1391,-1.3228,1.8567,-0.6183,0.9884,-1.6528,-9.4117,-5.5914,-0.2256,-0.7537,4.2952,2.49,3.5197,2.7932
3.1808,0.3979,2.1178,-1.3229,1.8231,-0.6202,0.9734,-1.6563,-9.3558,-5.6111,-0.2403,-0.7579,4.2876,2.4927,3.5026,2.7942
3.1808,0.3979,2.1178,-1.3229,1.8231,-0.6202,0.9734,-1.6563,-9.3558,-5.6111,-0.2403,-0.7579,4.2876,2.4927,3.5026,2.7942
3.1514,0.3938,2.1,-1.328,1.7989,-0.6253,0.9515,-1.675,-9.4423,-5.608,-0.2681,-0.7623,4.2628,2.4953,3.4884,2.7792
3.1514,0.3938,2.1,-1.328,1.7989,-0.6253,0.9515,-1.675,-9.4423,-5.608,-0.2681,-0.7623,4.2628,2.4953,3.4884,2.7792
3.1221,0.3896,2.0822,-1.3332,1.7778,-0.635,0.9216,-1.6821,-9.4423,-5.608,-0.2922,-0.7656,4.2532,2.4926,3.4759,2.7736
3.1221,0.3896,2.0822,-1.3332,1.7778,-0.635,0.9216,-1.6821,-9.4423,-5.608,-0.2922,-0.7656,4.2532,2.4926,3.4759,2.7736
3.0928,0.3855,2.055,-1.335,1.7536,-0.6401,0.8837,-1.6774,-9.4675,-5.5717,-0.3126,-0.7678,4.2457,2.4953,3.4587,2.7746
3.0928,0.3855,2.055,-1.335,1.7536,-0.6401,0.8837,-1.6774,-9.4675,-5.5717,-0.3126,-0.7678,4.2457,2.4953,3.4587,2.7746
3.0884,0.3842,2.0526,-1.3418,1.7444,-0.6369,0.8607,-1.6693,-9.5232,-5.552,-0.3308,-0.7732,4.2361,2.4926,3.4354,2.7729
3.0884,0.3842,2.0526,-1.3418,1.7444,-0.6369,0.8607,-1.6693,-9.5232,-5.552,-0.3308,-0.7732,4.2361,2.4926,3.4354,2.7729
3.0928,0.3855,2.0408,-1.3452,1.7473,-0.6311,0.8459,-1.6729,-9.4423,-5.608,-0.3381,-0.7753,4.2313,2.4912,3.4184,2.7739
3.0928,0.3855,2.0408,-1.3452,1.7473,-0.6311,0.8459,-1.6729,-9.4423,-5.608,-0.3381,-0.7753,4.2313,2.4912,3.4184,2.7739
3.1399,0.395,2.0585,-1.34,1.7957,-0.6208,0.8905,-1.6623,-9.4728,-5.6246,-0.3177,-0.7731,4.2417,2.4845,3.4121,2.7711
3.1399,0.395,2.0585,-1.34,1.7957,-0.6208,0.8905,-1.6623,-9.4728,-5.6246,-0.3177,-0.7731,4.2417,2.4845,3.4121,2.7711
3.2147,0.4034,2.0857,-1.3382,1.8565,-0.6079,0.9503,-1.6482,-9.4423,-5.608,-0.2681,-0.7623,4.256,2.4886,3.4417,2.7757
3.29,0.4117,2.1213,-1.3279,1.9329,-0.5971,1.0254,-1.6305,-9.3558,-5.6111,-0.1881,-0.7503,4.28,2.4954,3.4838,2.7858
3.29,0.4117,2.1213,-1.3279,1.9329,-0.5971,1.0254,-1.6305,-9.3558,-5.6111,-0.1881,-0.7503,4.28,2.4954,3.4838,2.7858
3.29,0.4117,2.1213,-1.3279,1.9329,-0.5971,1.0254,-1.6305,-9.3558,-5.6111,-0.1881,-0.7503,4.28,2.4954,3.4838,2.7858
3.3585,0.4226,2.1545,-1.3244,1.9942,-0.5842,1.0776,-1.6046,-9.2997,-5.6309,-0.1173,-0.7373,4.302,2.4967,3.5432,2.7949
3.3585,0.4226,2.1545,-1.3244,1.9942,-0.5842,1.0776,-1.6046,-9.2997,-5.6309,-0.1173,-0.7373,4.302,2.4967,3.5432,2.7949
3.4019,0.4307,2.1819,-1.3226,2.0311,-0.5765,1.1312,-1.6057,-9.2941,-5.5778,-0.0521,-0.7222,4.3288,2.4995,3.5983,2.8107
3.4019,0.4307,2.1819,-1.3226,2.0311,-0.5765,1.1312,-1.6057,-9.2941,-5.5778,-0.0521,-0.7222,4.3288,2.4995,3.5983,2.8107
3.4436,0.4335,2.2093,-1.3208,2.0776,-0.5721,1.185,-1.6069,-9.2378,-5.5977,0.0008,-0.7146,4.3509,2.5008,3.6519,2.8169
3.4436,0.4335,2.2093,-1.3208,2.0776,-0.5721,1.185,-1.6069,-9.2378,-5.5977,0.0008,-0.7146,4.3509,2.5008,3.6519,2.8169
3.4736,0.4376,2.2368,-1.319,2.1023,-0.567,1.2237,-1.6117,-9.2067,-5.5811,0.0448,-0.7134,4.3653,2.5049,3.6836,2.831
3.4736,0.4376,2.2368,-1.319,2.1023,-0.567,1.2237,-1.6117,-9.2067,-5.5811,0.0448,-0.7134,4.3653,2.5049,3.6836,2.831
3.4945,0.4391,2.2583,-1.3189,2.1303,-0.5665,1.2625,-1.6164,-9.2067,-5.5811,0.0673,-0.7069,4.375,2.5076,3.7137,2.8355
3.4945,0.4391,2.2583,-1.3189,2.1303,-0.5665,1.2625,-1.6164,-9.2067,-5.5811,0.0673,-0.7069,4.375,2.5076,3.7137,2.8355
3.5036,0.4417,2.2703,-1.3155,2.1427,-0.5639,1.2931,-1.6094,-9.2378,-5.5977,0.0747,-0.7048,4.3875,2.5063,3.7311,2.8344
3.5036,0.4417,2.2703,-1.3155,2.1427,-0.5639,1.2931,-1.6094,-9.2378,-5.5977,0.0747,-0.7048,4.3875,2.5063,3.7311,2.8344
3.5063,0.4378,2.2763,-1.3138,2.1427,-0.5639,1.2931,-1.6094,-9.2632,-5.5611,0.0845,-0.7058,4.3951,2.5036,3.7486,2.8333
3.5063,0.4378,2.2763,-1.3138,2.1427,-0.5639,1.2931,-1.6094,-9.2632,-5.5611,0.0845,-0.7058,4.3951,2.5036,3.7486,2.8333
3.4899,0.4377,2.2668,-1.3104,2.1303,-0.5665,1.3013,-1.6213,-9.2632,-5.5611,0.0807,-0.7069,4.3999,2.5049,3.7549,2.8361
3.4899,0.4377,2.2668,-1.3104,2.1303,-0.5665,1.3013,-1.6213,-9.2632,-5.5611,0.0807,-0.7069,4.3999,2.5049,3.7549,2.8361
3.4899,0.4377,2.2668,-1.3104,2.1303,-0.5665,1.3013,-1.6213,-9.2632,-5.5611,0.0807,-0.7069,4.3999,2.5049,3.7549,2.8361
3.4763,0.4337,2.2668,-1.3104,2.1241,-0.5677,1.286,-1.6248,-9.2632,-5.5611,0.0732,-0.709,4.3971,2.509,3.7549,2.8361
3.4763,0.4337,2.2668,-1.3104,2.1241,-0.5677,1.286,-1.6248,-9.2632,-5.5611,0.0732,-0.709,4.3971,2.509,3.7549,2.8361
3.4763,0.4337,2.2668,-1.3104,2.1241,-0.5677,1.286,-1.6248,-9.2632,-5.5611,0.0732,-0.709,4.3971,2.509,3.7549,2.8361
3.4444,0.4244,2.2487,-1.3156,2.0993,-0.5729,1.2472,-1.62,-9.2378,-5.5977,0.047,-0.7166,4.402,2.5103,3.7265,2.8411
3.4444,0.4244,2.2487,-1.3156,2.0993,-0.5729,1.2472,-1.62,-9.2378,-5.5977,0.047,-0.7166,4.402,2.5103,3.7265,2.8411
3.4444,0.4244,2.2487,-1.3156,2.0993,-0.5729,1.2472,-1.62,-9.2378,-5.5977,0.047,-0.7166,4.402,2.5103,3.7265,2.8411
3.438,0.4179,2.2427,-1.3173,2.0931,-0.5742,1.2319,-1.6235,-9.2632,-5.5611,0.0357,-0.7198,4.4068,2.5117,3.7201,2.8383
3.438,0.4179,2.2427,-1.3173,2.0931,-0.5742,1.2319,-1.6235,-9.2632,-5.5611,0.0357,-0.7198,4.4068,2.5117,3.7201,2.8383
3.438,0.4179,2.2427,-1.3173,2.0931,-0.5742,1.2319,-1.6235,-9.2632,-5.5611,0.0357,-0.7198,4.4068,2.5117,3.7201,2.8383
3.4289,0.4153,2.2332,-1.3139,2.0901,-0.58,1.2084,-1.6152,-9.2378,-5.5977,0.026,-0.7187,4.404,2.5157,3.7027,2.8394
3.4289,0.4153,2.2332,-1.3139,2.0901,-0.58,1.2084,-1.6152,-9.2378,-5.5977,0.026,-0.7187,4.404,2.5157,3.7027,2.8394
3.4036,0.4125,2.2403,-1.3241,2.0777,-0.5826,1.2084,-1.6152,-9.2632,-5.5611,0.0074,-0.7241,4.406,2.5211,3.701,2.8299
3.4036,0.4125,2.2403,-1.3241,2.0777,-0.5826,1.2084,-1.6152,-9.2632,-5.5611,0.0074,-0.7241,4.406,2.5211,3.701,2.8299
3.39,0.4085,2.2248,-1.3224,2.0747,-0.5885,1.1932,-1.6187,-9.2067,-5.5811,-0.0001,-0.7262,4.4004,2.5293,3.6963,2.8366
3.39,0.4085,2.2248,-1.3224,2.0747,-0.5885,1.1932,-1.6187,-9.2067,-5.5811,-0.0001,-0.7262,4.4004,2.5293,3.6963,2.8366
3.3674,0.4019,2.2163,-1.3309,2.05,-0.5936,1.1627,-1.6258,-9.2378,-5.5977,-0.015,-0.7305,4.3956,2.5279,3.6883,2.8243
3.3674,0.4019,2.2163,-1.3309,2.05,-0.5936,1.1627,-1.6258,-9.2378,-5.5977,-0.015,-0.7305,4.3956,2.5279,3.6883,2.8243
3.3674,0.4019,2.2163,-1.3309,2.05,-0.5936,1.1627,-1.6258,-9.2378,-5.5977,-0.015,-0.7305,4.3956,2.5279,3.6883,2.8243
3.3565,0.3941,2.2009,-1.3293,2.0409,-0.6007,1.1557,-1.6411,-9.2632,-5.5611,-0.0262,-0.7337,4.4032,2.5252,3.6773,2.8281
3.3565,0.3941,2.2009,-1.3293,2.0409,-0.6007,1.1557,-1.6411,-9.2632,-5.5611,-0.0262,-0.7337,4.4032,2.5252,3.6773,2.8281
3.3565,0.3941,2.2009,-1.3293,2.0409,-0.6007,1.1557,-1.6411,-9.2632,-5.5611,-0.0262,-0.7337,4.4032,2.5252,3.6773,2.8281
3.3151,0.3912,2.183,-1.3344,2.0101,-0.6071,1.1254,-1.6481,-9.2941,-5.5778,-0.0597,-0.7434,4.3831,2.5293,3.6472,2.8236
3.3151,0.3912,2.183,-1.3344,2.0101,-0.6071,1.1254,-1.6481,-9.2941,-5.5778,-0.0597,-0.7434,4.3831,2.5293,3.6472,2.8236
3.3151,0.3912,2.183,-1.3344,2.0101,-0.6071,1.1254,-1.6481,-9.2941,-5.5778,-0.0597,-0.7434,4.3831,2.5293,3.6472,2.8236
3.2881,0.3833,2.1591,-1.3413,1.9793,-0.6135,1.0718,-1.6469,-9.2941,-5.5778,-0.0863,-0.7435,4.3811,2.5238,3.6345,2.818
3.2881,0.3833,2.1591,-1.3413,1.9793,-0.6135,1.0718,-1.6469,-9.2941,-5.5778,-0.0863,-0.7435,4.3811,2.5238,3.6345,2.818
3.2585,0.3792,2.1377,-1.3414,1.9517,-0.614,1.0416,-1.6539,-9.2688,-5.6143,-0.1145,-0.7478,4.3561,2.5265,3.6155,2.8096
3.229,0.3751,2.1199,-1.3465,1.9303,-0.6237,1.0196,-1.6727,-9.325,-5.5945,-0.1388,-0.7511,4.3513,2.5252,3.592,2.8079
3.1995,0.371,2.0986,-1.3466,1.8966,-0.6256,0.9896,-1.6797,-9.2688,-5.6143,-0.1595,-0.7533,4.3437,2.5279,3.5856,2.805
3.1995,0.371,2.0986,-1.3466,1.8966,-0.6256,0.9896,-1.6797,-9.2688,-5.6143,-0.1595,-0.7533,4.3437,2.5279,3.5856,2.805
3.1701,0.3669,2.0808,-1.3517,1.8661,-0.6319,0.9596,-1.6867,-9.2688,-5.6143,-0.1816,-0.7597,4.334,2.5251,3.5621,2.8033
3.1701,0.3669,2.0808,-1.3517,1.8661,-0.6319,0.9596,-1.6867,-9.2688,-5.6143,-0.1816,-0.7597,4.334,2.5251,3.5621,2.8033
3.1407,0.3628,2.0666,-1.3619,1.8418,-0.6371,0.9297,-1.6937,-9.325,-5.5945,-0.2058,-0.763,4.3244,2.5224,3.5386,2.8016
3.1407,0.3628,2.0666,-1.3619,1.8418,-0.6371,0.9297,-1.6937,-9.325,-5.5945,-0.2058,-0.763,4.3244,2.5224,3.5386,2.8016
3.1407,0.3628,2.0666,-1.3619,1.8418,-0.6371,0.9297,-1.6937,-9.325,-5.5945,-0.2058,-0.763,4.3244,2.5224,3.5386,2.8016
3.1158,0.36,2.0488,-1.367,1.8236,-0.6409,0.8998,-1.7007,-9.2997,-5.6309,-0.2279,-0.7694,4.312,2.5238,3.5151,2.7998
3.1158,0.36,2.0488,-1.367,1.8236,-0.6409,0.8998,-1.7007,-9.2997,-5.6309,-0.2279,-0.7694,4.312,2.5238,3.5151,2.7998
3.1158,0.36,2.037,-1.3705,1.8328,-0.6441,0.8998,-1.7007,-9.325,-5.5945,-0.2389,-0.7726,4.3148,2.5197,3.5026,2.7942
3.1158,0.36,2.037,-1.3705,1.8328,-0.6441,0.8998,-1.7007,-9.325,-5.5945,-0.2389,-0.7726,4.3148,2.5197,3.5026,2.7942
3.1496,0.3654,2.0429,-1.3688,1.8693,-0.6365,0.9067,-1.6856,-9.325,-5.5945,-0.2257,-0.7725,4.3196,2.5211,3.5026,2.7942
3.1496,0.3654,2.0429,-1.3688,1.8693,-0.6365,0.9067,-1.6856,-9.325,-5.5945,-0.2257,-0.7725,4.3196,2.5211,3.5026,2.7942
3.2129,0.375,2.0701,-1.367,1.9364,-0.6224,0.9665,-1.6715,-9.325,-5.5945,-0.1794,-0.7629,4.334,2.5251,3.5105,2.8065
3.2881,0.3833,2.0997,-1.3584,1.9946,-0.6051,1.0416,-1.6539,-9.2941,-5.5778,-0.1123,-0.751,4.3714,2.5211,3.5575,2.81
3.2881,0.3833,2.0997,-1.3584,1.9946,-0.6051,1.0416,-1.6539,-9.2941,-5.5778,-0.1123,-0.751,4.3714,2.5211,3.5575,2.81
3.2881,0.3833,2.0997,-1.3584,1.9946,-0.6051,1.0416,-1.6539,-9.2941,-5.5778,-0.1123,-0.751,4.3714,2.5211,3.5575,2.81
3.3592,0.3902,2.1329,-1.3549,2.0656,-0.5956,1.1254,-1.6481,-9.2067,-5.5811,-0.0337,-0.7359,4.3984,2.5239,3.6172,2.8191
3.3592,0.3902,2.1329,-1.3549,2.0656,-0.5956,1.1254,-1.6481,-9.2067,-5.5811,-0.0337,-0.7359,4.3984,2.5239,3.6172,2.8191
3.4215,0.3945,2.1661,-1.3514,2.1244,-0.5887,1.1861,-1.634,-9.1501,-5.601,0.0342,-0.724,4.4177,2.5293,3.6616,2.8387
3.4606,0.4011,2.1935,-1.3496,2.1585,-0.5764,1.2319,-1.6235,-9.1188,-5.5844,0.0911,-0.7154,4.4399,2.5306,3.7154,2.845
3.4606,0.4011,2.1935,-1.3496,2.1585,-0.5764,1.2319,-1.6235,-9.1188,-5.5844,0.0911,-0.7154,4.4399,2.5306,3.7154,2.845
3.5005,0.3988,2.2149,-1.3495,2.2023,-0.578,1.2625,-1.6164,-9.0875,-5.5677,0.1347,-0.7068,4.4622,2.532,3.7695,2.8513
3.5005,0.3988,2.2149,-1.3495,2.2023,-0.578,1.2625,-1.6164,-9.0875,-5.5677,0.1347,-0.7068,4.4622,2.532,3.7695,2.8513
3.5005,0.3988,2.2149,-1.3495,2.2023,-0.578,1.2625,-1.6164,-9.0875,-5.5677,0.1347,-0.7068,4.4622,2.532,3.7695,2.8513
3.5188,0.404,2.2364,-1.3495,2.221,-0.5742,1.2931,-1.6094,-9.1131,-5.5308,0.1655,-0.7056,4.4691,2.5388,3.7998,2.8558
3.5188,0.404,2.2364,-1.3495,2.221,-0.5742,1.2931,-1.6094,-9.1131,-5.5308,0.1655,-0.7056,4.4691,2.5388,3.7998,2.8558
3.5379,0.4002,2.2519,-1.3511,2.243,-0.575,1.3085,-1.6059,-9.1955,-5.4738,0.1866,-0.7035,4.4865,2.5388,3.8301,2.8604
3.5379,0.4002,2.2519,-1.3511,2.243,-0.575,1.3085,-1.6059,-9.1955,-5.4738,0.1866,-0.7035,4.4865,2.5388,3.8301,2.8604
3.5379,0.4002,2.2579,-1.3494,2.243,-0.575,1.2849,-1.5976,-9.1387,-5.4939,0.1942,-0.7013,4.4962,2.5415,3.843,2.866
3.5379,0.4002,2.2579,-1.3494,2.243,-0.575,1.2849,-1.5976,-9.1387,-5.4939,0.1942,-0.7013,4.4962,2.5415,3.843,2.866
3.5288,0.3976,2.2579,-1.3494,2.2367,-0.5762,1.2931,-1.6094,-9.1699,-5.5108,0.1926,-0.7056,4.4962,2.5415,3.8541,2.8621
3.5288,0.3976,2.2579,-1.3494,2.2367,-0.5762,1.2931,-1.6094,-9.1699,-5.5108,0.1926,-0.7056,4.4962,2.5415,3.8541,2.8621
3.5288,0.3976,2.2579,-1.3494,2.2367,-0.5762,1.2931,-1.6094,-9.1699,-5.5108,0.1926,-0.7056,4.4962,2.5415,3.8541,2.8621
3.5124,0.3975,2.2484,-1.3461,2.2242,-0.5788,1.2931,-1.6094,-9.1444,-5.5476,0.1873,-0.7109,4.5039,2.5388,3.8541,2.8621
3.5124,0.3975,2.2484,-1.3461,2.2242,-0.5788,1.2931,-1.6094,-9.1444,-5.5476,0.1873,-0.7109,4.5039,2.5388,3.8541,2.8621
3.5124,0.3975,2.2484,-1.3461,2.2242,-0.5788,1.2931,-1.6094,-9.1444,-5.5476,0.1873,-0.7109,4.5039,2.5388,3.8541,2.8621
3.4823,0.3935,2.2459,-1.3528,2.2087,-0.5872,1.2942,-1.6366,-9.1444,-5.5476,0.1608,-0.7184,4.506,2.5442,3.8524,2.8525
3.4823,0.3935,2.2459,-1.3528,2.2087,-0.5872,1.2942,-1.6366,-9.1444,-5.5476,0.1608,-0.7184,4.506,2.5442,3.8524,2.8525
3.4823,0.3935,2.2459,-1.3528,2.2087,-0.5872,1.2942,-1.6366,-9.1444,-5.5476,0.1608,-0.7184,4.506,2.5442,3.8524,2.8525
3.4641,0.3882,2.2304,-1.3512,2.2056,-0.5931,1.2707,-1.6283,-9.1756,-5.5644,0.1473,-0.7184,4.506,2.5442,3.8506,2.843
3.4668,0.3843,2.2304,-1.3512,2.1962,-0.5897,1.2942,-1.6366,-9.1756,-5.5644,0.1397,-0.7206,4.5031,2.5483,3.8442,2.8401
3.4604,0.3778,2.2149,-1.3495,2.1932,-0.5956,1.2707,-1.6283,-9.1756,-5.5644,0.1344,-0.7259,4.5003,2.5524,3.8266,2.8413
3.4604,0.3778,2.2149,-1.3495,2.1932,-0.5956,1.2707,-1.6283,-9.1756,-5.5644,0.1344,-0.7259,4.5003,2.5524,3.8266,2.8413
3.4395,0.3764,2.203,-1.353,2.1745,-0.5994,1.2635,-1.6436,-9.1756,-5.5644,0.1209,-0.7259,4.5003,2.5524,3.8155,2.8452
3.4395,0.3764,2.203,-1.353,2.1745,-0.5994,1.2635,-1.6436,-9.1756,-5.5644,0.1209,-0.7259,4.5003,2.5524,3.8155,2.8452
3.4395,0.3764,2.203,-1.353,2.1745,-0.5994,1.2635,-1.6436,-9.1756,-5.5644,0.1209,-0.7259,4.5003,2.5524,3.8155,2.8452
3.4259,0.3725,2.197,-1.3547,2.1588,-0.5974,1.2248,-1.6388,-9.1756,-5.5644,0.1156,-0.7312,4.5003,2.5524,3.8091,2.8424
3.4259,0.3725,2.197,-1.3547,2.1588,-0.5974,1.2248,-1.6388,-9.1756,-5.5644,0.1156,-0.7312,4.5003,2.5524,3.8091,2.8424
3.4259,0.3725,2.197,-1.3547,2.1588,-0.5974,1.2248,-1.6388,-9.1756,-5.5644,0.1156,-0.7312,4.5003,2.5524,3.8091,2.8424
3.4123,0.3685,2.185,-1.3581,2.1402,-0.6012,1.2177,-1.6541,-9.1501,-5.601,0.0983,-0.7323,4.5003,2.5524,3.7916,2.8435
3.4123,0.3685,2.185,-1.3581,2.1402,-0.6012,1.2177,-1.6541,-9.1501,-5.601,0.0983,-0.7323,4.5003,2.5524,3.7916,2.8435
3.3617,0.3631,2.1612,-1.3649,2.1062,-0.6134,1.1639,-1.6528,-9.1501,-5.601,0.072,-0.7398,4.5003,2.5524,3.7677,2.8418
3.3617,0.3631,2.1612,-1.3649,2.1062,-0.6134,1.1639,-1.6528,-9.1501,-5.601,0.072,-0.7398,4.5003,2.5524,3.7677,2.8418
3.3365,0.3603,2.1493,-1.3683,2.0908,-0.6218,1.1254,-1.6481,-9.1501,-5.601,0.0452,-0.7399,4.4926,2.5551,3.7549,2.8361
3.3365,0.3603,2.1493,-1.3683,2.0908,-0.6218,1.1254,-1.6481,-9.1501,-5.601,0.0452,-0.7399,4.4926,2.5551,3.7549,2.8361
3.3068,0.3563,2.1374,-1.3717,2.0723,-0.6256,1.0951,-1.6551,-9.1501,-5.601,0.0265,-0.7452,4.4772,2.5605,3.7422,2.8305
3.3068,0.3563,2.1374,-1.3717,2.0723,-0.6256,1.0951,-1.6551,-9.1501,-5.601,0.0265,-0.7452,4.4772,2.5605,3.7422,2.8305
3.287,0.3459,2.1196,-1.3768,2.0476,-0.6307,1.0648,-1.6621,-9.2067,-5.5811,0.0078,-0.7505,4.4723,2.5592,3.7137,2.8355
3.287,0.3459,2.1196,-1.3768,2.0476,-0.6307,1.0648,-1.6621,-9.2067,-5.5811,0.0078,-0.7505,4.4723,2.5592,3.7137,2.8355
3.2574,0.3418,2.1018,-1.382,2.0229,-0.6358,1.0428,-1.6808,-9.2067,-5.5811,-0.0168,-0.7538,4.4626,2.5565,3.701,2.8299
3.2574,0.3418,2.1018,-1.382,2.0229,-0.6358,1.0428,-1.6808,-9.2067,-5.5811,-0.0168,-0.7538,4.4626,2.5565,3.701,2.8299
3.2574,0.3418,2.1018,-1.382,2.0229,-0.6358,1.0428,-1.6808,-9.2067,-5.5811,-0.0168,-0.7538,4.4626,2.5565,3.701,2.8299
3.2306,0.3339,2.0805,-1.382,1.989,-0.6376,1.0046,-1.6762,-9.2378,-5.5977,-0.0391,-0.7602,4.4529,2.5537,3.6709,2.8253
3.2306,0.3339,2.0805,-1.382,1.989,-0.6376,1.0046,-1.6762,-9.2378,-5.5977,-0.0391,-0.7602,4.4529,2.5537,3.6709,2.8253
3.1966,0.3286,2.0475,-1.3855,1.9615,-0.6485,0.9596,-1.6867,-9.2941,-5.5778,-0.0614,-0.7666,4.4432,2.551,3.6519,2.8169
3.1966,0.3286,2.0475,-1.3855,1.9615,-0.6485,0.9596,-1.6867,-9.2941,-5.5778,-0.0614,-0.7666,4.4432,2.551,3.6519,2.8169
3.1815,0.3195,2.0357,-1.3889,1.9339,-0.649,0.9677,-1.6983,-9.2941,-5.5778,-0.0896,-0.7709,4.4258,2.551,3.6392,2.8113
3.1815,0.3195,2.0357,-1.3889,1.9339,-0.649,0.9677,-1.6983,-9.2941,-5.5778,-0.0896,-0.7709,4.4258,2.551,3.6392,2.8113
3.1521,0.3154,2.0121,-1.3958,1.9126,-0.6586,0.9458,-1.717,-9.3503,-5.558,-0.1118,-0.7773,4.4161,2.5483,3.6155,2.8096
3.1521,0.3154,2.0121,-1.3958,1.9126,-0.6586,0.9458,-1.717,-9.3503,-5.558,-0.1118,-0.7773,4.4161,2.5483,3.6155,2.8096
3.137,0.3064,1.9944,-1.4009,1.885,-0.6592,0.9159,-1.7239,-9.3195,-5.5412,-0.1325,-0.7794,4.4113,2.5469,3.5983,2.8107
3.1281,0.3038,1.9768,-1.406,1.8789,-0.6605,0.8781,-1.7193,-9.3811,-5.5747,-0.1509,-0.7848,4.3939,2.5469,3.573,2.7994
3.1281,0.3038,1.9768,-1.406,1.8789,-0.6605,0.8781,-1.7193,-9.3811,-5.5747,-0.1509,-0.7848,4.3939,2.5469,3.573,2.7994
3.1281,0.3038,1.9768,-1.406,1.8789,-0.6605,0.8781,-1.7193,-9.3811,-5.5747,-0.1509,-0.7848,4.3939,2.5469,3.573,2.7994
3.1619,0.3091,1.9861,-1.4093,1.9155,-0.6528,0.9309,-1.7204,-9.2997,-5.6309,-0.1531,-0.7816,4.3939,2.5469,3.5621,2.8033
3.1619,0.3091,1.9861,-1.4093,1.9155,-0.6528,0.9309,-1.7204,-9.2997,-5.6309,-0.1531,-0.7816,4.3939,2.5469,3.5621,2.8033
3.2135,0.3197,2.0038,-1.4042,1.9706,-0.6414,0.9677,-1.6983,-9.2941,-5.5778,-0.114,-0.7741,4.4161,2.5483,3.5856,2.805
3.2135,0.3197,2.0038,-1.4042,1.9706,-0.6414,0.9677,-1.6983,-9.2941,-5.5778,-0.114,-0.7741,4.4161,2.5483,3.5856,2.805
3.2815,0.3304,2.0273,-1.3974,2.0414,-0.632,1.0277,-1.6843,-9.2688,-5.6143,-0.0481,-0.7665,4.4307,2.5524,3.6155,2.8096
3.2815,0.3304,2.0273,-1.3974,2.0414,-0.632,1.0277,-1.6843,-9.2688,-5.6143,-0.0481,-0.7665,4.4307,2.5524,3.6155,2.8096
3.3498,0.3411,2.0603,-1.3939,2.1032,-0.6193,1.1113,-1.6785,-9.1501,-5.601,0.033,-0.7547,4.4626,2.5565,3.6819,2.8215
3.4022,0.3517,2.0969,-1.3954,2.159,-0.6078,1.1487,-1.6563,-9.1501,-5.601,0.1109,-0.7439,4.4849,2.5578,3.7358,2.8277
3.4022,0.3517,2.0969,-1.3954,2.159,-0.6078,1.1487,-1.6563,-9.1501,-5.601,0.1109,-0.7439,4.4849,2.5578,3.7358,2.8277
3.4022,0.3517,2.0969,-1.3954,2.159,-0.6078,1.1487,-1.6563,-9.1501,-5.601,0.1109,-0.7439,4.4849,2.5578,3.7358,2.8277
3.4529,0.3571,2.1335,-1.397,2.1963,-0.6002,1.2177,-1.6541,-9.0875,-5.5677,0.1696,-0.7311,4.5121,2.5606,3.798,2.8463
3.4529,0.3571,2.1335,-1.397,2.1963,-0.6002,1.2177,-1.6541,-9.0875,-5.5677,0.1696,-0.7311,4.5121,2.5606,3.798,2.8463
3.4974,0.356,2.1514,-1.3919,2.237,-0.5972,1.2482,-1.6471,-9.0561,-5.551,0.2157,-0.7258,4.5267,2.5646,3.8524,2.8525
3.4974,0.356,2.1514,-1.3919,2.237,-0.5972,1.2482,-1.6471,-9.0561,-5.551,0.2157,-0.7258,4.5267,2.5646,3.8524,2.8525
3.5202,0.3625,2.1692,-1.3868,2.2652,-0.5967,1.2789,-1.6401,-9.0561,-5.551,0.2444,-0.7215,4.5365,2.5674,3.8893,2.8598
3.5202,0.3625,2.1692,-1.3868,2.2652,-0.5967,1.2789,-1.6401,-9.0561,-5.551,0.2444,-0.7215,4.5365,2.5674,3.8893,2.8598
3.5202,0.3625,2.1692,-1.3868,2.2652,-0.5967,1.2789,-1.6401,-9.0561,-5.551,0.2444,-0.7215,4.5365,2.5674,3.8893,2.8598
3.5339,0.3665,2.1847,-1.3884,2.2872,-0.5975,1.2942,-1.6366,-8.9989,-5.5712,0.2695,-0.7183,4.554,2.5674,3.9199,2.8644
3.5339,0.3665,2.1847,-1.3884,2.2872,-0.5975,1.2942,-1.6366,-8.9989,-5.5712,0.2695,-0.7183,4.554,2.5674,3.9199,2.8644
3.5339,0.3665,2.1847,-1.3884,2.2872,-0.5975,1.2942,-1.6366,-8.9989,-5.5712,0.2695,-0.7183,4.554,2.5674,3.9199,2.8644
3.5484,0.3613,2.1966,-1.385,2.2967,-0.6009,1.3095,-1.6331,-9.0817,-5.514,0.2929,-0.7193,4.5687,2.5714,3.957,2.8717
3.5484,0.3613,2.1966,-1.385,2.2967,-0.6009,1.3095,-1.6331,-9.0817,-5.514,0.2929,-0.7193,4.5687,2.5714,3.957,2.8717
3.5347,0.3574,2.1906,-1.3867,2.2904,-0.6022,1.3095,-1.6331,-9.0817,-5.514,0.2891,-0.7204,4.5659,2.5755,3.957,2.8717
3.5347,0.3574,2.1906,-1.3867,2.2904,-0.6022,1.3095,-1.6331,-9.0817,-5.514,0.2891,-0.7204,4.5659,2.5755,3.957,2.8717
3.521,0.3535,2.1941,-1.3918,2.2779,-0.6047,1.3177,-1.6449,-9.0817,-5.514,0.2777,-0.7236,4.5659,2.5755,3.9505,2.8689
3.521,0.3535,2.1941,-1.3918,2.2779,-0.6047,1.3177,-1.6449,-9.0817,-5.514,0.2777,-0.7236,4.5659,2.5755,3.9505,2.8689
3.521,0.3535,2.1941,-1.3918,2.2779,-0.6047,1.3177,-1.6449,-9.0817,-5.514,0.2777,-0.7236,4.5659,2.5755,3.9505,2.8689
3.4909,0.3495,2.1822,-1.3952,2.2528,-0.6097,1.2789,-1.6401,-8.9989,-5.5712,0.2511,-0.731,4.5708,2.5769,3.9375,2.8632
3.4909,0.3495,2.1822,-1.3952,2.2528,-0.6097,1.2789,-1.6401,-8.9989,-5.5712,0.2511,-0.731,4.5708,2.5769,3.9375,2.8632
3.4773,0.3455,2.1762,-1.3969,2.2498,-0.6156,1.2717,-1.6554,-8.9989,-5.5712,0.2397,-0.7342,4.5679,2.581,3.931,2.8604
3.4773,0.3455,2.1762,-1.3969,2.2498,-0.6156,1.2717,-1.6554,-8.9989,-5.5712,0.2397,-0.7342,4.5679,2.581,3.931,2.8604
3.4773,0.3455,2.1762,-1.3969,2.2498,-0.6156,1.2717,-1.6554,-8.9989,-5.5712,0.2397,-0.7342,4.5679,2.581,3.931,2.8604
3.4609,0.3455,2.1703,-1.3986,2.2373,-0.6181,1.2799,-1.6672,-8.9989,-5.5712,0.2283,-0.7374,4.5651,2.5851,3.9134,2.8615
3.4609,0.3455,2.1703,-1.3986,2.2373,-0.6181,1.2799,-1.6672,-8.9989,-5.5712,0.2283,-0.7374,4.5651,2.5851,3.9134,2.8615
3.4609,0.3455,2.1703,-1.3986,2.2373,-0.6181,1.2799,-1.6672,-8.9989,-5.5712,0.2283,-0.7374,4.5651,2.5851,3.9134,2.8615
3.4356,0.3428,2.1583,-1.4019,2.2279,-0.6253,1.2411,-1.6624,-9.0561,-5.551,0.2147,-0.7374,4.57,2.5865,3.9069,2.8587
3.4265,0.3402,2.1489,-1.3986,2.2217,-0.6265,1.2493,-1.6741,-9.0561,-5.551,0.2071,-0.7396,4.5728,2.5824,3.894,2.8531
3.4265,0.3402,2.1489,-1.3986,2.2217,-0.6265,1.2493,-1.6741,-9.0561,-5.551,0.2071,-0.7396,4.5728,2.5824,3.894,2.8531
3.4057,0.3388,2.1465,-1.4053,2.203,-0.6303,1.234,-1.6776,-9.0561,-5.551,0.1958,-0.7428,4.57,2.5865,3.8829,2.857
3.4057,0.3388,2.1465,-1.4053,2.203,-0.6303,1.234,-1.6776,-9.0561,-5.551,0.1958,-0.7428,4.57,2.5865,3.8829,2.857
3.3948,0.331,2.1311,-1.4037,2.1843,-0.6341,1.2035,-1.6846,-9.0561,-5.551,0.1784,-0.7438,4.57,2.5865,3.8653,2.8581
3.3948,0.331,2.1311,-1.4037,2.1843,-0.6341,1.2035,-1.6846,-9.0561,-5.551,0.1784,-0.7438,4.57,2.5865,3.8653,2.8581
3.3695,0.3283,2.1098,-1.4038,2.1656,-0.6379,1.1964,-1.6998,-9.0561,-5.551,0.1633,-0.7481,4.5651,2.5851,3.8524,2.8525
3.3695,0.3283,2.1098,-1.4038,2.1656,-0.6379,1.1964,-1.6998,-9.0561,-5.551,0.1633,-0.7481,4.5651,2.5851,3.8524,2.8525
3.3695,0.3283,2.1098,-1.4038,2.1656,-0.6379,1.1964,-1.6998,-9.0561,-5.551,0.1633,-0.7481,4.5651,2.5851,3.8524,2.8525
3.347,0.3218,2.0979,-1.4072,2.1408,-0.6429,1.1579,-1.695,-9.0875,-5.5677,0.1407,-0.7545,4.5524,2.5865,3.8284,2.8508
3.3245,0.3152,2.0767,-1.4072,2.1222,-0.6467,1.1194,-1.6903,-9.0875,-5.5677,0.1197,-0.7566,4.5504,2.581,3.8155,2.8452
3.3245,0.3152,2.0767,-1.4072,2.1222,-0.6467,1.1194,-1.6903,-9.0875,-5.5677,0.1197,-0.7566,4.5504,2.581,3.8155,2.8452
3.302,0.3087,2.0589,-1.4123,2.0974,-0.6518,1.1124,-1.7054,-9.1444,-5.5476,0.0949,-0.7598,4.5378,2.5824,3.7916,2.8435
3.302,0.3087,2.0589,-1.4123,2.0974,-0.6518,1.1124,-1.7054,-9.1444,-5.5476,0.0949,-0.7598,4.5378,2.5824,3.7916,2.8435
3.2724,0.3047,2.0506,-1.4207,2.0727,-0.6568,1.0822,-1.7124,-9.1501,-5.601,0.0687,-0.7673,4.528,2.5796,3.7724,2.835
3.2724,0.3047,2.0506,-1.4207,2.0727,-0.6568,1.0822,-1.7124,-9.1501,-5.601,0.0687,-0.7673,4.528,2.5796,3.7724,2.835
3.25,0.2982,2.0294,-1.4208,2.0387,-0.6586,1.052,-1.7193,-9.1756,-5.5644,0.0499,-0.7726,4.5203,2.5824,3.7549,2.8361
3.25,0.2982,2.0294,-1.4208,2.0387,-0.6586,1.052,-1.7193,-9.1756,-5.5644,0.0499,-0.7726,4.5203,2.5824,3.7549,2.8361
3.2276,0.2916,2.0118,-1.4259,2.0048,-0.6603,1.045,-1.7345,-9.2067,-5.5811,0.0216,-0.7768,4.5056,2.5783,3.7294,2.8249
3.2276,0.2916,2.0118,-1.4259,2.0048,-0.6603,1.045,-1.7345,-9.2067,-5.5811,0.0216,-0.7768,4.5056,2.5783,3.7294,2.8249
3.1937,0.2863,1.9976,-1.4359,1.9773,-0.6712,0.9999,-1.7449,-9.1756,-5.5644,0.0029,-0.7821,4.4902,2.5837,3.7166,2.8193
3.1937,0.2863,1.9976,-1.4359,1.9773,-0.6712,0.9999,-1.7449,-9.1756,-5.5644,0.0029,-0.7821,4.4902,2.5837,3.7166,2.8193
3.1599,0.281,1.9706,-1.4377,1.9467,-0.6775,0.97,-1.7518,-9.2067,-5.5811,-0.0254,-0.7864,4.4805,2.581,3.6975,2.8109
3.1599,0.281,1.9706,-1.4377,1.9467,-0.6775,0.97,-1.7518,-9.2067,-5.5811,-0.0254,-0.7864,4.4805,2.581,3.6975,2.8109
3.128,0.2808,1.9495,-1.4378,1.9222,-0.6826,0.932,-1.7471,-9.2067,-5.5811,-0.0477,-0.7928,4.463,2.581,3.6628,2.813
3.128,0.2808,1.9495,-1.4378,1.9222,-0.6826,0.932,-1.7471,-9.2067,-5.5811,-0.0477,-0.7928,4.463,2.581,3.6628,2.813
3.0988,0.2768,1.9261,-1.4446,1.8886,-0.6844,0.9022,-1.7541,-9.2378,-5.5977,-0.0759,-0.7971,4.4533,2.5782,3.6548,2.8008
3.0988,0.2768,1.9261,-1.4446,1.8886,-0.6844,0.9022,-1.7541,-9.2378,-5.5977,-0.0759,-0.7971,4.4533,2.5782,3.6548,2.8008
3.0988,0.2768,1.9261,-1.4446,1.8886,-0.6844,0.9022,-1.7541,-9.2378,-5.5977,-0.0759,-0.7971,4.4533,2.5782,3.6548,2.8008
3.074,0.274,1.9027,-1.4514,1.8703,-0.6882,0.8495,-1.7529,-9.2632,-5.5611,-0.1003,-0.8003,4.4436,2.5755,3.6311,2.799
3.0829,0.2766,1.8969,-1.453,1.8948,-0.6934,0.8495,-1.7529,-9.2632,-5.5611,-0.1114,-0.8035,4.4359,2.5782,3.6185,2.7935
3.128,0.2808,1.9027,-1.4514,1.9376,-0.6846,0.9022,-1.7541,-9.2067,-5.5811,-0.0907,-0.8013,4.4436,2.5755,3.6138,2.8001
3.128,0.2808,1.9027,-1.4514,1.9376,-0.6846,0.9022,-1.7541,-9.2067,-5.5811,-0.0907,-0.8013,4.4436,2.5755,3.6138,2.8001
3.128,0.2808,1.9027,-1.4514,1.9376,-0.6846,0.9022,-1.7541,-9.2067,-5.5811,-0.0907,-0.8013,4.4436,2.5755,3.6138,2.8001
3.1911,0.2902,1.9296,-1.4496,1.9988,-0.672,0.9619,-1.7402,-9.2322,-5.5444,-0.0403,-0.7907,4.4582,2.5796,3.6375,2.8018
3.1911,0.2902,1.9296,-1.4496,1.9988,-0.672,0.9619,-1.7402,-9.2322,-5.5444,-0.0403,-0.7907,4.4582,2.5796,3.6375,2.8018
3.275,0.3009,1.9682,-1.4444,2.0572,-0.6548,1.0369,-1.7228,-9.1756,-5.5644,0.0372,-0.78,4.4882,2.5783,3.6912,2.8081
3.275,0.3009,1.9682,-1.4444,2.0572,-0.6548,1.0369,-1.7228,-9.1756,-5.5644,0.0372,-0.78,4.4882,2.5783,3.6912,2.8081
3.275,0.3009,1.9682,-1.4444,2.0572,-0.6548,1.0369,-1.7228,-9.1756,-5.5644,0.0372,-0.78,4.4882,2.5783,3.6912,2.8081
3.3433,0.3115,2.0163,-1.4426,2.1346,-0.6442,1.1276,-1.702,-9.2011,-5.5276,0.1106,-0.763,4.5077,2.5837,3.7625,2.8132
3.3433,0.3115,2.0163,-1.4426,2.1346,-0.6442,1.1276,-1.702,-9.2011,-5.5276,0.1106,-0.763,4.5077,2.5837,3.7625,2.8132
3.3433,0.3115,2.0163,-1.4426,2.1346,-0.6442,1.1276,-1.702,-9.2011,-5.5276,0.1106,-0.763,4.5077,2.5837,3.7625,2.8132
3.3433,0.3115,2.0163,-1.4426,2.1346,-0.6442,1.1276,-1.702,-9.2011,-5.5276,0.1106,-0.763,4.5077,2.5837,3.7625,2.8132
3.4444,0.3222,2.0669,-1.434,2.2217,-0.6265,1.2188,-1.6811,-9.1387,-5.4939,0.2327,-0.7438,4.5447,2.5892,3.8728,2.8351
3.4444,0.3222,2.0669,-1.434,2.2217,-0.6265,1.2188,-1.6811,-9.1387,-5.4939,0.2327,-0.7438,4.5447,2.5892,3.8728,2.8351
3.4444,0.3222,2.0669,-1.434,2.2217,-0.6265,1.2188,-1.6811,-9.1387,-5.4939,0.2327,-0.7438,4.5447,2.5892,3.8728,2.8351
3.5025,0.325,2.1094,-1.4339,2.2749,-0.621,1.2881,-1.6789,-9.1131,-5.5308,0.3002,-0.7364,4.57,2.5865,3.9581,2.8458
3.5025,0.325,2.1094,-1.4339,2.2749,-0.621,1.2881,-1.6789,-9.1131,-5.5308,0.3002,-0.7364,4.57,2.5865,3.9581,2.8458
3.5116,0.3276,2.1247,-1.4356,2.2874,-0.6185,1.3034,-1.6755,-9.0817,-5.514,0.3231,-0.73,4.5847,2.5906,3.9953,2.853
3.5143,0.3237,2.1307,-1.4339,2.2906,-0.6231,1.3034,-1.6755,-9.0817,-5.514,0.3307,-0.7279,4.5973,2.5892,4.0195,2.8547
3.5143,0.3237,2.1307,-1.4339,2.2906,-0.6231,1.3034,-1.6755,-9.0817,-5.514,0.3307,-0.7279,4.5973,2.5892,4.0195,2.8547
3.4979,0.3237,2.1247,-1.4356,2.2844,-0.6244,1.2881,-1.6789,-9.0817,-5.514,0.3247,-0.7257,4.6051,2.5865,4.026,2.8575
3.4979,0.3237,2.1247,-1.4356,2.2844,-0.6244,1.2881,-1.6789,-9.0817,-5.514,0.3247,-0.7257,4.6051,2.5865,4.026,2.8575
3.477,0.3223,2.1247,-1.4356,2.2718,-0.6269,1.2881,-1.6789,-9.1131,-5.5308,0.3132,-0.7289,4.5973,2.5892,4.0195,2.8547
3.477,0.3223,2.1247,-1.4356,2.2718,-0.6269,1.2881,-1.6789,-9.1131,-5.5308,0.3132,-0.7289,4.5973,2.5892,4.0195,2.8547
3.477,0.3223,2.1247,-1.4356,2.2718,-0.6269,1.2881,-1.6789,-9.1131,-5.5308,0.3132,-0.7289,4.5973,2.5892,4.0195,2.8547
3.4634,0.3184,2.1188,-1.4372,2.272,-0.6373,1.2728,-1.6824,-9.1387,-5.4939,0.3018,-0.7321,4.6051,2.5865,4.0083,2.8587
3.4634,0.3184,2.1188,-1.4372,2.272,-0.6373,1.2728,-1.6824,-9.1387,-5.4939,0.3018,-0.7321,4.6051,2.5865,4.0083,2.8587
3.4634,0.3184,2.1188,-1.4372,2.272,-0.6373,1.2728,-1.6824,-9.1387,-5.4939,0.3018,-0.7321,4.6051,2.5865,4.0083,2.8587
3.4497,0.3145,2.1129,-1.4389,2.2594,-0.6399,1.2493,-1.6741,-9.0561,-5.551,0.2865,-0.7364,4.6051,2.5865,3.9906,2.8598
3.4335,0.3144,2.0941,-1.4323,2.2469,-0.6424,1.2575,-1.6859,-9.0561,-5.551,0.2751,-0.7395,4.6022,2.5906,3.9728,2.861
3.4271,0.308,2.0881,-1.434,2.2439,-0.6482,1.234,-1.6776,-9.0561,-5.551,0.2659,-0.7459,4.5945,2.5933,3.9664,2.8581
3.4271,0.308,2.0881,-1.434,2.2439,-0.6482,1.234,-1.6776,-9.0561,-5.551,0.2659,-0.7459,4.5945,2.5933,3.9664,2.8581
3.4063,0.3066,2.0763,-1.4374,2.2251,-0.652,1.2269,-1.6928,-9.0561,-5.551,0.2583,-0.748,4.5945,2.5933,3.9534,2.8525
3.4063,0.3066,2.0763,-1.4374,2.2251,-0.652,1.2269,-1.6928,-9.0561,-5.551,0.2583,-0.748,4.5945,2.5933,3.9534,2.8525
3.4063,0.3066,2.0763,-1.4374,2.2251,-0.652,1.2269,-1.6928,-9.0561,-5.551,0.2583,-0.748,4.5945,2.5933,3.9534,2.8525
3.4063,0.3066,2.0763,-1.4374,2.2251,-0.652,1.2269,-1.6928,-9.0561,-5.551,0.2583,-0.748,4.5945,2.5933,3.9534,2.8525
3.3927,0.3027,2.061,-1.4357,2.2127,-0.6545,1.2117,-1.6963,-9.0561,-5.551,0.2529,-0.7533,4.5916,2.5974,3.9469,2.8497
3.3927,0.3027,2.061,-1.4357,2.2127,-0.6545,1.2117,-1.6963,-9.0561,-5.551,0.2529,-0.7533,4.5916,2.5974,3.9469,2.8497
3.3927,0.3027,2.061,-1.4357,2.2127,-0.6545,1.2117,-1.6963,-9.0561,-5.551,0.2529,-0.7533,4.5916,2.5974,3.9469,2.8497
3.3728,0.2924,2.0586,-1.4424,2.1783,-0.6562,1.2046,-1.7115,-9.1444,-5.5476,0.2204,-0.7586,4.5741,2.5974,3.9098,2.8424
3.3476,0.2897,2.0468,-1.4458,2.1597,-0.66,1.1741,-1.7184,-9.1444,-5.5476,0.197,-0.7576,4.5663,2.6001,3.8969,2.8368
3.3476,0.2897,2.0468,-1.4458,2.1597,-0.66,1.1741,-1.7184,-9.1444,-5.5476,0.197,-0.7576,4.5663,2.6001,3.8969,2.8368
3.3179,0.2857,2.0197,-1.4475,2.1349,-0.665,1.1519,-1.737,-9.1444,-5.5476,0.1781,-0.7629,4.5614,2.5988,3.8793,2.8379
3.3179,0.2857,2.0197,-1.4475,2.1349,-0.665,1.1519,-1.737,-9.1444,-5.5476,0.1781,-0.7629,4.5614,2.5988,3.8793,2.8379
3.3179,0.2857,2.0197,-1.4475,2.1349,-0.665,1.1519,-1.737,-9.1444,-5.5476,0.1781,-0.7629,4.5614,2.5988,3.8793,2.8379
3.3179,0.2857,2.0197,-1.4475,2.1349,-0.665,1.1519,-1.737,-9.1444,-5.5476,0.1781,-0.7629,4.5614,2.5988,3.8793,2.8379
3.2999,0.2805,2.0173,-1.4542,2.1069,-0.6655,1.1216,-1.7439,-9.1444,-5.5476,0.1533,-0.7661,4.5565,2.5974,3.8553,2.8362
3.2999,0.2805,2.0173,-1.4542,2.1069,-0.6655,1.1216,-1.7439,-9.1444,-5.5476,0.1533,-0.7661,4.5565,2.5974,3.8553,2.8362
3.2704,0.2765,1.9903,-1.456,2.0822,-0.6705,1.0832,-1.7392,-9.1756,-5.5644,0.1285,-0.7693,4.5545,2.5919,3.8313,2.8345
3.2498,0.2752,1.9751,-1.4544,2.0637,-0.6743,1.0682,-1.7426,-9.1188,-5.5844,0.1059,-0.7756,4.5419,2.5933,3.8184,2.8289
3.2274,0.2687,1.9634,-1.4578,2.039,-0.6793,1.0461,-1.7612,-9.1444,-5.5476,0.0849,-0.7778,4.537,2.5919,3.7945,2.8272
3.2274,0.2687,1.9634,-1.4578,2.039,-0.6793,1.0461,-1.7612,-9.1444,-5.5476,0.0849,-0.7778,4.537,2.5919,3.7945,2.8272
3.2051,0.2622,1.9458,-1.4628,2.0176,-0.6889,0.993,-1.7599,-9.1444,-5.5476,0.0624,-0.7841,4.5244,2.5933,3.7753,2.8188
3.2051,0.2622,1.9458,-1.4628,2.0176,-0.6889,0.993,-1.7599,-9.1444,-5.5476,0.0624,-0.7841,4.5244,2.5933,3.7753,2.8188
3.2051,0.2622,1.9458,-1.4628,2.0176,-0.6889,0.993,-1.7599,-9.1444,-5.5476,0.0624,-0.7841,4.5244,2.5933,3.7753,2.8188
3.1687,0.2607,1.9224,-1.4696,1.99,-0.6997,0.9481,-1.7703,-9.1188,-5.5844,0.0378,-0.7873,4.5146,2.5906,3.7515,2.8171
3.1687,0.2607,1.9224,-1.4696,1.99,-0.6997,0.9481,-1.7703,-9.1188,-5.5844,0.0378,-0.7873,4.5146,2.5906,3.7515,2.8171
3.1509,0.2555,1.9072,-1.468,1.9624,-0.7002,0.9331,-1.7737,-9.1756,-5.5644,0.0154,-0.7937,4.4971,2.5905,3.7277,2.8154
3.1509,0.2555,1.9072,-1.468,1.9624,-0.7002,0.9331,-1.7737,-9.1756,-5.5644,0.0154,-0.7937,4.4971,2.5905,3.7277,2.8154
3.1146,0.254,1.8746,-1.4714,1.9257,-0.7077,0.8884,-1.7841,-9.1501,-5.601,-0.0129,-0.798,4.4902,2.5837,3.7085,2.807
3.1146,0.254,1.8746,-1.4714,1.9257,-0.7077,0.8884,-1.7841,-9.1501,-5.601,-0.0129,-0.798,4.4902,2.5837,3.7085,2.807
3.0854,0.25,1.8572,-1.4765,1.8952,-0.714,0.8667,-1.8025,-9.2067,-5.5811,-0.0411,-0.8022,4.4728,2.5837,3.7004,2.7947
3.0607,0.2473,1.8363,-1.4766,1.8769,-0.7178,0.8518,-1.806,-9.2378,-5.5977,-0.0634,-0.8086,4.4582,2.5796,3.6704,2.7902
3.0607,0.2473,1.8363,-1.4766,1.8769,-0.7178,0.8518,-1.806,-9.2378,-5.5977,-0.0634,-0.8086,4.4582,2.5796,3.6704,2.7902
3.0607,0.2473,1.8363,-1.4766,1.8769,-0.7178,0.8518,-1.806,-9.2378,-5.5977,-0.0634,-0.8086,4.4582,2.5796,3.6704,2.7902
3.0316,0.2433,1.813,-1.4833,1.8342,-0.7163,0.8074,-1.8163,-9.2941,-5.5778,-0.0916,-0.8128,4.4408,2.5796,3.6513,2.7818
3.0316,0.2433,1.813,-1.4833,1.8342,-0.7163,0.8074,-1.8163,-9.2941,-5.5778,-0.0916,-0.8128,4.4408,2.5796,3.6513,2.7818
3.0316,0.2433,1.813,-1.4833,1.8342,-0.7163,0.8074,-1.8163,-9.2941,-5.5778,-0.0916,-0.8128,4.4408,2.5796,3.6513,2.7818
3.0272,0.242,1.8014,-1.4867,1.8311,-0.7118,0.7994,-1.8048,-9.2941,-5.5778,-0.1101,-0.8181,4.4311,2.5768,3.6277,2.7801
3.0519,0.2447,1.8049,-1.4916,1.8554,-0.7068,0.7914,-1.7933,-9.2941,-5.5778,-0.1138,-0.8192,4.4262,2.5755,3.6104,2.7812
3.0987,0.2539,1.813,-1.4833,1.9041,-0.6967,0.8358,-1.7829,-9.2632,-5.5611,-0.0894,-0.816,4.4359,2.5782,3.6168,2.784
3.0987,0.2539,1.813,-1.4833,1.9041,-0.6967,0.8358,-1.7829,-9.2632,-5.5611,-0.0894,-0.816,4.4359,2.5782,3.6168,2.784
3.0987,0.2539,1.813,-1.4833,1.9041,-0.6967,0.8358,-1.7829,-9.2632,-5.5611,-0.0894,-0.816,4.4359,2.5782,3.6168,2.784
3.1634,0.2683,1.849,-1.4848,1.9745,-0.6874,0.9182,-1.7772,-9.2632,-5.5611,-0.0315,-0.8032,4.4533,2.5782,3.6421,2.7952
3.1634,0.2683,1.849,-1.4848,1.9745,-0.6874,0.9182,-1.7772,-9.2632,-5.5611,-0.0315,-0.8032,4.4533,2.5782,3.6421,2.7952
3.2329,0.284,1.8873,-1.4797,2.0327,-0.6702,0.993,-1.7599,-9.2067,-5.5811,0.0571,-0.7894,4.4805,2.581,3.6958,2.8014
3.2329,0.284,1.8873,-1.4797,2.0327,-0.6702,0.993,-1.7599,-9.2067,-5.5811,0.0571,-0.7894,4.4805,2.581,3.6958,2.8014
3.2329,0.284,1.8873,-1.4797,2.0327,-0.6702,0.993,-1.7599,-9.2067,-5.5811,0.0571,-0.7894,4.4805,2.581,3.6958,2.8014
3.2965,0.2933,1.92,-1.4762,2.0914,-0.6634,1.0531,-1.7461,-9.1756,-5.5644,0.1329,-0.7756,4.5105,2.5796,3.7625,2.8132
3.2965,0.2933,1.92,-1.4762,2.0914,-0.6634,1.0531,-1.7461,-9.1756,-5.5644,0.1329,-0.7756,4.5105,2.5796,3.7625,2.8132
3.2965,0.2933,1.92,-1.4762,2.0914,-0.6634,1.0531,-1.7461,-9.1756,-5.5644,0.1329,-0.7756,4.5105,2.5796,3.7625,2.8132
3.3855,0.3053,1.9772,-1.4777,2.169,-0.6529,1.1367,-1.7405,-9.1131,-5.5308,0.2333,-0.7512,4.5427,2.5837,3.8728,2.8351
3.4153,0.3092,1.9982,-1.4776,2.1938,-0.6478,1.167,-1.7336,-9.1387,-5.4939,0.2659,-0.7459,4.5476,2.5851,3.9098,2.8424
3.4153,0.3092,1.9982,-1.4776,2.1938,-0.6478,1.167,-1.7336,-9.1387,-5.4939,0.2659,-0.7459,4.5476,2.5851,3.9098,2.8424
3.4153,0.3092,1.9982,-1.4776,2.1938,-0.6478,1.167,-1.7336,-9.1387,-5.4939,0.2659,-0.7459,4.5476,2.5851,3.9098,2.8424
3.4153,0.3092,1.9982,-1.4776,2.1938,-0.6478,1.167,-1.7336,-9.1387,-5.4939,0.2659,-0.7459,4.5476,2.5851,3.9098,2.8424
3.4361,0.3106,2.01,-1.4742,2.2063,-0.6453,1.2056,-1.7383,-9.0817,-5.514,0.291,-0.7427,4.5573,2.5878,3.9516,2.8429
3.4361,0.3106,2.01,-1.4742,2.2063,-0.6453,1.2056,-1.7383,-9.0817,-5.514,0.291,-0.7427,4.5573,2.5878,3.9516,2.8429
3.4407,0.3119,2.0218,-1.4709,2.222,-0.6474,1.2056,-1.7383,-9.076,-5.4601,0.3122,-0.7406,4.5671,2.5906,3.9934,2.8435
3.4433,0.3081,2.0183,-1.4659,2.2157,-0.6487,1.2056,-1.7383,-9.1074,-5.477,0.3183,-0.7427,4.5671,2.5906,4,2.8463
3.4369,0.3016,2.0183,-1.4659,2.2127,-0.6545,1.2137,-1.75,-9.1074,-5.477,0.3145,-0.7438,4.5671,2.5906,4.0112,2.8423
3.4369,0.3016,2.0183,-1.4659,2.2127,-0.6545,1.2137,-1.75,-9.1074,-5.477,0.3145,-0.7438,4.5671,2.5906,4.0112,2.8423
3.4207,0.3015,2.0218,-1.4709,2.2002,-0.657,1.1903,-1.7418,-9.0817,-5.514,0.309,-0.7491,4.57,2.5865,4,2.8463
3.4207,0.3015,2.0218,-1.4709,2.2002,-0.657,1.1903,-1.7418,-9.0817,-5.514,0.309,-0.7491,4.57,2.5865,4,2.8463
3.4207,0.3015,2.0218,-1.4709,2.2002,-0.657,1.1903,-1.7418,-9.0817,-5.514,0.309,-0.7491,4.57,2.5865,4,2.8463
3.4071,0.2976,2.0066,-1.4692,2.1877,-0.6595,1.1751,-1.7452,-9.0817,-5.514,0.2916,-0.7502,4.5622,2.5892,3.9934,2.8435
3.4071,0.2976,2.0066,-1.4692,2.1877,-0.6595,1.1751,-1.7452,-9.0817,-5.514,0.2916,-0.7502,4.5622,2.5892,3.9934,2.8435
3.4071,0.2976,2.0066,-1.4692,2.1877,-0.6595,1.1751,-1.7452,-9.0817,-5.514,0.2916,-0.7502,4.5622,2.5892,3.9934,2.8435
3.3935,0.2937,2.0007,-1.4709,2.1753,-0.662,1.16,-1.7487,-9.0817,-5.514,0.2763,-0.7544,4.5651,2.5851,3.9757,2.8446
3.3935,0.2937,2.0007,-1.4709,2.1753,-0.662,1.16,-1.7487,-9.0817,-5.514,0.2763,-0.7544,4.5651,2.5851,3.9757,2.8446
3.389,0.2924,2.0007,-1.4709,2.1785,-0.6666,1.16,-1.7487,-9.1131,-5.5308,0.2649,-0.7576,4.5602,2.5837,3.9628,2.839
3.389,0.2924,2.0007,-1.4709,2.1785,-0.6666,1.16,-1.7487,-9.1131,-5.5308,0.2649,-0.7576,4.5602,2.5837,3.9628,2.839
3.389,0.2924,2.0007,-1.4709,2.1785,-0.6666,1.16,-1.7487,-9.1131,-5.5308,0.2649,-0.7576,4.5602,2.5837,3.9628,2.839
3.3592,0.2885,1.983,-1.476,2.1443,-0.6683,1.1064,-1.7474,-9.1699,-5.5108,0.2377,-0.7576,4.5553,2.5824,3.9274,2.8413
3.3592,0.2885,1.983,-1.476,2.1443,-0.6683,1.1064,-1.7474,-9.1699,-5.5108,0.2377,-0.7576,4.5553,2.5824,3.9274,2.8413
3.3502,0.2859,1.9772,-1.4777,2.1319,-0.6708,1.0994,-1.7624,-9.1699,-5.5108,0.2204,-0.7586,4.5553,2.5824,3.9256,2.8317
3.3502,0.2859,1.9772,-1.4777,2.1319,-0.6708,1.0994,-1.7624,-9.1699,-5.5108,0.2204,-0.7586,4.5553,2.5824,3.9256,2.8317
3.3502,0.2859,1.9772,-1.4777,2.1319,-0.6708,1.0994,-1.7624,-9.1699,-5.5108,0.2204,-0.7586,4.5553,2.5824,3.9256,2.8317
3.3367,0.282,1.9713,-1.4793,2.1226,-0.6779,1.0843,-1.7659,-9.1699,-5.5108,0.209,-0.7618,4.5504,2.581,3.9192,2.8289
3.3367,0.282,1.9713,-1.4793,2.1226,-0.6779,1.0843,-1.7659,-9.1699,-5.5108,0.209,-0.7618,4.5504,2.581,3.9192,2.8289
3.3134,0.2844,1.9689,-1.486,2.1041,-0.6817,1.0692,-1.7693,-9.1699,-5.5108,0.1857,-0.7608,4.5427,2.5837,3.9016,2.83
3.3134,0.2844,1.9689,-1.486,2.1041,-0.6817,1.0692,-1.7693,-9.1699,-5.5108,0.1857,-0.7608,4.5427,2.5837,3.9016,2.83
3.2704,0.2765,1.9327,-1.4845,2.0608,-0.6904,1.009,-1.7831,-9.2267,-5.4907,0.1517,-0.7703,4.5203,2.5824,3.8711,2.8256
3.2704,0.2765,1.9327,-1.4845,2.0608,-0.6904,1.009,-1.7831,-9.2267,-5.4907,0.1517,-0.7703,4.5203,2.5824,3.8711,2.8256
3.2704,0.2765,1.9327,-1.4845,2.0608,-0.6904,1.009,-1.7831,-9.2267,-5.4907,0.1517,-0.7703,4.5203,2.5824,3.8711,2.8256
3.2427,0.2777,1.9176,-1.4828,2.0362,-0.6955,0.994,-1.7865,-9.2267,-5.4907,0.1291,-0.7767,4.5028,2.5824,3.8471,2.8239
3.2427,0.2777,1.9176,-1.4828,2.0362,-0.6955,0.994,-1.7865,-9.2267,-5.4907,0.1291,-0.7767,4.5028,2.5824,3.8471,2.8239
3.2203,0.2712,1.8966,-1.4829,2.0116,-0.7005,0.9791,-1.79,-9.2267,-5.4907,0.1043,-0.7799,4.4931,2.5796,3.8342,2.8183
3.2203,0.2712,1.8966,-1.4829,2.0116,-0.7005,0.9791,-1.79,-9.2267,-5.4907,0.1043,-0.7799,4.4931,2.5796,3.8342,2.8183
3.1999,0.2698,1.8815,-1.4813,1.9932,-0.7042,0.9491,-1.7968,-9.1699,-5.5108,0.0796,-0.7831,4.4882,2.5783,3.8213,2.8127
3.1999,0.2698,1.8815,-1.4813,1.9932,-0.7042,0.9491,-1.7968,-9.1699,-5.5108,0.0796,-0.7831,4.4882,2.5783,3.8213,2.8127
3.166,0.2645,1.864,-1.4864,1.9625,-0.7105,0.9044,-1.8071,-9.2577,-5.5076,0.0534,-0.7905,4.4764,2.5701,3.78,2.8121
3.166,0.2645,1.864,-1.4864,1.9625,-0.7105,0.9044,-1.8071,-9.2577,-5.5076,0.0534,-0.7905,4.4764,2.5701,3.78,2.8121
3.1412,0.2618,1.8431,-1.4865,1.9288,-0.7123,0.8975,-1.8221,-9.2322,-5.5444,0.0288,-0.7937,4.459,2.5701,3.7608,2.8037
3.1412,0.2618,1.8431,-1.4865,1.9288,-0.7123,0.8975,-1.8221,-9.2322,-5.5444,0.0288,-0.7937,4.459,2.5701,3.7608,2.8037
3.1164,0.2591,1.8408,-1.4931,1.9105,-0.716,0.8826,-1.8255,-9.2322,-5.5444,0.0042,-0.7969,4.4493,2.5673,3.737,2.802
3.1164,0.2591,1.8408,-1.4931,1.9105,-0.716,0.8826,-1.8255,-9.2322,-5.5444,0.0042,-0.7969,4.4493,2.5673,3.737,2.802
3.0872,0.2551,1.8175,-1.4998,1.88,-0.7223,0.8381,-1.8358,-9.2067,-5.5811,-0.0263,-0.798,4.4319,2.5673,3.7132,2.8003
3.0872,0.2551,1.8175,-1.4998,1.88,-0.7223,0.8381,-1.8358,-9.2067,-5.5811,-0.0263,-0.798,4.4319,2.5673,3.7132,2.8003
3.0625,0.2524,1.8001,-1.5049,1.8497,-0.7286,0.8085,-1.8426,-9.2632,-5.5611,-0.0508,-0.8012,4.4173,2.5632,3.6941,2.7919
3.0625,0.2524,1.8001,-1.5049,1.8497,-0.7286,0.8085,-1.8426,-9.2632,-5.5611,-0.0508,-0.8012,4.4173,2.5632,3.6941,2.7919
3.0404,0.2459,1.7828,-1.5099,1.8162,-0.7304,0.7789,-1.8495,-9.2632,-5.5611,-0.073,-0.8075,4.4028,2.5591,3.6704,2.7902
3.0404,0.2459,1.7828,-1.5099,1.8162,-0.7304,0.7789,-1.8495,-9.2632,-5.5611,-0.073,-0.8075,4.4028,2.5591,3.6704,2.7902
3.0404,0.2459,1.7828,-1.5099,1.8162,-0.7304,0.7789,-1.8495,-9.2632,-5.5611,-0.073,-0.8075,4.4028,2.5591,3.6704,2.7902
3.0404,0.2459,1.7828,-1.5099,1.8162,-0.7304,0.7789,-1.8495,-9.2632,-5.5611,-0.073,-0.8075,4.4028,2.5591,3.6704,2.7902
2.9824,0.2378,1.7481,-1.52,1.7587,-0.7372,0.7268,-1.8483,-9.2941,-5.5778,-0.1255,-0.815,4.371,2.555,3.6277,2.7801
2.9824,0.2378,1.7481,-1.52,1.7587,-0.7372,0.7268,-1.8483,-9.2941,-5.5778,-0.1255,-0.815,4.371,2.555,3.6277,2.7801
2.9649,0.2326,1.7216,-1.5218,1.7406,-0.741,0.6975,-1.8552,-9.3811,-5.5747,-0.1535,-0.8193,4.3565,2.5509,3.6087,2.7718
2.9649,0.2326,1.7216,-1.5218,1.7406,-0.741,0.6975,-1.8552,-9.3811,-5.5747,-0.1535,-0.8193,4.3565,2.5509,3.6087,2.7718
2.978,0.2365,1.7158,-1.5235,1.7526,-0.7384,0.6975,-1.8552,-9.3558,-5.6111,-0.1646,-0.8225,4.3469,2.5482,3.5961,2.7662
2.978,0.2365,1.7158,-1.5235,1.7526,-0.7384,0.6975,-1.8552,-9.3558,-5.6111,-0.1646,-0.8225,4.3469,2.5482,3.5961,2.7662
3.0246,0.2457,1.7297,-1.5135,1.7978,-0.7239,0.7336,-1.8335,-9.325,-5.5945,-0.1462,-0.8172,4.3517,2.5495,3.6024,2.769
3.089,0.2602,1.7528,-1.5068,1.8677,-0.7145,0.7926,-1.8197,-9.2941,-5.5778,-0.1018,-0.8045,4.369,2.5496,3.626,2.7707
3.089,0.2602,1.7528,-1.5068,1.8677,-0.7145,0.7926,-1.8197,-9.2941,-5.5778,-0.1018,-0.8045,4.369,2.5496,3.626,2.7707
3.1581,0.2759,1.7851,-1.5033,1.9348,-0.7007,0.8746,-1.814,-9.2067,-5.5811,-0.0269,-0.7906,4.3911,2.551,3.6843,2.7702
3.1581,0.2759,1.7851,-1.5033,1.9348,-0.7007,0.8746,-1.814,-9.2067,-5.5811,-0.0269,-0.7906,4.3911,2.551,3.6843,2.7702
3.1581,0.2759,1.7851,-1.5033,1.9348,-0.7007,0.8746,-1.814,-9.2067,-5.5811,-0.0269,-0.7906,4.3911,2.551,3.6843,2.7702
3.2258,0.2865,1.8233,-1.4982,1.9867,-0.6848,0.9262,-1.7887,-9.2067,-5.5811,0.0484,-0.7768,4.4085,2.551,3.7335,2.7831
3.2258,0.2865,1.8233,-1.4982,1.9867,-0.6848,0.9262,-1.7887,-9.2067,-5.5811,0.0484,-0.7768,4.4085,2.551,3.7335,2.7831
3.2803,0.2932,1.8558,-1.4947,2.0359,-0.6748,0.971,-1.7784,-9.1444,-5.5476,0.1181,-0.7608,4.4278,2.5564,3.8003,2.7948
3.3261,0.2973,1.8918,-1.4962,2.076,-0.6718,1.0241,-1.7797,-9.1444,-5.5476,0.1753,-0.7523,4.4452,2.5565,3.8564,2.8104
3.3261,0.2973,1.8918,-1.4962,2.076,-0.6718,1.0241,-1.7797,-9.1444,-5.5476,0.1753,-0.7523,4.4452,2.5565,3.8564,2.8104
3.3558,0.3013,1.9128,-1.4961,2.1008,-0.6667,1.0542,-1.7728,-9.1131,-5.5308,0.2115,-0.7459,4.4578,2.5551,3.9044,2.8138
3.3558,0.3013,1.9128,-1.4961,2.1008,-0.6667,1.0542,-1.7728,-9.1131,-5.5308,0.2115,-0.7459,4.4578,2.5551,3.9044,2.8138
3.3558,0.3013,1.9128,-1.4961,2.1008,-0.6667,1.0542,-1.7728,-9.1131,-5.5308,0.2115,-0.7459,4.4578,2.5551,3.9044,2.8138
3.3765,0.3027,1.9244,-1.4928,2.1225,-0.6675,1.0843,-1.7659,-9.1131,-5.5308,0.2365,-0.7427,4.4675,2.5578,3.9303,2.825
3.3765,0.3027,1.9244,-1.4928,2.1225,-0.6675,1.0843,-1.7659,-9.1131,-5.5308,0.2365,-0.7427,4.4675,2.5578,3.9303,2.825
3.3855,0.3053,1.9303,-1.4911,2.1287,-0.6663,1.0994,-1.7624,-9.1444,-5.5476,0.2463,-0.7438,4.4752,2.5551,3.948,2.8238
3.3855,0.3053,1.9303,-1.4911,2.1287,-0.6663,1.0994,-1.7624,-9.1444,-5.5476,0.2463,-0.7438,4.4752,2.5551,3.948,2.8238
3.3882,0.3014,1.9361,-1.4894,2.1287,-0.6663,1.0994,-1.7624,-9.1131,-5.5308,0.2539,-0.7417,4.4772,2.5605,3.9786,2.8283
3.3882,0.3014,1.9361,-1.4894,2.1287,-0.6663,1.0994,-1.7624,-9.1131,-5.5308,0.2539,-0.7417,4.4772,2.5605,3.9786,2.8283
3.3882,0.3014,1.9361,-1.4894,2.1287,-0.6663,1.0994,-1.7624,-9.1131,-5.5308,0.2539,-0.7417,4.4772,2.5605,3.9786,2.8283
3.3908,0.2976,1.942,-1.4877,2.1319,-0.6708,1.1226,-1.7706,-9.1444,-5.5476,0.2463,-0.7438,4.4723,2.5592,3.9786,2.8283
3.3908,0.2976,1.942,-1.4877,2.1319,-0.6708,1.1226,-1.7706,-9.1444,-5.5476,0.2463,-0.7438,4.4723,2.5592,3.9786,2.8283
3.3701,0.2962,1.9327,-1.4845,2.1195,-0.6733,1.1226,-1.7706,-9.2267,-5.4907,0.2327,-0.7438,4.4723,2.5592,3.9628,2.839
3.3701,0.2962,1.9327,-1.4845,2.1195,-0.6733,1.1226,-1.7706,-9.2267,-5.4907,0.2327,-0.7438,4.4723,2.5592,3.9628,2.839
3.3701,0.2962,1.9327,-1.4845,2.1195,-0.6733,1.1226,-1.7706,-9.2267,-5.4907,0.2327,-0.7438,4.4723,2.5592,3.9628,2.839
3.3332,0.2948,1.9141,-1.4779,2.0947,-0.6784,1.0924,-1.7775,-9.2267,-5.4907,0.2084,-0.7544,4.4723,2.5592,3.9451,2.8401
3.3332,0.2948,1.9141,-1.4779,2.0947,-0.6784,1.0924,-1.7775,-9.2267,-5.4907,0.2084,-0.7544,4.4723,2.5592,3.9451,2.8401
3.3099,0.2972,1.9083,-1.4796,2.0824,-0.6809,1.1004,-1.7891,-9.2011,-5.5276,0.1932,-0.7587,4.4723,2.5592,3.9386,2.8373
3.3099,0.2972,1.9083,-1.4796,2.0824,-0.6809,1.1004,-1.7891,-9.2011,-5.5276,0.1932,-0.7587,4.4723,2.5592,3.9386,2.8373
3.3099,0.2972,1.9083,-1.4796,2.0824,-0.6809,1.1004,-1.7891,-9.2011,-5.5276,0.1932,-0.7587,4.4723,2.5592,3.9386,2.8373
3.3009,0.2946,1.9117,-1.4845,2.0793,-0.6867,1.0773,-1.7809,-9.2011,-5.5276,0.1797,-0.7587,4.4723,2.5592,3.921,2.8385
3.3009,0.2946,1.9117,-1.4845,2.0793,-0.6867,1.0773,-1.7809,-9.2011,-5.5276,0.1797,-0.7587,4.4723,2.5592,3.921,2.8385
3.3009,0.2946,1.9117,-1.4845,2.0793,-0.6867,1.0773,-1.7809,-9.2011,-5.5276,0.1797,-0.7587,4.4723,2.5592,3.921,2.8385
3.274,0.2868,1.8942,-1.4896,2.0454,-0.6884,1.0321,-1.7912,-9.2011,-5.5276,0.157,-0.765,4.4695,2.5633,3.9127,2.8261
3.274,0.2868,1.8942,-1.4896,2.0454,-0.6884,1.0321,-1.7912,-9.2011,-5.5276,0.157,-0.765,4.4695,2.5633,3.9127,2.8261
3.274,0.2868,1.8942,-1.4896,2.0454,-0.6884,1.0321,-1.7912,-9.2011,-5.5276,0.157,-0.765,4.4695,2.5633,3.9127,2.8261
3.2535,0.2854,1.8849,-1.4863,2.0237,-0.6876,1.0171,-1.7947,-9.2011,-5.5276,0.1457,-0.7682,4.4647,2.5619,3.8998,2.8205
3.2535,0.2854,1.8849,-1.4863,2.0237,-0.6876,1.0171,-1.7947,-9.2011,-5.5276,0.1457,-0.7682,4.4647,2.5619,3.8998,2.8205
3.2374,0.2853,1.8849,-1.4863,2.0176,-0.6889,1.0171,-1.7947,-9.2011,-5.5276,0.1285,-0.7693,4.457,2.5646,3.898,2.811
3.2374,0.2853,1.8849,-1.4863,2.0176,-0.6889,1.0171,-1.7947,-9.2011,-5.5276,0.1285,-0.7693,4.457,2.5646,3.898,2.811
3.1875,0.2799,1.8709,-1.4963,1.9746,-0.6977,0.9491,-1.7968,-9.2577,-5.5076,0.0865,-0.7736,4.4444,2.566,3.861,2.8037
3.1875,0.2799,1.8709,-1.4963,1.9746,-0.6977,0.9491,-1.7968,-9.2577,-5.5076,0.0865,-0.7736,4.4444,2.566,3.861,2.8037
3.1875,0.2799,1.8709,-1.4963,1.9746,-0.6977,0.9491,-1.7968,-9.2577,-5.5076,0.0865,-0.7736,4.4444,2.566,3.861,2.8037
3.1563,0.2708,1.8442,-1.4981,1.944,-0.704,0.8964,-1.7956,-9.2322,-5.5444,0.0596,-0.7736,4.4396,2.5646,3.8371,2.802
3.1563,0.2708,1.8442,-1.4981,1.944,-0.704,0.8964,-1.7956,-9.2322,-5.5444,0.0596,-0.7736,4.4396,2.5646,3.8371,2.802
3.1244,0.2706,1.836,-1.5064,1.9103,-0.7057,0.8895,-1.8106,-9.2886,-5.5244,0.035,-0.7768,4.4299,2.5619,3.8132,2.8004
3.1244,0.2706,1.836,-1.5064,1.9103,-0.7057,0.8895,-1.8106,-9.2886,-5.5244,0.035,-0.7768,4.4299,2.5619,3.8132,2.8004
3.1244,0.2706,1.836,-1.5064,1.9103,-0.7057,0.8895,-1.8106,-9.2886,-5.5244,0.035,-0.7768,4.4299,2.5619,3.8132,2.8004
3.1023,0.2641,1.8244,-1.5097,1.8828,-0.7063,0.8598,-1.8175,-9.3705,-5.4677,0.0104,-0.78,4.4173,2.5632,3.7782,2.8026
3.1023,0.2641,1.8244,-1.5097,1.8828,-0.7063,0.8598,-1.8175,-9.3705,-5.4677,0.0104,-0.78,4.4173,2.5632,3.7782,2.8026
3.051,0.2535,1.7954,-1.5181,1.8281,-0.7176,0.8153,-1.8277,-9.2886,-5.5244,-0.0387,-0.7865,4.4,2.5632,3.7306,2.7992
3.051,0.2535,1.7954,-1.5181,1.8281,-0.7176,0.8153,-1.8277,-9.2886,-5.5244,-0.0387,-0.7865,4.4,2.5632,3.7306,2.7992
3.051,0.2535,1.7954,-1.5181,1.8281,-0.7176,0.8153,-1.8277,-9.2886,-5.5244,-0.0387,-0.7865,4.4,2.5632,3.7306,2.7992
3.0264,0.2508,1.7746,-1.5182,1.8039,-0.7226,0.7858,-1.8346,-9.345,-5.5045,-0.0669,-0.7907,4.3903,2.5605,3.7114,2.7908
3.0264,0.2508,1.7746,-1.5182,1.8039,-0.7226,0.7858,-1.8346,-9.345,-5.5045,-0.0669,-0.7907,4.3903,2.5605,3.7114,2.7908
3.0264,0.2508,1.7746,-1.5182,1.8039,-0.7226,0.7858,-1.8346,-9.345,-5.5045,-0.0669,-0.7907,4.3903,2.5605,3.7114,2.7908
2.9973,0.2468,1.7573,-1.5232,1.7797,-0.7277,0.7563,-1.8415,-9.3195,-5.5412,-0.0913,-0.794,4.3807,2.5577,3.6923,2.7824
2.9973,0.2468,1.7573,-1.5232,1.7797,-0.7277,0.7563,-1.8415,-9.3195,-5.5412,-0.0913,-0.794,4.3807,2.5577,3.6923,2.7824
2.9728,0.2441,1.7331,-1.5184,1.7556,-0.7327,0.7563,-1.8415,-9.3195,-5.5412,-0.1136,-0.8003,4.3633,2.5577,3.6686,2.7808
2.9413,0.2438,1.7067,-1.5202,1.7254,-0.739,0.7042,-1.8403,-9.3503,-5.558,-0.1438,-0.8015,4.3489,2.5536,3.6496,2.7724
2.9413,0.2438,1.7067,-1.5202,1.7254,-0.739,0.7042,-1.8403,-9.3503,-5.558,-0.1438,-0.8015,4.3489,2.5536,3.6496,2.7724
2.9413,0.2438,1.7067,-1.5202,1.7254,-0.739,0.7042,-1.8403,-9.3503,-5.558,-0.1438,-0.8015,4.3489,2.5536,3.6496,2.7724
2.9081,0.2384,1.6837,-1.5269,1.6862,-0.7421,0.6602,-1.8507,-9.3811,-5.5747,-0.1696,-0.8089,4.3268,2.5522,3.6197,2.7679
2.9081,0.2384,1.6837,-1.5269,1.6862,-0.7421,0.6602,-1.8507,-9.3811,-5.5747,-0.1696,-0.8089,4.3268,2.5522,3.6197,2.7679
2.9081,0.2384,1.6837,-1.5269,1.6862,-0.7421,0.6602,-1.8507,-9.3811,-5.5747,-0.1696,-0.8089,4.3268,2.5522,3.6197,2.7679
2.8723,0.2369,1.6458,-1.5321,1.6562,-0.7484,0.6164,-1.861,-9.3811,-5.5747,-0.2122,-0.8175,4.3075,2.5468,3.5898,2.7634
2.8723,0.2369,1.6458,-1.5321,1.6562,-0.7484,0.6164,-1.861,-9.3811,-5.5747,-0.2122,-0.8175,4.3075,2.5468,3.5898,2.7634
2.8723,0.2369,1.6458,-1.5321,1.6562,-0.7484,0.6164,-1.861,-9.3811,-5.5747,-0.2122,-0.8175,4.3075,2.5468,3.5898,2.7634
2.881,0.2395,1.6401,-1.5338,1.6711,-0.7401,0.631,-1.8575,-9.4117,-5.5914,-0.2232,-0.8206,4.2979,2.544,3.5662,2.7617
2.881,0.2395,1.6401,-1.5338,1.6711,-0.7401,0.631,-1.8575,-9.4117,-5.5914,-0.2232,-0.8206,4.2979,2.544,3.5662,2.7617
3.0027,0.262,1.6894,-1.5253,1.7795,-0.7174,0.7483,-1.83,-9.3503,-5.558,-0.1342,-0.8025,4.3324,2.5441,3.6133,2.7651
3.0027,0.262,1.6894,-1.5253,1.7795,-0.7174,0.7483,-1.83,-9.3503,-5.558,-0.1342,-0.8025,4.3324,2.5441,3.6133,2.7651
3.0811,0.2715,1.7365,-1.5233,1.8554,-0.7068,0.8222,-1.8128,-9.3503,-5.558,-0.0654,-0.7865,4.3497,2.5441,3.656,2.7752
3.0811,0.2715,1.7365,-1.5233,1.8554,-0.7068,0.8222,-1.8128,-9.3503,-5.558,-0.0654,-0.7865,4.3497,2.5441,3.656,2.7752
3.1458,0.286,1.7712,-1.5133,1.907,-0.6909,0.8964,-1.7956,-9.2886,-5.5244,0.0172,-0.7705,4.3766,2.5469,3.7161,2.7841
3.1458,0.286,1.7712,-1.5133,1.907,-0.6909,0.8964,-1.7956,-9.2886,-5.5244,0.0172,-0.7705,4.3766,2.5469,3.7161,2.7841
3.1458,0.286,1.7712,-1.5133,1.907,-0.6909,0.8964,-1.7956,-9.2886,-5.5244,0.0172,-0.7705,4.3766,2.5469,3.7161,2.7841
3.2,0.2928,1.8001,-1.5049,1.9405,-0.6788,0.9411,-1.7853,-9.2577,-5.5076,0.0793,-0.7567,4.3939,2.5469,3.7608,2.8037
3.2,0.2928,1.8001,-1.5049,1.9405,-0.6788,0.9411,-1.7853,-9.2577,-5.5076,0.0793,-0.7567,4.3939,2.5469,3.7608,2.8037
3.2,0.2928,1.8001,-1.5049,1.9405,-0.6788,0.9411,-1.7853,-9.2577,-5.5076,0.0793,-0.7567,4.3939,2.5469,3.7608,2.8037
3.2589,0.3008,1.8384,-1.4997,1.9927,-0.6732,0.978,-1.7634,-9.1699,-5.5108,0.1589,-0.7417,4.4189,2.5442,3.8471,2.8239
3.2589,0.3008,1.8384,-1.4997,1.9927,-0.6732,0.978,-1.7634,-9.1699,-5.5108,0.1589,-0.7417,4.4189,2.5442,3.8471,2.8239
3.2589,0.3008,1.8384,-1.4997,1.9927,-0.6732,0.978,-1.7634,-9.1699,-5.5108,0.1589,-0.7417,4.4189,2.5442,3.8471,2.8239
3.2724,0.3047,1.8592,-1.4997,2.005,-0.6707,1.016,-1.7681,-9.1387,-5.4939,0.1778,-0.7364,4.4363,2.5442,3.8728,2.8351
3.2724,0.3047,1.8592,-1.4997,2.005,-0.6707,1.016,-1.7681,-9.1387,-5.4939,0.1778,-0.7364,4.4363,2.5442,3.8728,2.8351
3.2769,0.306,1.8616,-1.493,2.005,-0.6707,1.016,-1.7681,-9.1074,-5.477,0.1854,-0.7343,4.444,2.5415,3.8969,2.8368
3.2769,0.306,1.8616,-1.493,2.005,-0.6707,1.016,-1.7681,-9.1074,-5.477,0.1854,-0.7343,4.444,2.5415,3.8969,2.8368
3.2652,0.3072,1.8675,-1.4913,1.9988,-0.672,1.016,-1.7681,-9.1387,-5.4939,0.1854,-0.7343,4.444,2.5415,3.8969,2.8368
3.2652,0.3072,1.8675,-1.4913,1.9988,-0.672,1.016,-1.7681,-9.1387,-5.4939,0.1854,-0.7343,4.444,2.5415,3.8969,2.8368
3.2589,0.3008,1.8675,-1.4913,1.9866,-0.6745,1.016,-1.7681,-9.1074,-5.477,0.1794,-0.7322,4.444,2.5415,3.9145,2.8357
3.2384,0.2994,1.8709,-1.4963,1.9743,-0.677,1.009,-1.7831,-9.1387,-5.4939,0.1643,-0.7364,4.4391,2.5401,3.8969,2.8368
3.2384,0.2994,1.8709,-1.4963,1.9743,-0.677,1.009,-1.7831,-9.1387,-5.4939,0.1643,-0.7364,4.4391,2.5401,3.8969,2.8368
3.2384,0.2994,1.8709,-1.4963,1.9743,-0.677,1.009,-1.7831,-9.1387,-5.4939,0.1643,-0.7364,4.4391,2.5401,3.8969,2.8368
3.2223,0.2993,1.8651,-1.498,1.9528,-0.6763,1.0171,-1.7947,-9.1387,-5.4939,0.1432,-0.7386,4.4266,2.5415,3.8951,2.8272
3.2223,0.2993,1.8651,-1.498,1.9528,-0.6763,1.0171,-1.7947,-9.1387,-5.4939,0.1432,-0.7386,4.4266,2.5415,3.8951,2.8272
3.2063,0.2992,1.8592,-1.4997,1.9405,-0.6788,1.0021,-1.7981,-9.1074,-5.477,0.1259,-0.7397,4.4343,2.5388,3.8951,2.8272
3.2063,0.2992,1.8592,-1.4997,1.9405,-0.6788,1.0021,-1.7981,-9.1074,-5.477,0.1259,-0.7397,4.4343,2.5388,3.8951,2.8272
3.1858,0.2978,1.8534,-1.5013,1.9283,-0.6813,0.9721,-1.805,-9.1955,-5.4738,0.1012,-0.7429,4.4246,2.5361,3.8646,2.8228
3.1858,0.2978,1.8534,-1.5013,1.9283,-0.6813,0.9721,-1.805,-9.1955,-5.4738,0.1012,-0.7429,4.4246,2.5361,3.8646,2.8228
3.1858,0.2978,1.8534,-1.5013,1.9283,-0.6813,0.9721,-1.805,-9.1955,-5.4738,0.1012,-0.7429,4.4246,2.5361,3.8646,2.8228
3.1742,0.299,1.8442,-1.4981,1.913,-0.6793,0.9491,-1.7968,-9.1955,-5.4738,0.0899,-0.7461,4.4274,2.532,3.8471,2.8239
3.1742,0.299,1.8442,-1.4981,1.913,-0.6793,0.9491,-1.7968,-9.1955,-5.4738,0.0899,-0.7461,4.4274,2.532,3.8471,2.8239
3.1698,0.2977,1.8442,-1.4981,1.9068,-0.6806,0.9411,-1.7853,-9.1699,-5.5108,0.0764,-0.7461,4.4197,2.5347,3.8295,2.825
3.1698,0.2977,1.8442,-1.4981,1.9068,-0.6806,0.9411,-1.7853,-9.1699,-5.5108,0.0764,-0.7461,4.4197,2.5347,3.8295,2.825
3.1698,0.2977,1.8442,-1.4981,1.9068,-0.6806,0.9411,-1.7853,-9.1699,-5.5108,0.0764,-0.7461,4.4197,2.5347,3.8295,2.825
3.1405,0.2936,1.8233,-1.4982,1.8856,-0.6902,0.9033,-1.7806,-9.2267,-5.4907,0.0502,-0.7536,4.4101,2.532,3.8103,2.8166
3.1405,0.2936,1.8233,-1.4982,1.8856,-0.6902,0.9033,-1.7806,-9.2267,-5.4907,0.0502,-0.7536,4.4101,2.532,3.8103,2.8166
3.1227,0.2884,1.8083,-1.4966,1.8673,-0.694,0.8964,-1.7956,-9.2267,-5.4907,0.0352,-0.7578,4.4052,2.5306,3.7974,2.811
3.1227,0.2884,1.8083,-1.4966,1.8673,-0.694,0.8964,-1.7956,-9.2267,-5.4907,0.0352,-0.7578,4.4052,2.5306,3.7974,2.811
3.1006,0.2819,1.8025,-1.4983,1.843,-0.699,0.8815,-1.7991,-9.2267,-5.4907,0.0166,-0.7632,4.3927,2.532,3.7846,2.8054
3.1006,0.2819,1.8025,-1.4983,1.843,-0.699,0.8815,-1.7991,-9.2267,-5.4907,0.0166,-0.7632,4.3927,2.532,3.7846,2.8054
3.0714,0.2778,1.7817,-1.4984,1.8188,-0.7041,0.8667,-1.8025,-9.2833,-5.4707,-0.014,-0.7643,4.3907,2.5266,3.7561,2.8104
3.0714,0.2778,1.7817,-1.4984,1.8188,-0.7041,0.8667,-1.8025,-9.2833,-5.4707,-0.014,-0.7643,4.3907,2.5266,3.7561,2.8104
3.0352,0.2763,1.7735,-1.5067,1.7854,-0.7059,0.829,-1.7979,-9.2833,-5.4707,-0.0385,-0.7675,4.3782,2.5279,3.737,2.802
3.0352,0.2763,1.7735,-1.5067,1.7854,-0.7059,0.829,-1.7979,-9.2833,-5.4707,-0.0385,-0.7675,4.3782,2.5279,3.737,2.802
3.0062,0.2722,1.7528,-1.5068,1.7643,-0.7154,0.7994,-1.8048,-9.2833,-5.4707,-0.0667,-0.7718,4.3734,2.5265,3.7132,2.8003
3.0062,0.2722,1.7528,-1.5068,1.7643,-0.7154,0.7994,-1.8048,-9.2833,-5.4707,-0.0667,-0.7718,4.3734,2.5265,3.7132,2.8003
3.0062,0.2722,1.7528,-1.5068,1.7643,-0.7154,0.7994,-1.8048,-9.2833,-5.4707,-0.0667,-0.7718,4.3734,2.5265,3.7132,2.8003
2.9728,0.2669,1.7297,-1.5135,1.725,-0.7185,0.7619,-1.8002,-9.2833,-5.4707,-0.097,-0.773,4.3609,2.5279,3.6894,2.7986
2.9483,0.2641,1.709,-1.5136,1.7009,-0.7236,0.7324,-1.8071,-9.2267,-5.4907,-0.1251,-0.7773,4.3485,2.5292,3.6704,2.7902
2.9483,0.2641,1.709,-1.5136,1.7009,-0.7236,0.7324,-1.8071,-9.2267,-5.4907,-0.1251,-0.7773,4.3485,2.5292,3.6704,2.7902
2.9483,0.2641,1.709,-1.5136,1.7009,-0.7236,0.7324,-1.8071,-9.2267,-5.4907,-0.1251,-0.7773,4.3485,2.5292,3.6704,2.7902
2.9194,0.2601,1.6826,-1.5154,1.6678,-0.7254,0.703,-1.814,-9.2577,-5.5076,-0.1531,-0.7816,4.3312,2.5292,3.6357,2.7924
2.9194,0.2601,1.6826,-1.5154,1.6678,-0.7254,0.703,-1.814,-9.2577,-5.5076,-0.1531,-0.7816,4.3312,2.5292,3.6357,2.7924
2.9194,0.2601,1.6826,-1.5154,1.6678,-0.7254,0.703,-1.814,-9.2577,-5.5076,-0.1531,-0.7816,4.3312,2.5292,3.6357,2.7924
2.8706,0.2545,1.6448,-1.5206,1.6139,-0.7368,0.6444,-1.8278,-9.2886,-5.5244,-0.2032,-0.7923,4.3044,2.5264,3.5978,2.7756
2.8706,0.2545,1.6448,-1.5206,1.6139,-0.7368,0.6444,-1.8278,-9.2886,-5.5244,-0.2032,-0.7923,4.3044,2.5264,3.5978,2.7756
2.8706,0.2545,1.6448,-1.5206,1.6139,-0.7368,0.6444,-1.8278,-9.2886,-5.5244,-0.2032,-0.7923,4.3044,2.5264,3.5978,2.7756
2.8436,0.2555,1.6242,-1.5207,1.5901,-0.7419,0.6152,-1.8347,-9.2886,-5.5244,-0.231,-0.7967,4.29,2.5224,3.5789,2.7673
2.8436,0.2555,1.6242,-1.5207,1.5901,-0.7419,0.6152,-1.8347,-9.2886,-5.5244,-0.231,-0.7967,4.29,2.5224,3.5789,2.7673
2.8436,0.2555,1.6242,-1.5207,1.5901,-0.7419,0.6152,-1.8347,-9.2886,-5.5244,-0.231,-0.7967,4.29,2.5224,3.5789,2.7673
2.795,0.25,1.5956,-1.5291,1.5303,-0.7443,0.557,-1.8485,-9.345,-5.5045,-0.2772,-0.8063,4.266,2.5156,3.5319,2.7638
2.795,0.25,1.5956,-1.5291,1.5303,-0.7443,0.557,-1.8485,-9.345,-5.5045,-0.2772,-0.8063,4.266,2.5156,3.5319,2.7638
2.7837,0.2511,1.5785,-1.5342,1.5153,-0.7424,0.5425,-1.852,-9.4012,-5.4847,-0.3012,-0.8096,4.246,2.5196,3.5193,2.7582
2.7837,0.2511,1.5785,-1.5342,1.5153,-0.7424,0.5425,-1.852,-9.4012,-5.4847,-0.3012,-0.8096,4.246,2.5196,3.5193,2.7582
2.7837,0.2511,1.5785,-1.5342,1.5153,-0.7424,0.5425,-1.852,-9.4012,-5.4847,-0.3012,-0.8096,4.246,2.5196,3.5193,2.7582
2.7993,0.2513,1.5819,-1.5391,1.5241,-0.7354,0.5346,-1.8406,-9.345,-5.5045,-0.3049,-0.8106,4.2488,2.5155,3.5084,2.7621
2.7993,0.2513,1.5819,-1.5391,1.5241,-0.7354,0.5346,-1.8406,-9.345,-5.5045,-0.3049,-0.8106,4.2488,2.5155,3.5084,2.7621
2.834,0.2618,1.5933,-1.5357,1.5657,-0.7265,0.5636,-1.8337,-9.3705,-5.4677,-0.2881,-0.8095,4.2564,2.5128,3.5084,2.7621
2.9028,0.2688,1.6161,-1.529,1.6192,-0.7049,0.6365,-1.8164,-9.345,-5.5045,-0.2457,-0.8009,4.266,2.5156,3.5101,2.7715
2.9028,0.2688,1.6161,-1.529,1.6192,-0.7049,0.6365,-1.8164,-9.345,-5.5045,-0.2457,-0.8009,4.266,2.5156,3.5101,2.7715
2.9028,0.2688,1.6161,-1.529,1.6192,-0.7049,0.6365,-1.8164,-9.345,-5.5045,-0.2457,-0.8009,4.266,2.5156,3.5101,2.7715
2.9737,0.2808,1.6539,-1.5238,1.6822,-0.6966,0.703,-1.814,-9.3142,-5.4876,-0.1737,-0.7838,4.288,2.517,3.557,2.775
2.9737,0.2808,1.6539,-1.5238,1.6822,-0.6966,0.703,-1.814,-9.3142,-5.4876,-0.1737,-0.7838,4.288,2.517,3.557,2.775
2.9737,0.2808,1.6539,-1.5238,1.6822,-0.6966,0.703,-1.814,-9.3142,-5.4876,-0.1737,-0.7838,4.288,2.517,3.557,2.775
3.0874,0.3009,1.7297,-1.5135,1.791,-0.684,0.821,-1.7864,-9.2523,-5.4538,-0.0302,-0.7538,4.3493,2.5198,3.6658,2.7969
3.0874,0.3009,1.7297,-1.5135,1.791,-0.684,0.821,-1.7864,-9.2523,-5.4538,-0.0302,-0.7538,4.3493,2.5198,3.6658,2.7969
3.1255,0.3076,1.7528,-1.5068,1.8305,-0.6809,0.8655,-1.776,-9.2212,-5.4368,0.0168,-0.7442,4.3714,2.5211,3.7195,2.8031
3.1255,0.3076,1.7528,-1.5068,1.8305,-0.6809,0.8655,-1.776,-9.2212,-5.4368,0.0168,-0.7442,4.3714,2.5211,3.7195,2.8031
3.1432,0.3128,1.7701,-1.5017,1.8487,-0.6771,0.8724,-1.761,-9.1331,-5.4399,0.0505,-0.7345,4.3831,2.5293,3.7625,2.8132
3.1432,0.3128,1.7701,-1.5017,1.8487,-0.6771,0.8724,-1.761,-9.1331,-5.4399,0.0505,-0.7345,4.3831,2.5293,3.7625,2.8132
3.1566,0.3168,1.7875,-1.4967,1.8609,-0.6746,0.9022,-1.7541,-9.1589,-5.4027,0.0654,-0.7303,4.3927,2.532,3.7753,2.8188
3.1548,0.3116,1.7875,-1.4967,1.8548,-0.6759,0.9022,-1.7541,-9.1644,-5.4569,0.073,-0.7281,4.4024,2.5347,3.7992,2.8205
3.1548,0.3116,1.7875,-1.4967,1.8548,-0.6759,0.9022,-1.7541,-9.1644,-5.4569,0.073,-0.7281,4.4024,2.5347,3.7992,2.8205
3.1548,0.3116,1.7875,-1.4967,1.8548,-0.6759,0.9022,-1.7541,-9.1644,-5.4569,0.073,-0.7281,4.4024,2.5347,3.7992,2.8205
3.1414,0.3077,1.7875,-1.4967,1.8395,-0.6739,0.9022,-1.7541,-9.1074,-5.477,0.0789,-0.7302,4.4093,2.5415,3.8056,2.8233
3.1414,0.3077,1.7875,-1.4967,1.8395,-0.6739,0.9022,-1.7541,-9.1074,-5.477,0.0789,-0.7302,4.4093,2.5415,3.8056,2.8233
3.1414,0.3077,1.7875,-1.4967,1.8395,-0.6739,0.9022,-1.7541,-9.1074,-5.477,0.0789,-0.7302,4.4093,2.5415,3.8056,2.8233
3.1237,0.3024,1.7909,-1.5016,1.8244,-0.6822,0.8953,-1.7691,-9.1074,-5.477,0.0714,-0.7324,4.4141,2.5428,3.7992,2.8205
3.1237,0.3024,1.7909,-1.5016,1.8244,-0.6822,0.8953,-1.7691,-9.1074,-5.477,0.0714,-0.7324,4.4141,2.5428,3.7992,2.8205
3.0812,0.2945,1.7735,-1.5067,1.7881,-0.6898,0.8655,-1.776,-9.1387,-5.4939,0.0311,-0.7325,4.4161,2.5483,3.7864,2.8149
3.0812,0.2945,1.7735,-1.5067,1.7881,-0.6898,0.8655,-1.776,-9.1387,-5.4939,0.0311,-0.7325,4.4161,2.5483,3.7864,2.8149
3.0679,0.2905,1.7643,-1.5034,1.7791,-0.6969,0.8735,-1.7875,-9.1331,-5.4399,0.0199,-0.7357,4.4181,2.5537,3.7753,2.8188
3.0679,0.2905,1.7643,-1.5034,1.7791,-0.6969,0.8735,-1.7875,-9.1331,-5.4399,0.0199,-0.7357,4.4181,2.5537,3.7753,2.8188
3.0591,0.2879,1.7586,-1.5051,1.7639,-0.6949,0.8507,-1.7795,-9.2212,-5.4368,-0.001,-0.7379,4.4258,2.551,3.7689,2.816
3.0591,0.2879,1.7586,-1.5051,1.7639,-0.6949,0.8507,-1.7795,-9.2212,-5.4368,-0.001,-0.7379,4.4258,2.551,3.7689,2.816
3.0591,0.2879,1.7586,-1.5051,1.7639,-0.6949,0.8507,-1.7795,-9.2212,-5.4368,-0.001,-0.7379,4.4258,2.551,3.7689,2.816
3.0591,0.2879,1.7586,-1.5051,1.7639,-0.6949,0.8507,-1.7795,-9.2212,-5.4368,-0.001,-0.7379,4.4258,2.551,3.7689,2.816
3.0476,0.2891,1.7586,-1.5051,1.7518,-0.6974,0.8358,-1.7829,-9.1644,-5.4569,-0.0122,-0.7411,4.4181,2.5537,3.7561,2.8104
3.0476,0.2891,1.7586,-1.5051,1.7518,-0.6974,0.8358,-1.7829,-9.1644,-5.4569,-0.0122,-0.7411,4.4181,2.5537,3.7561,2.8104
3.0229,0.2864,1.7436,-1.5035,1.7246,-0.698,0.821,-1.7864,-9.247,-5.3996,-0.0293,-0.7422,4.4222,2.5646,3.734,2.8182
3.0229,0.2864,1.7436,-1.5035,1.7246,-0.698,0.821,-1.7864,-9.247,-5.3996,-0.0293,-0.7422,4.4222,2.5646,3.734,2.8182
3.0229,0.2864,1.7436,-1.5035,1.7246,-0.698,0.821,-1.7864,-9.247,-5.3996,-0.0293,-0.7422,4.4222,2.5646,3.734,2.8182
3.0027,0.2849,1.7344,-1.5003,1.7034,-0.6973,0.8142,-1.8013,-9.2212,-5.4368,-0.0479,-0.7475,4.4125,2.5619,3.7213,2.8126
3.0027,0.2849,1.7344,-1.5003,1.7034,-0.6973,0.8142,-1.8013,-9.2212,-5.4368,-0.0479,-0.7475,4.4125,2.5619,3.7213,2.8126
3.0027,0.2849,1.7344,-1.5003,1.7034,-0.6973,0.8142,-1.8013,-9.2212,-5.4368,-0.0479,-0.7475,4.4125,2.5619,3.7213,2.8126
2.9825,0.2835,1.7195,-1.4987,1.6945,-0.7043,0.7846,-1.8082,-9.2212,-5.4368,-0.0649,-0.7487,4.4048,2.5646,3.7195,2.8031
2.9825,0.2835,1.7195,-1.4987,1.6945,-0.7043,0.7846,-1.8082,-9.2212,-5.4368,-0.0649,-0.7487,4.4048,2.5646,3.7195,2.8031
2.9509,0.2832,1.7045,-1.4972,1.6673,-0.7049,0.7472,-1.8037,-9.2212,-5.4368,-0.0857,-0.7509,4.4,2.5632,3.7068,2.7975
2.9509,0.2832,1.7045,-1.4972,1.6673,-0.7049,0.7472,-1.8037,-9.2212,-5.4368,-0.0857,-0.7509,4.4,2.5632,3.7068,2.7975
2.9264,0.2804,1.6839,-1.4973,1.6434,-0.71,0.7177,-1.8106,-9.1955,-5.4738,-0.1064,-0.753,4.3903,2.5605,3.6941,2.7919
2.9264,0.2804,1.6839,-1.4973,1.6434,-0.71,0.7177,-1.8106,-9.1955,-5.4738,-0.1064,-0.753,4.3903,2.5605,3.6941,2.7919
2.895,0.2801,1.669,-1.4958,1.6104,-0.7119,0.6658,-1.8095,-9.1955,-5.4738,-0.1286,-0.7595,4.3653,2.5631,3.664,2.7874
2.895,0.2801,1.669,-1.4958,1.6104,-0.7119,0.6658,-1.8095,-9.1955,-5.4738,-0.1286,-0.7595,4.3653,2.5631,3.664,2.7874
2.8662,0.276,1.6541,-1.4942,1.5865,-0.717,0.6286,-1.805,-9.2267,-5.4907,-0.161,-0.7575,4.3557,2.5604,3.6404,2.7857
2.8662,0.276,1.6541,-1.4942,1.5865,-0.717,0.6286,-1.805,-9.2267,-5.4907,-0.161,-0.7575,4.3557,2.5604,3.6404,2.7857
2.8418,0.2732,1.6426,-1.4976,1.5536,-0.7189,0.5915,-1.8005,-9.2212,-5.4368,-0.1816,-0.7597,4.3509,2.559,3.6231,2.7868
2.8175,0.2704,1.6311,-1.501,1.5298,-0.7239,0.5624,-1.8075,-9.1955,-5.4738,-0.2037,-0.7661,4.3412,2.5563,3.6041,2.7784
2.8175,0.2704,1.6311,-1.501,1.5298,-0.7239,0.5624,-1.8075,-9.1955,-5.4738,-0.2037,-0.7661,4.3412,2.5563,3.6041,2.7784
2.7906,0.2714,1.6254,-1.5026,1.503,-0.7246,0.5478,-1.8109,-9.2523,-5.4538,-0.2279,-0.7694,4.324,2.5563,3.5742,2.7739
2.7906,0.2714,1.6254,-1.5026,1.503,-0.7246,0.5478,-1.8109,-9.2523,-5.4538,-0.2279,-0.7694,4.324,2.5563,3.5742,2.7739
2.7906,0.2714,1.6254,-1.5026,1.503,-0.7246,0.5478,-1.8109,-9.2523,-5.4538,-0.2279,-0.7694,4.324,2.5563,3.5742,2.7739
2.7906,0.2714,1.6254,-1.5026,1.503,-0.7246,0.5478,-1.8109,-9.2523,-5.4538,-0.2279,-0.7694,4.324,2.5563,3.5742,2.7739
2.7309,0.2669,1.582,-1.5095,1.4407,-0.7328,0.4754,-1.8283,-9.2267,-5.4907,-0.2769,-0.7686,4.281,2.5684,3.521,2.7677
2.7309,0.2669,1.582,-1.5095,1.4407,-0.7328,0.4754,-1.8283,-9.2267,-5.4907,-0.2769,-0.7686,4.281,2.5684,3.521,2.7677
2.7042,0.2679,1.574,-1.5178,1.4261,-0.7411,0.4465,-1.8352,-9.2833,-5.4707,-0.2973,-0.7709,4.261,2.5724,3.5084,2.7621
2.7042,0.2679,1.574,-1.5178,1.4261,-0.7411,0.4465,-1.8352,-9.2833,-5.4707,-0.2973,-0.7709,4.261,2.5724,3.5084,2.7621
2.7042,0.2679,1.574,-1.5178,1.4261,-0.7411,0.4465,-1.8352,-9.2833,-5.4707,-0.2973,-0.7709,4.261,2.5724,3.5084,2.7621
2.693,0.269,1.5683,-1.5195,1.4171,-0.738,0.4465,-1.8352,-9.2523,-5.4538,-0.3119,-0.7752,4.241,2.5764,3.4896,2.7537
2.693,0.269,1.5683,-1.5195,1.4171,-0.738,0.4465,-1.8352,-9.2523,-5.4538,-0.3119,-0.7752,4.241,2.5764,3.4896,2.7537
2.743,0.2797,1.5706,-1.5129,1.4731,-0.7207,0.5122,-1.8327,-9.2212,-5.4368,-0.3119,-0.7752,4.223,2.5858,3.4617,2.7586
2.743,0.2797,1.5706,-1.5129,1.4731,-0.7207,0.5122,-1.8327,-9.2212,-5.4368,-0.3119,-0.7752,4.223,2.5858,3.4617,2.7586
2.8131,0.2919,1.5934,-1.5062,1.5383,-0.7067,0.5478,-1.8109,-9.1331,-5.4399,-0.2622,-0.7644,4.245,2.5873,3.485,2.7603
2.8131,0.2919,1.5934,-1.5062,1.5383,-0.7067,0.5478,-1.8109,-9.1331,-5.4399,-0.2622,-0.7644,4.245,2.5873,3.485,2.7603
2.8131,0.2919,1.5934,-1.5062,1.5383,-0.7067,0.5478,-1.8109,-9.1331,-5.4399,-0.2622,-0.7644,4.245,2.5873,3.485,2.7603
2.8967,0.3081,1.646,-1.5025,1.6159,-0.6901,0.6207,-1.7936,-9.1018,-5.4229,-0.1903,-0.7472,4.2765,2.5914,3.5336,2.7732
2.8967,0.3081,1.646,-1.5025,1.6159,-0.6901,0.6207,-1.7936,-9.1018,-5.4229,-0.1903,-0.7472,4.2765,2.5914,3.5336,2.7732
2.8967,0.3081,1.646,-1.5025,1.6159,-0.6901,0.6207,-1.7936,-9.1018,-5.4229,-0.1903,-0.7472,4.2765,2.5914,3.5336,2.7732
2.9904,0.3179,1.6919,-1.489,1.6938,-0.6735,0.7086,-1.7727,-9.0389,-5.3887,-0.0988,-0.7319,4.3082,2.5956,3.5886,2.7889
3.0707,0.3327,1.7415,-1.4804,1.7601,-0.6595,0.805,-1.7633,-9.0073,-5.3716,-0.0201,-0.7168,4.3399,2.5998,3.6548,2.8008
3.1247,0.3396,1.7761,-1.4703,1.8054,-0.6447,0.8564,-1.7379,-8.9756,-5.3544,0.0419,-0.7028,4.3697,2.5985,3.7039,2.8137
3.1247,0.3396,1.7761,-1.4703,1.8054,-0.6447,0.8564,-1.7379,-8.9756,-5.3544,0.0419,-0.7028,4.3697,2.5985,3.7039,2.8137
3.1584,0.345,1.7993,-1.4635,1.8297,-0.6396,0.8861,-1.7309,-8.9178,-5.3748,0.0854,-0.6941,4.3794,2.6013,3.7753,2.8188
3.1584,0.345,1.7993,-1.4635,1.8297,-0.6396,0.8861,-1.7309,-8.9178,-5.3748,0.0854,-0.6941,4.3794,2.6013,3.7753,2.8188
3.1584,0.345,1.7993,-1.4635,1.8297,-0.6396,0.8861,-1.7309,-8.9178,-5.3748,0.0854,-0.6941,4.3794,2.6013,3.7753,2.8188
3.1834,0.3477,1.8167,-1.4584,1.8571,-0.639,0.901,-1.7274,-8.9439,-5.3372,0.1117,-0.6866,4.3967,2.6013,3.8167,2.8194
3.1834,0.3477,1.8167,-1.4584,1.8571,-0.639,0.901,-1.7274,-8.9439,-5.3372,0.1117,-0.6866,4.3967,2.6013,3.8167,2.8194
3.1834,0.3477,1.8167,-1.4584,1.8571,-0.639,0.901,-1.7274,-8.9439,-5.3372,0.1117,-0.6866,4.3967,2.6013,3.8167,2.8194
3.1834,0.3477,1.8167,-1.4584,1.8571,-0.639,0.901,-1.7274,-8.9439,-5.3372,0.1117,-0.6866,4.3967,2.6013,3.8167,2.8194
3.1852,0.3529,1.84,-1.4517,1.8664,-0.6423,0.9389,-1.7321,-8.9701,-5.2995,0.1365,-0.6833,4.4206,2.5836,3.8617,2.839
3.1852,0.3529,1.84,-1.4517,1.8664,-0.6423,0.9389,-1.7321,-8.9701,-5.2995,0.1365,-0.6833,4.4206,2.5836,3.8617,2.839
3.1852,0.3529,1.84,-1.4517,1.8664,-0.6423,0.9389,-1.7321,-8.9701,-5.2995,0.1365,-0.6833,4.4206,2.5836,3.8617,2.839
3.1807,0.3516,1.8458,-1.45,1.8603,-0.6436,0.9389,-1.7321,-8.9701,-5.2995,0.123,-0.6834,4.4234,2.5796,3.8617,2.839
3.1807,0.3516,1.8458,-1.45,1.8603,-0.6436,0.9389,-1.7321,-8.9701,-5.2995,0.123,-0.6834,4.4234,2.5796,3.8617,2.839
3.1371,0.3525,1.84,-1.4517,1.8207,-0.6467,0.901,-1.7274,-8.9756,-5.3544,0.0847,-0.6867,4.4089,2.5755,3.8424,2.8306
3.1371,0.3525,1.84,-1.4517,1.8207,-0.6467,0.901,-1.7274,-8.9756,-5.3544,0.0847,-0.6867,4.4089,2.5755,3.8424,2.8306
3.1371,0.3525,1.84,-1.4517,1.8207,-0.6467,0.901,-1.7274,-8.9756,-5.3544,0.0847,-0.6867,4.4089,2.5755,3.8424,2.8306
3.1238,0.3485,1.8341,-1.4534,1.8025,-0.6505,0.8861,-1.7309,-8.9756,-5.3544,0.0675,-0.6878,4.3963,2.5768,3.8295,2.825
3.1238,0.3485,1.8341,-1.4534,1.8025,-0.6505,0.8861,-1.7309,-8.9756,-5.3544,0.0675,-0.6878,4.3963,2.5768,3.8295,2.825
3.1149,0.3459,1.8283,-1.4551,1.7964,-0.6518,0.8712,-1.7344,-8.9756,-5.3544,0.0562,-0.6911,4.3915,2.5754,3.812,2.8261
3.1149,0.3459,1.8283,-1.4551,1.7964,-0.6518,0.8712,-1.7344,-8.9756,-5.3544,0.0562,-0.6911,4.3915,2.5754,3.812,2.8261
3.1105,0.3446,1.8283,-1.4551,1.7903,-0.6531,0.8792,-1.746,-8.9756,-5.3544,0.0465,-0.69,4.3943,2.5714,3.801,2.83
3.1105,0.3446,1.8283,-1.4551,1.7903,-0.6531,0.8792,-1.746,-8.9756,-5.3544,0.0465,-0.69,4.3943,2.5714,3.801,2.83
3.1176,0.3421,1.8307,-1.4484,1.7903,-0.6531,0.8712,-1.7344,-8.9439,-5.3372,0.0368,-0.689,4.3915,2.5754,3.7899,2.8339
3.1176,0.3421,1.8307,-1.4484,1.7903,-0.6531,0.8712,-1.7344,-8.9439,-5.3372,0.0368,-0.689,4.3915,2.5754,3.7899,2.8339
3.1105,0.3446,1.8307,-1.4484,1.7843,-0.6544,0.8564,-1.7379,-8.9439,-5.3372,0.0256,-0.6922,4.3867,2.5741,3.7835,2.8311
3.1105,0.3446,1.8307,-1.4484,1.7843,-0.6544,0.8564,-1.7379,-8.9439,-5.3372,0.0256,-0.6922,4.3867,2.5741,3.7835,2.8311
3.1105,0.3446,1.8307,-1.4484,1.7843,-0.6544,0.8564,-1.7379,-8.9439,-5.3372,0.0256,-0.6922,4.3867,2.5741,3.7835,2.8311
3.1087,0.3394,1.8307,-1.4484,1.7874,-0.6589,0.8644,-1.7494,-9.0017,-5.3168,0.0106,-0.6965,4.3798,2.5672,3.7596,2.8294
3.1087,0.3394,1.8307,-1.4484,1.7874,-0.6589,0.8644,-1.7494,-9.0017,-5.3168,0.0106,-0.6965,4.3798,2.5672,3.7596,2.8294
3.1087,0.3394,1.8307,-1.4484,1.7874,-0.6589,0.8644,-1.7494,-9.0017,-5.3168,0.0106,-0.6965,4.3798,2.5672,3.7596,2.8294
3.0724,0.3378,1.8098,-1.4485,1.748,-0.662,0.797,-1.7518,-9.0594,-5.2964,-0.0251,-0.703,4.3577,2.5658,3.7294,2.8249
3.0724,0.3378,1.8098,-1.4485,1.748,-0.662,0.797,-1.7518,-9.0594,-5.2964,-0.0251,-0.703,4.3577,2.5658,3.7294,2.8249
3.0521,0.3364,1.804,-1.4502,1.7299,-0.6659,0.7595,-1.7473,-9.0017,-5.3168,-0.0422,-0.7042,4.3529,2.5645,3.7184,2.8288
3.0521,0.3364,1.804,-1.4502,1.7299,-0.6659,0.7595,-1.7473,-9.0017,-5.3168,-0.0422,-0.7042,4.3529,2.5645,3.7184,2.8288
3.0318,0.3349,1.7948,-1.447,1.7119,-0.6697,0.7595,-1.7473,-9.0333,-5.334,-0.0705,-0.7086,4.3384,2.5604,3.7039,2.8137
3.0318,0.3349,1.7948,-1.447,1.7119,-0.6697,0.7595,-1.7473,-9.0333,-5.334,-0.0705,-0.7086,4.3384,2.5604,3.7039,2.8137
3.0318,0.3349,1.7948,-1.447,1.7119,-0.6697,0.7595,-1.7473,-9.0333,-5.334,-0.0705,-0.7086,4.3384,2.5604,3.7039,2.8137
3.0142,0.3296,1.7832,-1.4504,1.6847,-0.6703,0.7527,-1.7623,-8.9756,-5.3544,-0.0912,-0.7108,4.3336,2.559,3.6865,2.8148
3.0142,0.3296,1.7832,-1.4504,1.6847,-0.6703,0.7527,-1.7623,-8.9756,-5.3544,-0.0912,-0.7108,4.3336,2.559,3.6865,2.8148
2.965,0.324,1.7566,-1.4522,1.6458,-0.6837,0.6859,-1.7647,-9.0279,-5.279,-0.14,-0.7174,4.3143,2.5535,3.6501,2.8074
2.965,0.324,1.7566,-1.4522,1.6458,-0.6837,0.6859,-1.7647,-9.0279,-5.279,-0.14,-0.7174,4.3143,2.5535,3.6501,2.8074
2.965,0.324,1.7566,-1.4522,1.6458,-0.6837,0.6859,-1.7647,-9.0279,-5.279,-0.14,-0.7174,4.3143,2.5535,3.6501,2.8074
2.9404,0.3212,1.7359,-1.4523,1.6218,-0.6888,0.6566,-1.7717,-9.0017,-5.3168,-0.1644,-0.7207,4.3027,2.5454,3.6311,2.799
2.9404,0.3212,1.7359,-1.4523,1.6218,-0.6888,0.6566,-1.7717,-9.0017,-5.3168,-0.1644,-0.7207,4.3027,2.5454,3.6311,2.799
2.9404,0.3212,1.7359,-1.4523,1.6218,-0.6888,0.6566,-1.7717,-9.0017,-5.3168,-0.1644,-0.7207,4.3027,2.5454,3.6311,2.799
2.8941,0.3119,1.6978,-1.4576,1.565,-0.6959,0.5835,-1.7891,-9.0594,-5.2964,-0.2166,-0.7284,4.2587,2.5426,3.5903,2.7984
2.8941,0.3119,1.6978,-1.4576,1.565,-0.6959,0.5835,-1.7891,-9.0594,-5.2964,-0.2166,-0.7284,4.2587,2.5426,3.5903,2.7984
2.8941,0.3119,1.6978,-1.4576,1.565,-0.6959,0.5835,-1.7891,-9.0594,-5.2964,-0.2166,-0.7284,4.2587,2.5426,3.5903,2.7984
2.8714,0.3141,1.6863,-1.461,1.544,-0.6952,0.5544,-1.7961,-9.117,-5.2761,-0.2467,-0.7296,4.2444,2.5385,3.5776,2.7928
2.8714,0.3141,1.6863,-1.461,1.544,-0.6952,0.5544,-1.7961,-9.117,-5.2761,-0.2467,-0.7296,4.2444,2.5385,3.5776,2.7928
2.8714,0.3141,1.6863,-1.461,1.544,-0.6952,0.5544,-1.7961,-9.117,-5.2761,-0.2467,-0.7296,4.2444,2.5385,3.5776,2.7928
2.8557,0.314,1.6748,-1.4643,1.5321,-0.6978,0.5254,-1.803,-9.117,-5.2761,-0.265,-0.735,4.23,2.5344,3.5541,2.7911
2.8557,0.314,1.6748,-1.4643,1.5321,-0.6978,0.5254,-1.803,-9.117,-5.2761,-0.265,-0.735,4.23,2.5344,3.5541,2.7911
2.8557,0.314,1.6748,-1.4643,1.5321,-0.6978,0.5254,-1.803,-9.117,-5.2761,-0.265,-0.735,4.23,2.5344,3.5541,2.7911
2.8862,0.3232,1.6748,-1.4643,1.5557,-0.6824,0.532,-1.7881,-9.0909,-5.3137,-0.2335,-0.7295,4.2328,2.5303,3.5541,2.7911
2.8862,0.3232,1.6748,-1.4643,1.5557,-0.6824,0.532,-1.7881,-9.0909,-5.3137,-0.2335,-0.7295,4.2328,2.5303,3.5541,2.7911
2.8862,0.3232,1.6748,-1.4643,1.5557,-0.6824,0.532,-1.7881,-9.0909,-5.3137,-0.2335,-0.7295,4.2328,2.5303,3.5541,2.7911
2.9369,0.334,1.6955,-1.4642,1.6063,-0.6664,0.5756,-1.7776,-9.0017,-5.3168,-0.1702,-0.7186,4.2472,2.5344,3.5903,2.7984
2.9369,0.334,1.6955,-1.4642,1.6063,-0.6664,0.5756,-1.7776,-9.0017,-5.3168,-0.1702,-0.7186,4.2472,2.5344,3.5903,2.7984
3.0124,0.3475,1.7301,-1.454,1.6782,-0.651,0.6633,-1.7567,-8.9701,-5.2995,-0.0934,-0.7076,4.2767,2.5332,3.6392,2.8113
3.0124,0.3475,1.7301,-1.454,1.6782,-0.651,0.6633,-1.7567,-8.9701,-5.2995,-0.0934,-0.7076,4.2767,2.5332,3.6392,2.8113
3.0124,0.3475,1.7301,-1.454,1.6782,-0.651,0.6633,-1.7567,-8.9701,-5.2995,-0.0934,-0.7076,4.2767,2.5332,3.6392,2.8113
3.1327,0.3743,1.8064,-1.4436,1.8081,-0.6286,0.8187,-1.7333,-8.8802,-5.3027,0.0227,-0.6816,4.3236,2.5319,3.7265,2.8411
3.1327,0.3743,1.8064,-1.4436,1.8081,-0.6286,0.8187,-1.7333,-8.8802,-5.3027,0.0227,-0.6816,4.3236,2.5319,3.7265,2.8411
3.1781,0.3785,1.8331,-1.4417,1.8445,-0.6209,0.8781,-1.7193,-8.8483,-5.2853,0.0602,-0.6708,4.3429,2.5373,3.7805,2.8474
3.1781,0.3785,1.8331,-1.4417,1.8445,-0.6209,0.8781,-1.7193,-8.8483,-5.2853,0.0602,-0.6708,4.3429,2.5373,3.7805,2.8474
3.2147,0.3801,1.8505,-1.4367,1.8689,-0.6157,0.9079,-1.7123,-8.8746,-5.2474,0.0827,-0.6643,4.3525,2.5401,3.8109,2.8519
3.2147,0.3801,1.8505,-1.4367,1.8689,-0.6157,0.9079,-1.7123,-8.8746,-5.2474,0.0827,-0.6643,4.3525,2.5401,3.8109,2.8519
3.2352,0.3816,1.868,-1.4316,1.8903,-0.6165,0.9377,-1.7053,-8.8746,-5.2474,0.0978,-0.66,4.3545,2.5455,3.8301,2.8604
3.2352,0.3816,1.868,-1.4316,1.8903,-0.6165,0.9377,-1.7053,-8.8746,-5.2474,0.0978,-0.66,4.3545,2.5455,3.8301,2.8604
3.2397,0.3829,1.8738,-1.4299,1.8964,-0.6152,0.9377,-1.7053,-8.8746,-5.2474,0.1075,-0.6611,4.367,2.5441,3.8477,2.8593
3.2397,0.3829,1.8738,-1.4299,1.8964,-0.6152,0.9377,-1.7053,-8.8746,-5.2474,0.1075,-0.6611,4.367,2.5441,3.8477,2.8593
3.2442,0.3842,1.8855,-1.4265,1.8964,-0.6152,0.9297,-1.6937,-8.8746,-5.2474,0.1053,-0.6579,4.3718,2.5455,3.8588,2.8553
3.2442,0.3842,1.8855,-1.4265,1.8964,-0.6152,0.9297,-1.6937,-8.8746,-5.2474,0.1053,-0.6579,4.3718,2.5455,3.8588,2.8553
3.2442,0.3842,1.8855,-1.4265,1.8964,-0.6152,0.9297,-1.6937,-8.8746,-5.2474,0.1053,-0.6579,4.3718,2.5455,3.8588,2.8553
3.2397,0.3829,1.882,-1.4215,1.8903,-0.6165,0.9147,-1.6972,-8.8162,-5.268,0.0978,-0.66,4.369,2.5496,3.8588,2.8553
3.2397,0.3829,1.882,-1.4215,1.8903,-0.6165,0.9147,-1.6972,-8.8162,-5.268,0.0978,-0.66,4.369,2.5496,3.8588,2.8553
3.2397,0.3829,1.882,-1.4215,1.8903,-0.6165,0.9147,-1.6972,-8.8162,-5.268,0.0978,-0.66,4.369,2.5496,3.8588,2.8553
3.2236,0.3828,1.8879,-1.4198,1.8781,-0.619,0.8998,-1.7007,-8.7841,-5.2506,0.088,-0.659,4.3815,2.5482,3.8541,2.8621
3.2039,0.3723,1.8913,-1.4248,1.8538,-0.6241,0.8471,-1.6996,-8.8426,-5.2299,0.0558,-0.6645,4.3738,2.5509,3.8237,2.8575
3.2039,0.3723,1.8913,-1.4248,1.8538,-0.6241,0.8471,-1.6996,-8.8426,-5.2299,0.0558,-0.6645,4.3738,2.5509,3.8237,2.8575
3.2039,0.3723,1.8913,-1.4248,1.8538,-0.6241,0.8471,-1.6996,-8.8426,-5.2299,0.0558,-0.6645,4.3738,2.5509,3.8237,2.8575
3.1879,0.3722,1.882,-1.4215,1.8384,-0.6222,0.8551,-1.7112,-8.8691,-5.1917,0.0483,-0.6666,4.3662,2.5536,3.8062,2.8586
3.1879,0.3722,1.882,-1.4215,1.8384,-0.6222,0.8551,-1.7112,-8.8691,-5.1917,0.0483,-0.6666,4.3662,2.5536,3.8062,2.8586
3.1834,0.3709,1.8786,-1.4165,1.8292,-0.6189,0.8323,-1.7031,-8.8691,-5.1917,0.0408,-0.6688,4.3633,2.5577,3.7998,2.8558
3.1834,0.3709,1.8786,-1.4165,1.8292,-0.6189,0.8323,-1.7031,-8.8691,-5.1917,0.0408,-0.6688,4.3633,2.5577,3.7998,2.8558
3.1719,0.3721,1.882,-1.4215,1.8231,-0.6202,0.8403,-1.7147,-8.8691,-5.1917,0.0311,-0.6678,4.3605,2.5618,3.7934,2.853
3.1719,0.3721,1.882,-1.4215,1.8231,-0.6202,0.8403,-1.7147,-8.8691,-5.1917,0.0311,-0.6678,4.3605,2.5618,3.7934,2.853
3.1692,0.3759,1.8751,-1.4115,1.8231,-0.6202,0.8551,-1.7112,-8.8691,-5.1917,0.0214,-0.6667,4.3605,2.5618,3.798,2.8463
3.1692,0.3759,1.8751,-1.4115,1.8231,-0.6202,0.8551,-1.7112,-8.8691,-5.1917,0.0214,-0.6667,4.3605,2.5618,3.798,2.8463
3.1692,0.3759,1.8751,-1.4115,1.8231,-0.6202,0.8551,-1.7112,-8.8691,-5.1917,0.0214,-0.6667,4.3605,2.5618,3.798,2.8463
3.1576,0.3771,1.8751,-1.4115,1.8171,-0.6215,0.8403,-1.7147,-8.8691,-5.1917,0.0117,-0.6657,4.3501,2.5685,3.787,2.8502
3.1576,0.3771,1.8751,-1.4115,1.8171,-0.6215,0.8403,-1.7147,-8.8691,-5.1917,0.0117,-0.6657,4.3501,2.5685,3.787,2.8502
3.1576,0.3771,1.8751,-1.4115,1.8171,-0.6215,0.8403,-1.7147,-8.8691,-5.1917,0.0117,-0.6657,4.3501,2.5685,3.787,2.8502
3.1372,0.3756,1.8786,-1.4165,1.7897,-0.6221,0.8106,-1.7217,-8.901,-5.2093,-0.0204,-0.6712,4.3223,2.5753,3.7631,2.8485
3.1372,0.3756,1.8786,-1.4165,1.7897,-0.6221,0.8106,-1.7217,-8.901,-5.2093,-0.0204,-0.6712,4.3223,2.5753,3.7631,2.8485
3.1372,0.3756,1.8786,-1.4165,1.7897,-0.6221,0.8106,-1.7217,-8.901,-5.2093,-0.0204,-0.6712,4.3223,2.5753,3.7631,2.8485
3.1238,0.3716,1.8693,-1.4132,1.7807,-0.6292,0.8038,-1.7368,-8.901,-5.2093,-0.0412,-0.6734,4.3099,2.5766,3.7392,2.8468
3.1008,0.374,1.8542,-1.4117,1.7626,-0.633,0.789,-1.7403,-8.9329,-5.2268,-0.0769,-0.68,4.2954,2.5725,3.7201,2.8383
3.076,0.3712,1.8333,-1.4118,1.7292,-0.6349,0.7368,-1.7392,-8.901,-5.2093,-0.1014,-0.6833,4.2907,2.5711,3.7074,2.8327
3.076,0.3712,1.8333,-1.4118,1.7292,-0.6349,0.7368,-1.7392,-8.901,-5.2093,-0.1014,-0.6833,4.2907,2.5711,3.7074,2.8327
3.0557,0.3697,1.8089,-1.4069,1.7111,-0.6388,0.73,-1.7542,-8.9065,-5.2648,-0.1369,-0.6899,4.2819,2.5589,3.6709,2.8253
3.0557,0.3697,1.8089,-1.4069,1.7111,-0.6388,0.73,-1.7542,-8.9065,-5.2648,-0.1369,-0.6899,4.2819,2.5589,3.6709,2.8253
3.0557,0.3697,1.8089,-1.4069,1.7111,-0.6388,0.73,-1.7542,-8.9065,-5.2648,-0.1369,-0.6899,4.2819,2.5589,3.6709,2.8253
3.038,0.3644,1.7973,-1.4104,1.6871,-0.6439,0.6779,-1.7532,-8.9065,-5.2648,-0.1627,-0.6974,4.2675,2.5548,3.6472,2.8236
3.038,0.3644,1.7973,-1.4104,1.6871,-0.6439,0.6779,-1.7532,-8.9065,-5.2648,-0.1627,-0.6974,4.2675,2.5548,3.6472,2.8236
3.0133,0.3616,1.7799,-1.4155,1.6508,-0.6413,0.6486,-1.7602,-8.9646,-5.2442,-0.1885,-0.705,4.2559,2.5466,3.6172,2.8191
3.0133,0.3616,1.7799,-1.4155,1.6508,-0.6413,0.6486,-1.7602,-8.9646,-5.2442,-0.1885,-0.705,4.2559,2.5466,3.6172,2.8191
2.986,0.3626,1.7649,-1.4139,1.6359,-0.6497,0.634,-1.7637,-8.9383,-5.2821,-0.2106,-0.7115,4.2444,2.5385,3.6046,2.8135
2.9526,0.3571,1.751,-1.424,1.5969,-0.6529,0.5823,-1.7627,-8.9963,-5.2617,-0.2407,-0.7127,4.2328,2.5303,3.5856,2.805
2.9526,0.3571,1.751,-1.424,1.5969,-0.6529,0.5823,-1.7627,-8.9963,-5.2617,-0.2407,-0.7127,4.2328,2.5303,3.5856,2.805
2.9526,0.3571,1.751,-1.424,1.5969,-0.6529,0.5823,-1.7627,-8.9963,-5.2617,-0.2407,-0.7127,4.2328,2.5303,3.5856,2.805
2.9281,0.3543,1.7337,-1.4291,1.573,-0.658,0.5452,-1.7583,-8.9646,-5.2442,-0.2649,-0.716,4.2157,2.5303,3.5793,2.8022
2.9281,0.3543,1.7337,-1.4291,1.573,-0.658,0.5452,-1.7583,-8.9646,-5.2442,-0.2649,-0.716,4.2157,2.5303,3.5793,2.8022
2.9123,0.3541,1.7279,-1.4308,1.5611,-0.6606,0.5531,-1.7697,-8.9383,-5.2821,-0.2795,-0.7204,4.1966,2.5248,3.5558,2.8005
2.9123,0.3541,1.7279,-1.4308,1.5611,-0.6606,0.5531,-1.7697,-8.9383,-5.2821,-0.2795,-0.7204,4.1966,2.5248,3.5558,2.8005
2.908,0.3528,1.7106,-1.4359,1.552,-0.6574,0.5241,-1.7767,-8.9646,-5.2442,-0.2817,-0.7172,4.1946,2.5194,3.5386,2.8016
2.908,0.3528,1.7106,-1.4359,1.552,-0.6574,0.5241,-1.7767,-8.9646,-5.2442,-0.2817,-0.7172,4.1946,2.5194,3.5386,2.8016
2.9368,0.357,1.7163,-1.4342,1.5818,-0.651,0.5307,-1.7618,-8.9646,-5.2442,-0.2466,-0.7107,4.1946,2.5194,3.5512,2.8072
3.0019,0.3628,1.7394,-1.4274,1.6325,-0.6349,0.5743,-1.7513,-8.9329,-5.2268,-0.1856,-0.6965,4.2042,2.5222,3.5764,2.8184
3.0019,0.3628,1.7394,-1.4274,1.6325,-0.6349,0.5743,-1.7513,-8.9329,-5.2268,-0.1856,-0.6965,4.2042,2.5222,3.5764,2.8184
3.0019,0.3628,1.7394,-1.4274,1.6325,-0.6349,0.5743,-1.7513,-8.9329,-5.2268,-0.1856,-0.6965,4.2042,2.5222,3.5764,2.8184
3.0751,0.3802,1.7741,-1.4172,1.7015,-0.6149,0.6473,-1.7337,-8.8426,-5.2299,-0.1095,-0.678,4.2157,2.5303,3.6409,2.8208
3.0751,0.3802,1.7741,-1.4172,1.7015,-0.6149,0.6473,-1.7337,-8.8426,-5.2299,-0.1095,-0.678,4.2157,2.5303,3.6409,2.8208
3.0751,0.3802,1.7741,-1.4172,1.7015,-0.6149,0.6473,-1.7337,-8.8426,-5.2299,-0.1095,-0.678,4.2157,2.5303,3.6409,2.8208
3.1425,0.3911,1.8124,-1.4119,1.7618,-0.6019,0.706,-1.7197,-8.8106,-5.2124,-0.0382,-0.6649,4.2376,2.5317,3.6963,2.8366
3.2076,0.4059,1.8565,-1.405,1.8193,-0.5845,0.7798,-1.7021,-8.8371,-5.1742,0.0141,-0.6497,4.2568,2.5372,3.7503,2.8429
3.255,0.4153,1.8799,-1.3981,1.8619,-0.5754,0.8242,-1.6915,-8.805,-5.1565,0.0537,-0.6421,4.2711,2.5412,3.7934,2.853
3.255,0.4153,1.8799,-1.3981,1.8619,-0.5754,0.8242,-1.6915,-8.805,-5.1565,0.0537,-0.6421,4.2711,2.5412,3.7934,2.853
3.255,0.4153,1.8799,-1.3981,1.8619,-0.5754,0.8242,-1.6915,-8.805,-5.1565,0.0537,-0.6421,4.2711,2.5412,3.7934,2.853
3.255,0.4153,1.8799,-1.3981,1.8619,-0.5754,0.8242,-1.6915,-8.805,-5.1565,0.0537,-0.6421,4.2711,2.5412,3.7934,2.853
3.2936,0.4221,1.916,-1.3996,1.8955,-0.5735,0.8539,-1.6845,-8.805,-5.1565,0.0785,-0.6387,4.2827,2.5494,3.819,2.8643
3.2936,0.4221,1.916,-1.3996,1.8955,-0.5735,0.8539,-1.6845,-8.805,-5.1565,0.0785,-0.6387,4.2827,2.5494,3.819,2.8643
3.2936,0.4221,1.916,-1.3996,1.8955,-0.5735,0.8539,-1.6845,-8.805,-5.1565,0.0785,-0.6387,4.2827,2.5494,3.819,2.8643
3.3332,0.4198,1.9325,-1.3828,1.9447,-0.5736,0.9135,-1.6704,-8.7462,-5.1773,0.0935,-0.6344,4.2915,2.5616,3.8448,2.8756
3.3332,0.4198,1.9325,-1.3828,1.9447,-0.5736,0.9135,-1.6704,-8.7462,-5.1773,0.0935,-0.6344,4.2915,2.5616,3.8448,2.8756
3.3332,0.4198,1.9383,-1.3811,1.9447,-0.5736,0.9135,-1.6704,-8.7462,-5.1773,0.0898,-0.6355,4.2935,2.5671,3.8559,2.8716
3.3332,0.4198,1.9383,-1.3811,1.9447,-0.5736,0.9135,-1.6704,-8.7462,-5.1773,0.0898,-0.6355,4.2935,2.5671,3.8559,2.8716
3.3143,0.4236,1.9512,-1.3894,1.9417,-0.5795,0.9135,-1.6704,-8.7784,-5.1949,0.0747,-0.6398,4.2887,2.5657,3.843,2.866
3.3143,0.4236,1.9512,-1.3894,1.9417,-0.5795,0.9135,-1.6704,-8.7784,-5.1949,0.0747,-0.6398,4.2887,2.5657,3.843,2.866
3.3008,0.4196,1.9418,-1.3861,1.9327,-0.5867,0.9216,-1.6821,-8.805,-5.1565,0.0635,-0.6431,4.2935,2.5671,3.843,2.866
3.29,0.4117,1.9453,-1.3911,1.9111,-0.5859,0.9067,-1.6856,-8.7462,-5.1773,0.0388,-0.6464,4.3011,2.5644,3.8255,2.8671
3.29,0.4117,1.9453,-1.3911,1.9111,-0.5859,0.9067,-1.6856,-8.7462,-5.1773,0.0388,-0.6464,4.3011,2.5644,3.8255,2.8671
3.29,0.4117,1.9453,-1.3911,1.9111,-0.5859,0.9067,-1.6856,-8.7462,-5.1773,0.0388,-0.6464,4.3011,2.5644,3.8255,2.8671
3.2765,0.4077,1.9266,-1.3845,1.8897,-0.5853,0.8918,-1.6891,-8.8371,-5.1742,0.0103,-0.6508,4.2963,2.563,3.7969,2.8721
3.2765,0.4077,1.9266,-1.3845,1.8897,-0.5853,0.8918,-1.6891,-8.8371,-5.1742,0.0103,-0.6508,4.2963,2.563,3.7969,2.8721
3.2559,0.4063,1.9149,-1.3879,1.8713,-0.5891,0.862,-1.6961,-8.8371,-5.1742,-0.0046,-0.6552,4.2963,2.563,3.7904,2.8693
3.2559,0.4063,1.9149,-1.3879,1.8713,-0.5891,0.862,-1.6961,-8.8371,-5.1742,-0.0046,-0.6552,4.2963,2.563,3.7904,2.8693
3.2559,0.4063,1.9149,-1.3879,1.8713,-0.5891,0.862,-1.6961,-8.8371,-5.1742,-0.0046,-0.6552,4.2963,2.563,3.7904,2.8693
3.2398,0.4061,1.9149,-1.3879,1.8592,-0.5917,0.8471,-1.6996,-8.805,-5.1565,-0.0121,-0.6573,4.3087,2.5617,3.7904,2.8693
3.2237,0.406,1.9091,-1.3896,1.8531,-0.593,0.8242,-1.6915,-8.8317,-5.1181,-0.0292,-0.6585,4.3011,2.5644,3.784,2.8665
3.2103,0.402,1.8939,-1.388,1.8285,-0.5877,0.8094,-1.6951,-8.805,-5.1565,-0.0441,-0.6628,4.3039,2.5603,3.7776,2.8637
3.2103,0.402,1.8939,-1.388,1.8285,-0.5877,0.8094,-1.6951,-8.805,-5.1565,-0.0441,-0.6628,4.3039,2.5603,3.7776,2.8637
3.2103,0.402,1.8939,-1.388,1.8285,-0.5877,0.8094,-1.6951,-8.805,-5.1565,-0.0441,-0.6628,4.3039,2.5603,3.7776,2.8637
3.1969,0.398,1.8881,-1.3897,1.8164,-0.5903,0.7718,-1.6905,-8.8371,-5.1742,-0.0649,-0.665,4.2915,2.5616,3.7491,2.8687
3.1969,0.398,1.8881,-1.3897,1.8164,-0.5903,0.7718,-1.6905,-8.8371,-5.1742,-0.0649,-0.665,4.2915,2.5616,3.7491,2.8687
3.1764,0.3966,1.8729,-1.3881,1.7982,-0.5942,0.757,-1.694,-8.8371,-5.1742,-0.0857,-0.6673,4.2819,2.5589,3.7363,2.863
3.1764,0.3966,1.8729,-1.3881,1.7982,-0.5942,0.757,-1.694,-8.8371,-5.1742,-0.0857,-0.6673,4.2819,2.5589,3.7363,2.863
3.1585,0.3913,1.8613,-1.3916,1.78,-0.5981,0.7275,-1.7011,-8.8371,-5.1742,-0.1101,-0.6706,4.2647,2.5588,3.7125,2.8613
3.1585,0.3913,1.8613,-1.3916,1.78,-0.5981,0.7275,-1.7011,-8.8371,-5.1742,-0.1101,-0.6706,4.2647,2.5588,3.7125,2.8613
3.1336,0.3885,1.8427,-1.385,1.765,-0.6065,0.7127,-1.7046,-8.8371,-5.1742,-0.1383,-0.675,4.2475,2.5588,3.6934,2.8528
3.1336,0.3885,1.8427,-1.385,1.765,-0.6065,0.7127,-1.7046,-8.8371,-5.1742,-0.1383,-0.675,4.2475,2.5588,3.6934,2.8528
3.1114,0.3818,1.8194,-1.3919,1.7256,-0.6097,0.6687,-1.7152,-8.7784,-5.1949,-0.1648,-0.6752,4.2379,2.556,3.6697,2.8511
3.1114,0.3818,1.8194,-1.3919,1.7256,-0.6097,0.6687,-1.7152,-8.7784,-5.1949,-0.1648,-0.6752,4.2379,2.556,3.6697,2.8511
3.0822,0.3777,1.8078,-1.3953,1.7106,-0.6181,0.654,-1.7187,-8.8371,-5.1742,-0.1928,-0.6797,4.2132,2.5587,3.6443,2.8398
3.0822,0.3777,1.8078,-1.3953,1.7106,-0.6181,0.654,-1.7187,-8.8371,-5.1742,-0.1928,-0.6797,4.2132,2.5587,3.6443,2.8398
3.0822,0.3777,1.8078,-1.3953,1.7106,-0.6181,0.654,-1.7187,-8.8371,-5.1742,-0.1928,-0.6797,4.2132,2.5587,3.6443,2.8398
3.0822,0.3777,1.8078,-1.3953,1.7106,-0.6181,0.654,-1.7187,-8.8371,-5.1742,-0.1928,-0.6797,4.2132,2.5587,3.6443,2.8398
3.0239,0.3694,1.773,-1.4055,1.6474,-0.6265,0.5955,-1.7328,-8.8691,-5.1917,-0.256,-0.6907,4.1742,2.5572,3.5827,2.8212
3.0239,0.3694,1.773,-1.4055,1.6474,-0.6265,0.5955,-1.7328,-8.8691,-5.1917,-0.256,-0.6907,4.1742,2.5572,3.5827,2.8212
3.0239,0.3694,1.773,-1.4055,1.6474,-0.6265,0.5955,-1.7328,-8.8691,-5.1917,-0.256,-0.6907,4.1742,2.5572,3.5827,2.8212
2.9948,0.3653,1.7522,-1.4057,1.6143,-0.6284,0.5663,-1.7398,-8.9275,-5.1711,-0.2838,-0.6951,4.1599,2.553,3.5575,2.81
2.9948,0.3653,1.7522,-1.4057,1.6143,-0.6284,0.5663,-1.7398,-8.9275,-5.1711,-0.2838,-0.6951,4.1599,2.553,3.5575,2.81
2.9948,0.3653,1.7522,-1.4057,1.6143,-0.6284,0.5663,-1.7398,-8.9275,-5.1711,-0.2838,-0.6951,4.1599,2.553,3.5575,2.81
2.9281,0.3543,1.7026,-1.4144,1.5486,-0.6426,0.4937,-1.7574,-8.901,-5.2093,-0.335,-0.7103,4.1342,2.5408,3.5026,2.7942
2.9281,0.3543,1.7026,-1.4144,1.5486,-0.6426,0.4937,-1.7574,-8.901,-5.2093,-0.335,-0.7103,4.1342,2.5408,3.5026,2.7942
2.8992,0.3501,1.6853,-1.4195,1.5158,-0.6446,0.4648,-1.7644,-8.9593,-5.1887,-0.3663,-0.7158,4.1228,2.5327,3.4729,2.7897
2.8992,0.3501,1.6853,-1.4195,1.5158,-0.6446,0.4648,-1.7644,-8.9593,-5.1887,-0.3663,-0.7158,4.1228,2.5327,3.4729,2.7897
2.8704,0.346,1.6555,-1.4165,1.4951,-0.6542,0.4359,-1.7714,-8.9329,-5.2268,-0.3939,-0.7202,4.1113,2.5245,3.4496,2.7879
2.8704,0.346,1.6555,-1.4165,1.4951,-0.6542,0.4359,-1.7714,-8.9329,-5.2268,-0.3939,-0.7202,4.1113,2.5245,3.4496,2.7879
2.859,0.3471,1.6532,-1.4231,1.4892,-0.6555,0.4438,-1.7828,-9.0174,-5.1682,-0.4106,-0.7214,4.1019,2.5218,3.4262,2.7861
2.859,0.3471,1.6532,-1.4231,1.4892,-0.6555,0.4438,-1.7828,-9.0174,-5.1682,-0.4106,-0.7214,4.1019,2.5218,3.4262,2.7861
2.8634,0.3485,1.6383,-1.4216,1.4979,-0.6485,0.4359,-1.7714,-8.9275,-5.1711,-0.3961,-0.7171,4.1038,2.5272,3.4325,2.7889
2.8634,0.3485,1.6383,-1.4216,1.4979,-0.6485,0.4359,-1.7714,-8.9275,-5.1711,-0.3961,-0.7171,4.1038,2.5272,3.4325,2.7889
2.9053,0.3566,1.6532,-1.4231,1.5424,-0.6336,0.4648,-1.7644,-8.9275,-5.1711,-0.3502,-0.7072,4.1105,2.5339,3.4512,2.7973
2.9053,0.3566,1.6532,-1.4231,1.5424,-0.6336,0.4648,-1.7644,-8.9275,-5.1711,-0.3502,-0.7072,4.1105,2.5339,3.4512,2.7973
2.9053,0.3566,1.6532,-1.4231,1.5424,-0.6336,0.4648,-1.7644,-8.9275,-5.1711,-0.3502,-0.7072,4.1105,2.5339,3.4512,2.7973
2.9649,0.3701,1.6888,-1.4245,1.608,-0.6194,0.5373,-1.7468,-8.8956,-5.1535,-0.2802,-0.694,4.1295,2.5394,3.4934,2.8075
2.9649,0.3701,1.6888,-1.4245,1.608,-0.6194,0.5373,-1.7468,-8.8956,-5.1535,-0.2802,-0.694,4.1295,2.5394,3.4934,2.8075
3.0362,0.3824,1.7176,-1.4159,1.6709,-0.6006,0.6101,-1.7292,-8.8637,-5.1358,-0.2082,-0.6766,4.1456,2.5489,3.5419,2.8205
3.0893,0.3983,1.7407,-1.4091,1.7342,-0.5922,0.646,-1.7072,-8.8904,-5.0973,-0.147,-0.6624,4.1619,2.5585,3.6017,2.8296
3.1434,0.4053,1.773,-1.4055,1.7826,-0.5818,0.7047,-1.693,-8.8317,-5.1181,-0.0967,-0.6514,4.179,2.5585,3.6506,2.8426
3.1434,0.4053,1.773,-1.4055,1.7826,-0.5818,0.7047,-1.693,-8.8317,-5.1181,-0.0967,-0.6514,4.179,2.5585,3.6506,2.8426
3.1791,0.416,1.7928,-1.3937,1.8283,-0.5773,0.7409,-1.6709,-8.8317,-5.1181,-0.0707,-0.6438,4.1913,2.5572,3.687,2.85
3.1791,0.416,1.7928,-1.3937,1.8283,-0.5773,0.7409,-1.6709,-8.8317,-5.1181,-0.0707,-0.6438,4.1913,2.5572,3.687,2.85
3.1791,0.416,1.7928,-1.3937,1.8283,-0.5773,0.7409,-1.6709,-8.8317,-5.1181,-0.0707,-0.6438,4.1913,2.5572,3.687,2.85
3.2112,0.4162,1.8136,-1.3936,1.8465,-0.5735,0.7785,-1.6754,-8.8317,-5.1181,-0.0536,-0.6426,4.1989,2.5546,3.7061,2.8585
3.2112,0.4162,1.8136,-1.3936,1.8465,-0.5735,0.7785,-1.6754,-8.8317,-5.1181,-0.0536,-0.6426,4.1989,2.5546,3.7061,2.8585
3.2273,0.4164,1.8287,-1.3951,1.8587,-0.5709,0.8162,-1.6799,-8.7996,-5.1003,-0.0424,-0.6394,4.1989,2.5546,3.7299,2.8602
3.2273,0.4164,1.8287,-1.3951,1.8587,-0.5709,0.8162,-1.6799,-8.7996,-5.1003,-0.0424,-0.6394,4.1989,2.5546,3.7299,2.8602
3.2228,0.4151,1.8194,-1.3919,1.8526,-0.5722,0.8013,-1.6835,-8.805,-5.1565,-0.0499,-0.6416,4.1949,2.5437,3.7299,2.8602
3.2228,0.4151,1.8194,-1.3919,1.8526,-0.5722,0.8013,-1.6835,-8.805,-5.1565,-0.0499,-0.6416,4.1949,2.5437,3.7299,2.8602
3.2157,0.4176,1.8253,-1.3901,1.8526,-0.5722,0.8162,-1.6799,-8.7462,-5.1773,-0.0573,-0.6437,4.1958,2.5343,3.7346,2.8535
3.2022,0.4136,1.8229,-1.3968,1.8312,-0.5715,0.7785,-1.6754,-8.7139,-5.1597,-0.0707,-0.6438,4.1966,2.5248,3.7299,2.8602
3.2022,0.4136,1.8229,-1.3968,1.8312,-0.5715,0.7785,-1.6754,-8.7139,-5.1597,-0.0707,-0.6438,4.1966,2.5248,3.7299,2.8602
3.1862,0.4134,1.8171,-1.3985,1.8222,-0.5786,0.7637,-1.6789,-8.805,-5.1565,-0.0893,-0.6492,4.1776,2.5194,3.7061,2.8585
3.1862,0.4134,1.8171,-1.3985,1.8222,-0.5786,0.7637,-1.6789,-8.805,-5.1565,-0.0893,-0.6492,4.1776,2.5194,3.7061,2.8585
3.1862,0.4134,1.8171,-1.3985,1.8222,-0.5786,0.7637,-1.6789,-8.805,-5.1565,-0.0893,-0.6492,4.1776,2.5194,3.7061,2.8585
3.1728,0.4094,1.8113,-1.4002,1.81,-0.5812,0.7718,-1.6905,-8.7729,-5.1389,-0.11,-0.6515,4.1736,2.5086,3.6951,2.8624
3.1728,0.4094,1.8113,-1.4002,1.81,-0.5812,0.7718,-1.6905,-8.7729,-5.1389,-0.11,-0.6515,4.1736,2.5086,3.6951,2.8624
3.1612,0.4106,1.802,-1.397,1.7979,-0.5838,0.757,-1.694,-8.8317,-5.1181,-0.1292,-0.6495,4.1566,2.5085,3.6887,2.8595
3.1612,0.4106,1.802,-1.397,1.7979,-0.5838,0.757,-1.694,-8.8317,-5.1181,-0.1292,-0.6495,4.1566,2.5085,3.6887,2.8595
3.1523,0.408,1.7962,-1.3987,1.7826,-0.5818,0.765,-1.7056,-8.8317,-5.1181,-0.1403,-0.6528,4.1471,2.5058,3.6824,2.8567
3.1523,0.408,1.7962,-1.3987,1.7826,-0.5818,0.765,-1.7056,-8.8317,-5.1181,-0.1403,-0.6528,4.1471,2.5058,3.6824,2.8567
3.1408,0.4091,1.787,-1.3954,1.7797,-0.5877,0.7502,-1.7091,-8.8317,-5.1181,-0.1477,-0.6549,4.1404,2.4991,3.676,2.8539
3.1408,0.4091,1.787,-1.3954,1.7797,-0.5877,0.7502,-1.7091,-8.8317,-5.1181,-0.1477,-0.6549,4.1404,2.4991,3.676,2.8539
3.1203,0.4077,1.7754,-1.3988,1.7492,-0.5838,0.7127,-1.7046,-8.805,-5.1565,-0.161,-0.655,4.1309,2.4964,3.6697,2.8511
3.1203,0.4077,1.7754,-1.3988,1.7492,-0.5838,0.7127,-1.7046,-8.805,-5.1565,-0.161,-0.655,4.1309,2.4964,3.6697,2.8511
3.1141,0.4012,1.7603,-1.3973,1.7371,-0.5864,0.69,-1.6966,-8.7729,-5.1389,-0.178,-0.6562,4.1166,2.4923,3.6523,2.8521
3.1141,0.4012,1.7603,-1.3973,1.7371,-0.5864,0.69,-1.6966,-8.7729,-5.1389,-0.178,-0.6562,4.1166,2.4923,3.6523,2.8521
3.0937,0.3997,1.7546,-1.399,1.7282,-0.5935,0.6753,-1.7001,-8.7729,-5.1389,-0.189,-0.6595,4.1072,2.4896,3.646,2.8493
3.0937,0.3997,1.7546,-1.399,1.7282,-0.5935,0.6753,-1.7001,-8.7729,-5.1389,-0.189,-0.6595,4.1072,2.4896,3.646,2.8493
3.0804,0.3957,1.7453,-1.3957,1.7101,-0.5974,0.6753,-1.7001,-8.805,-5.1565,-0.2133,-0.6628,4.091,2.4801,3.6333,2.8437
3.0804,0.3957,1.7453,-1.3957,1.7101,-0.5974,0.6753,-1.7001,-8.805,-5.1565,-0.2133,-0.6628,4.091,2.4801,3.6333,2.8437
3.0583,0.389,1.7338,-1.3992,1.6952,-0.6058,0.646,-1.7072,-8.8637,-5.1358,-0.2398,-0.6631,4.0721,2.4747,3.6253,2.8314
3.0583,0.389,1.7338,-1.3992,1.6952,-0.6058,0.646,-1.7072,-8.8637,-5.1358,-0.2398,-0.6631,4.0721,2.4747,3.6253,2.8314
3.0291,0.3849,1.7073,-1.401,1.6683,-0.6168,0.5941,-1.7062,-8.8637,-5.1358,-0.2618,-0.6696,4.0532,2.4693,3.6017,2.8296
3.0291,0.3849,1.7073,-1.401,1.6683,-0.6168,0.5941,-1.7062,-8.8637,-5.1358,-0.2618,-0.6696,4.0532,2.4693,3.6017,2.8296
3.0115,0.3795,1.7049,-1.4077,1.6411,-0.6174,0.5796,-1.7098,-8.8637,-5.1358,-0.2838,-0.6761,4.0316,2.4678,3.589,2.824
3.0115,0.3795,1.7049,-1.4077,1.6411,-0.6174,0.5796,-1.7098,-8.8637,-5.1358,-0.2838,-0.6761,4.0316,2.4678,3.589,2.824
2.9825,0.3754,1.6842,-1.4079,1.614,-0.6181,0.565,-1.7133,-8.8956,-5.1535,-0.3152,-0.6816,4.0156,2.4584,3.5592,2.8194
2.9579,0.3726,1.667,-1.413,1.581,-0.6201,0.5359,-1.7204,-8.8691,-5.1917,-0.3371,-0.6882,4.0015,2.4544,3.5357,2.8177
2.9579,0.3726,1.667,-1.413,1.581,-0.6201,0.5359,-1.7204,-8.8691,-5.1917,-0.3371,-0.6882,4.0015,2.4544,3.5357,2.8177
2.9579,0.3726,1.667,-1.413,1.581,-0.6201,0.5359,-1.7204,-8.8691,-5.1917,-0.3371,-0.6882,4.0015,2.4544,3.5357,2.8177
2.9289,0.3684,1.6497,-1.4182,1.5512,-0.6265,0.5148,-1.7389,-8.9275,-5.1711,-0.3568,-0.6978,3.9874,2.4503,3.5168,2.8093
2.9289,0.3684,1.6497,-1.4182,1.5512,-0.6265,0.5148,-1.7389,-8.9275,-5.1711,-0.3568,-0.6978,3.9874,2.4503,3.5168,2.8093
2.9,0.3642,1.6325,-1.4233,1.5274,-0.6317,0.4858,-1.7459,-8.9275,-5.1711,-0.3866,-0.6991,3.9659,2.4489,3.4934,2.8075
2.9,0.3642,1.6325,-1.4233,1.5274,-0.6317,0.4858,-1.7459,-8.9275,-5.1711,-0.3866,-0.6991,3.9659,2.4489,3.4934,2.8075
2.8756,0.3614,1.6119,-1.4235,1.4977,-0.6382,0.4793,-1.7609,-8.901,-5.2093,-0.42,-0.7015,3.9518,2.4448,3.4591,2.8096
2.8756,0.3614,1.6119,-1.4235,1.4977,-0.6382,0.4793,-1.7609,-8.901,-5.2093,-0.42,-0.7015,3.9518,2.4448,3.4591,2.8096
2.8468,0.3572,1.5947,-1.4286,1.4649,-0.6402,0.4583,-1.7793,-8.9275,-5.1711,-0.4417,-0.7081,3.9425,2.4421,3.4466,2.804
2.8468,0.3572,1.5947,-1.4286,1.4649,-0.6402,0.4583,-1.7793,-8.9275,-5.1711,-0.4417,-0.7081,3.9425,2.4421,3.4466,2.804
2.8294,0.3519,1.5799,-1.4271,1.4381,-0.6409,0.4583,-1.7793,-8.9857,-5.1505,-0.4656,-0.7114,3.9284,2.4381,3.4233,2.8022
2.8294,0.3519,1.5799,-1.4271,1.4381,-0.6409,0.4583,-1.7793,-8.9857,-5.1505,-0.4656,-0.7114,3.9284,2.4381,3.4233,2.8022
2.8294,0.3519,1.5799,-1.4271,1.4381,-0.6409,0.4583,-1.7793,-8.9857,-5.1505,-0.4656,-0.7114,3.9284,2.4381,3.4233,2.8022
2.8007,0.3477,1.5571,-1.4339,1.4055,-0.6429,0.4071,-1.7784,-9.0174,-5.1682,-0.4894,-0.7148,3.9117,2.438,3.4046,2.7938
2.7964,0.3464,1.5366,-1.4341,1.4055,-0.6429,0.4071,-1.7784,-9.0439,-5.13,-0.4894,-0.7148,3.9089,2.442,3.4046,2.7938
2.7964,0.3464,1.5366,-1.4341,1.4055,-0.6429,0.4071,-1.7784,-9.0439,-5.13,-0.4894,-0.7148,3.9089,2.442,3.4046,2.7938
2.8181,0.353,1.5366,-1.4341,1.4319,-0.6319,0.4215,-1.7749,-9.0754,-5.1477,-0.4619,-0.7104,3.9136,2.4433,3.4046,2.7938
2.8181,0.353,1.5366,-1.4341,1.4319,-0.6319,0.4215,-1.7749,-9.0754,-5.1477,-0.4619,-0.7104,3.9136,2.4433,3.4046,2.7938
2.8616,0.3663,1.5537,-1.429,1.4852,-0.6202,0.4569,-1.753,-9.0439,-5.13,-0.4113,-0.6952,3.9276,2.4474,3.4295,2.805
2.8616,0.3663,1.5537,-1.429,1.4852,-0.6202,0.4569,-1.753,-9.0439,-5.13,-0.4113,-0.6952,3.9276,2.4474,3.4295,2.805
2.8616,0.3663,1.5537,-1.429,1.4852,-0.6202,0.4569,-1.753,-9.0439,-5.13,-0.4113,-0.6952,3.9276,2.4474,3.4295,2.805
2.928,0.3773,1.5856,-1.4254,1.5506,-0.6059,0.5148,-1.7389,-8.9806,-5.0945,-0.332,-0.6828,3.951,2.4542,3.4825,2.8113
2.928,0.3773,1.5856,-1.4254,1.5506,-0.6059,0.5148,-1.7389,-8.9806,-5.0945,-0.332,-0.6828,3.951,2.4542,3.4825,2.8113
2.928,0.3773,1.5856,-1.4254,1.5506,-0.6059,0.5148,-1.7389,-8.9806,-5.0945,-0.332,-0.6828,3.951,2.4542,3.4825,2.8113
3.0432,0.403,1.652,-1.4115,1.6583,-0.5825,0.6314,-1.7107,-8.8637,-5.1358,-0.214,-0.6554,3.9744,2.4609,3.5625,2.8384
3.0432,0.403,1.652,-1.4115,1.6583,-0.5825,0.6314,-1.7107,-8.8637,-5.1358,-0.214,-0.6554,3.9744,2.4609,3.5625,2.8384
3.0432,0.403,1.652,-1.4115,1.6583,-0.5825,0.6314,-1.7107,-8.8637,-5.1358,-0.214,-0.6554,3.9744,2.4609,3.5625,2.8384
3.0769,0.4085,1.6785,-1.4096,1.6823,-0.5773,0.6753,-1.7001,-8.805,-5.1565,-0.1883,-0.6478,3.9818,2.4583,3.5877,2.8497
3.0769,0.4085,1.6785,-1.4096,1.6823,-0.5773,0.6753,-1.7001,-8.805,-5.1565,-0.1883,-0.6478,3.9818,2.4583,3.5877,2.8497
3.0946,0.4139,1.69,-1.4062,1.6944,-0.5747,0.69,-1.6966,-8.8904,-5.0973,-0.1772,-0.6445,3.9818,2.4583,3.6004,2.8553
3.099,0.4152,1.7084,-1.4127,1.7004,-0.5734,0.7047,-1.693,-8.8317,-5.1181,-0.1772,-0.6445,3.9874,2.4503,3.6067,2.8581
3.099,0.4152,1.7084,-1.4127,1.7004,-0.5734,0.7047,-1.693,-8.8317,-5.1181,-0.1772,-0.6445,3.9874,2.4503,3.6067,2.8581
3.0875,0.4164,1.69,-1.4062,1.6792,-0.5727,0.6673,-1.6885,-8.8584,-5.0795,-0.1809,-0.6456,3.9835,2.4396,3.6177,2.8543
3.0875,0.4164,1.69,-1.4062,1.6792,-0.5727,0.6673,-1.6885,-8.8584,-5.0795,-0.1809,-0.6456,3.9835,2.4396,3.6177,2.8543
3.0715,0.4162,1.69,-1.4062,1.6672,-0.5754,0.6753,-1.7001,-8.8904,-5.0973,-0.192,-0.6489,3.9703,2.4263,3.6067,2.8581
3.0715,0.4162,1.69,-1.4062,1.6672,-0.5754,0.6753,-1.7001,-8.8904,-5.0973,-0.192,-0.6489,3.9703,2.4263,3.6067,2.8581
3.0583,0.4122,1.6842,-1.4079,1.6491,-0.5793,0.6607,-1.7036,-8.8904,-5.0973,-0.203,-0.6522,3.9524,2.4116,3.6004,2.8553
3.0583,0.4122,1.6842,-1.4079,1.6491,-0.5793,0.6607,-1.7036,-8.8904,-5.0973,-0.203,-0.6522,3.9524,2.4116,3.6004,2.8553
3.0406,0.4068,1.6693,-1.4064,1.6311,-0.5832,0.6234,-1.6992,-8.8904,-5.0973,-0.2258,-0.6513,3.9373,2.393,3.5987,2.8458
3.0203,0.4053,1.6635,-1.4081,1.6132,-0.5871,0.6167,-1.7142,-8.8904,-5.0973,-0.239,-0.6514,3.9222,2.3744,3.5814,2.8469
3.0203,0.4053,1.6635,-1.4081,1.6132,-0.5871,0.6167,-1.7142,-8.8904,-5.0973,-0.239,-0.6514,3.9222,2.3744,3.5814,2.8469
3.0088,0.4065,1.6543,-1.4048,1.6163,-0.5916,0.6088,-1.7027,-8.8584,-5.0795,-0.2485,-0.6504,3.9063,2.3651,3.5814,2.8469
3.0088,0.4065,1.6543,-1.4048,1.6163,-0.5916,0.6088,-1.7027,-8.8584,-5.0795,-0.2485,-0.6504,3.9063,2.3651,3.5814,2.8469
3.0088,0.4065,1.6543,-1.4048,1.6163,-0.5916,0.6088,-1.7027,-8.8584,-5.0795,-0.2485,-0.6504,3.9063,2.3651,3.5814,2.8469
2.9956,0.4025,1.6429,-1.4082,1.5952,-0.591,0.5796,-1.7098,-8.8904,-5.0973,-0.2581,-0.6494,3.8783,2.3571,3.5688,2.8412
2.9956,0.4025,1.6429,-1.4082,1.5952,-0.591,0.5796,-1.7098,-8.8904,-5.0973,-0.2581,-0.6494,3.8783,2.3571,3.5688,2.8412
2.9956,0.4025,1.6429,-1.4082,1.5952,-0.591,0.5796,-1.7098,-8.8904,-5.0973,-0.2581,-0.6494,3.8783,2.3571,3.5688,2.8412
2.9868,0.3998,1.628,-1.4067,1.5801,-0.5891,0.5796,-1.7098,-8.9222,-5.1151,-0.2661,-0.6442,3.8698,2.3452,3.5688,2.8412
2.9868,0.3998,1.628,-1.4067,1.5801,-0.5891,0.5796,-1.7098,-8.9222,-5.1151,-0.2661,-0.6442,3.8698,2.3452,3.5688,2.8412
2.9868,0.3998,1.628,-1.4067,1.5801,-0.5891,0.5796,-1.7098,-8.9222,-5.1151,-0.2661,-0.6442,3.8698,2.3452,3.5688,2.8412
2.9604,0.3918,1.6016,-1.4086,1.5563,-0.5943,0.5345,-1.6938,-9.0174,-5.1682,-0.2683,-0.641,3.8172,2.3489,3.5595,2.8546
2.9604,0.3918,1.6016,-1.4086,1.5563,-0.5943,0.5345,-1.6938,-9.0174,-5.1682,-0.2683,-0.641,3.8172,2.3489,3.5595,2.8546
2.9359,0.389,1.5902,-1.4121,1.5474,-0.6014,0.5199,-1.6974,-9.1381,-5.1829,-0.2837,-0.638,3.7665,2.3579,3.5503,2.868
2.9359,0.389,1.5902,-1.4121,1.5474,-0.6014,0.5199,-1.6974,-9.1381,-5.1829,-0.2837,-0.638,3.7665,2.3579,3.5503,2.868
2.9359,0.389,1.5902,-1.4121,1.5474,-0.6014,0.5199,-1.6974,-9.1381,-5.1829,-0.2837,-0.638,3.7665,2.3579,3.5503,2.868
2.9113,0.3861,1.5822,-1.4204,1.5236,-0.6066,0.5199,-1.6974,-9.2627,-5.253,-0.3174,-0.6404,3.7004,2.3576,3.5393,2.8718
2.9113,0.3861,1.5822,-1.4204,1.5236,-0.6066,0.5199,-1.6974,-9.2627,-5.253,-0.3174,-0.6404,3.7004,2.3576,3.5393,2.8718
2.8764,0.3754,1.5502,-1.424,1.4999,-0.6118,0.5054,-1.7009,-9.3861,-5.3224,-0.3597,-0.6493,3.6254,2.3544,3.5158,2.87
2.8764,0.3754,1.5502,-1.424,1.4999,-0.6118,0.5054,-1.7009,-9.3861,-5.3224,-0.3597,-0.6493,3.6254,2.3544,3.5158,2.87
2.8432,0.3699,1.5366,-1.4341,1.4702,-0.6183,0.4764,-1.708,-9.5083,-5.3912,-0.42,-0.6636,3.5371,2.3473,3.4798,2.8626
2.8058,0.3631,1.5047,-1.4377,1.4437,-0.6293,0.462,-1.7116,-9.5992,-5.4424,-0.4815,-0.6822,3.4611,2.3388,3.4314,2.8495
2.7781,0.35,1.482,-1.4446,1.4083,-0.6371,0.4331,-1.7187,-9.7147,-5.4568,-0.5556,-0.7008,3.3873,2.3355,3.3878,2.8297
2.7781,0.35,1.482,-1.4446,1.4083,-0.6371,0.4331,-1.7187,-9.7147,-5.4568,-0.5556,-0.7008,3.3873,2.3355,3.3878,2.8297
2.7781,0.35,1.482,-1.4446,1.4083,-0.6371,0.4331,-1.7187,-9.7147,-5.4568,-0.5556,-0.7008,3.3873,2.3355,3.3878,2.8297
2.7469,0.3496,1.465,-1.4497,1.3816,-0.6378,0.3963,-1.7143,-9.7744,-5.4907,-0.6179,-0.7235,3.3416,2.3312,3.3336,2.8139
2.7469,0.3496,1.465,-1.4497,1.3816,-0.6378,0.3963,-1.7143,-9.7744,-5.4907,-0.6179,-0.7235,3.3416,2.3312,3.3336,2.8139
2.7469,0.3496,1.465,-1.4497,1.3816,-0.6378,0.3963,-1.7143,-9.7744,-5.4907,-0.6179,-0.7235,3.3416,2.3312,3.3336,2.8139
2.7141,0.344,1.4368,-1.4582,1.3432,-0.6411,0.3532,-1.725,-9.8042,-5.5076,-0.6749,-0.7409,3.3094,2.3309,3.2903,2.7942
2.6925,0.3374,1.4108,-1.4601,1.3139,-0.6477,0.3245,-1.732,-9.859,-5.4882,-0.7282,-0.7571,3.2906,2.3346,3.2533,2.7774
2.6641,0.3332,1.3939,-1.4653,1.2936,-0.6573,0.3038,-1.7505,-9.859,-5.4882,-0.7706,-0.7701,3.2924,2.3398,3.2057,2.7644
2.6641,0.3332,1.3939,-1.4653,1.2936,-0.6573,0.3038,-1.7505,-9.859,-5.4882,-0.7706,-0.7701,3.2924,2.3398,3.2057,2.7644
2.6641,0.3332,1.3939,-1.4653,1.2936,-0.6573,0.3038,-1.7505,-9.859,-5.4882,-0.7706,-0.7701,3.2924,2.3398,3.2057,2.7644
2.6401,0.3303,1.368,-1.4672,1.2613,-0.6594,0.2753,-1.7576,-9.7744,-5.4907,-0.7932,-0.7808,3.3031,2.3477,3.1766,2.7598
2.6401,0.3303,1.368,-1.4672,1.2613,-0.6594,0.2753,-1.7576,-9.7744,-5.4907,-0.7932,-0.7808,3.3031,2.3477,3.1766,2.7598
2.616,0.3274,1.3511,-1.4723,1.2232,-0.6627,0.2468,-1.7647,-9.7997,-5.4543,-0.8178,-0.7883,3.312,2.3504,3.1476,2.7552
2.616,0.3274,1.3511,-1.4723,1.2232,-0.6627,0.2468,-1.7647,-9.7997,-5.4543,-0.8178,-0.7883,3.312,2.3504,3.1476,2.7552
2.616,0.3274,1.3511,-1.4723,1.2232,-0.6627,0.2468,-1.7647,-9.7997,-5.4543,-0.8178,-0.7883,3.312,2.3504,3.1476,2.7552
2.5894,0.3283,1.3219,-1.4694,1.1969,-0.6635,0.2404,-1.7795,-9.7997,-5.4543,-0.8411,-0.7917,3.321,2.3531,3.1187,2.7506
2.5894,0.3283,1.3219,-1.4694,1.1969,-0.6635,0.2404,-1.7795,-9.7997,-5.4543,-0.8411,-0.7917,3.321,2.3531,3.1187,2.7506
2.5997,0.336,1.3141,-1.4777,1.2081,-0.6507,0.2262,-1.783,-9.7655,-5.3836,-0.8129,-0.7831,3.3541,2.3678,3.1081,2.7544
2.5997,0.336,1.3141,-1.4777,1.2081,-0.6507,0.2262,-1.783,-9.7655,-5.3836,-0.8129,-0.7831,3.3541,2.3678,3.1081,2.7544
2.6425,0.3494,1.3219,-1.4694,1.2637,-0.6434,0.2689,-1.7725,-9.7057,-5.3493,-0.753,-0.7647,3.3927,2.3747,3.1431,2.7618
2.6425,0.3494,1.3219,-1.4694,1.2637,-0.6434,0.2689,-1.7725,-9.7057,-5.3493,-0.753,-0.7647,3.3927,2.3747,3.1431,2.7618
2.6425,0.3494,1.3219,-1.4694,1.2637,-0.6434,0.2689,-1.7725,-9.7057,-5.3493,-0.753,-0.7647,3.3927,2.3747,3.1431,2.7618
2.7027,0.368,1.359,-1.464,1.3249,-0.6246,0.3102,-1.7356,-9.6201,-5.3517,-0.6671,-0.746,3.4242,2.3842,3.1843,2.772
2.7027,0.368,1.359,-1.464,1.3249,-0.6246,0.3102,-1.7356,-9.6201,-5.3517,-0.6671,-0.746,3.4242,2.3842,3.1843,2.772
2.7753,0.3767,1.3871,-1.4555,1.3837,-0.6115,0.3596,-1.71,-9.5945,-5.3886,-0.5971,-0.7285,3.4539,2.3885,3.241,2.7718
2.7753,0.3767,1.3871,-1.4555,1.3837,-0.6115,0.3596,-1.71,-9.5945,-5.3886,-0.5971,-0.7285,3.4539,2.3885,3.241,2.7718
2.8353,0.3813,1.4187,-1.4518,1.4309,-0.601,0.3949,-1.6879,-9.5643,-5.3714,-0.5376,-0.7143,3.472,2.3939,3.2779,2.7886
2.8353,0.3813,1.4187,-1.4518,1.4309,-0.601,0.3949,-1.6879,-9.5643,-5.3714,-0.5376,-0.7143,3.472,2.3939,3.2779,2.7886
2.8658,0.3907,1.4356,-1.4467,1.4605,-0.5945,0.4461,-1.6886,-9.5083,-5.3912,-0.5053,-0.7045,3.4811,2.3966,3.318,2.7894
2.8658,0.3907,1.4356,-1.4467,1.4605,-0.5945,0.4461,-1.6886,-9.5083,-5.3912,-0.5053,-0.7045,3.4811,2.3966,3.318,2.7894
2.8789,0.3947,1.4469,-1.4433,1.4783,-0.5906,0.475,-1.6815,-9.5339,-5.3542,-0.4872,-0.6991,3.4883,2.394,3.3365,2.7978
2.8789,0.3947,1.4469,-1.4433,1.4783,-0.5906,0.475,-1.6815,-9.5339,-5.3542,-0.4872,-0.6991,3.4883,2.394,3.3365,2.7978
2.8772,0.3895,1.4503,-1.4482,1.4755,-0.5964,0.475,-1.6815,-9.6201,-5.3517,-0.493,-0.697,3.4765,2.3952,3.332,2.8044
2.8772,0.3895,1.4503,-1.4482,1.4755,-0.5964,0.475,-1.6815,-9.6201,-5.3517,-0.493,-0.697,3.4765,2.3952,3.332,2.8044
2.8772,0.3895,1.4503,-1.4482,1.4755,-0.5964,0.475,-1.6815,-9.6201,-5.3517,-0.493,-0.697,3.4765,2.3952,3.332,2.8044
2.8615,0.3893,1.4412,-1.445,1.4605,-0.5945,0.4605,-1.6851,-9.6201,-5.3517,-0.498,-0.7023,3.4747,2.39,3.332,2.8044
2.844,0.384,1.4447,-1.4499,1.4518,-0.6016,0.4605,-1.6851,-9.5945,-5.3886,-0.5182,-0.7046,3.4657,2.3873,3.3104,2.8121
2.844,0.384,1.4447,-1.4499,1.4518,-0.6016,0.4605,-1.6851,-9.5945,-5.3886,-0.5182,-0.7046,3.4657,2.3873,3.3104,2.8121
2.844,0.384,1.4447,-1.4499,1.4518,-0.6016,0.4605,-1.6851,-9.5945,-5.3886,-0.5182,-0.7046,3.4657,2.3873,3.3104,2.8121
2.811,0.3785,1.4187,-1.4518,1.4132,-0.605,0.4316,-1.6922,-9.5643,-5.3714,-0.5419,-0.708,3.4539,2.3885,3.3104,2.8121
2.811,0.3785,1.4187,-1.4518,1.4132,-0.605,0.4316,-1.6922,-9.5643,-5.3714,-0.5419,-0.708,3.4539,2.3885,3.3104,2.8121
2.811,0.3785,1.4187,-1.4518,1.4132,-0.605,0.4316,-1.6922,-9.5643,-5.3714,-0.5419,-0.708,3.4539,2.3885,3.3104,2.8121
2.7624,0.3727,1.4017,-1.457,1.3747,-0.6083,0.4252,-1.7072,-9.5945,-5.3886,-0.5871,-0.7179,3.4422,2.3896,3.2811,2.8074
2.7624,0.3727,1.4017,-1.457,1.3747,-0.6083,0.4252,-1.7072,-9.5945,-5.3886,-0.5871,-0.7179,3.4422,2.3896,3.2811,2.8074
2.7468,0.3725,1.3905,-1.4604,1.3661,-0.6154,0.4028,-1.6993,-9.5945,-5.3886,-0.6015,-0.7223,3.4395,2.3936,3.2795,2.798
2.7468,0.3725,1.3905,-1.4604,1.3661,-0.6154,0.4028,-1.6993,-9.5945,-5.3886,-0.6015,-0.7223,3.4395,2.3936,3.2795,2.798
2.7355,0.3736,1.3758,-1.4589,1.3602,-0.6167,0.3884,-1.7029,-9.6247,-5.4057,-0.6179,-0.7235,3.4395,2.3936,3.2565,2.7962
2.7242,0.3747,1.3522,-1.4542,1.3453,-0.6149,0.374,-1.7064,-9.6502,-5.3689,-0.6215,-0.7246,3.444,2.3949,3.261,2.7896
2.7242,0.3747,1.3522,-1.4542,1.3453,-0.6149,0.374,-1.7064,-9.6502,-5.3689,-0.6215,-0.7246,3.444,2.3949,3.261,2.7896
2.7199,0.3734,1.3522,-1.4542,1.3363,-0.6117,0.3819,-1.7179,-9.5945,-5.3886,-0.6272,-0.7226,3.463,2.3912,3.2549,2.7868
2.7199,0.3734,1.3522,-1.4542,1.3363,-0.6117,0.3819,-1.7179,-9.5945,-5.3886,-0.6272,-0.7226,3.463,2.3912,3.2549,2.7868
2.7199,0.3734,1.3522,-1.4542,1.3363,-0.6117,0.3819,-1.7179,-9.5945,-5.3886,-0.6272,-0.7226,3.463,2.3912,3.2549,2.7868
2.7173,0.3772,1.3488,-1.4493,1.3394,-0.6162,0.3963,-1.7143,-9.6201,-5.3517,-0.6343,-0.7248,3.4675,2.3925,3.2549,2.7868
2.7173,0.3772,1.3488,-1.4493,1.3394,-0.6162,0.3963,-1.7143,-9.6201,-5.3517,-0.6343,-0.7248,3.4675,2.3925,3.2549,2.7868
2.7087,0.3745,1.3432,-1.451,1.3246,-0.6143,0.3819,-1.7179,-9.6201,-5.3517,-0.6379,-0.7258,3.482,2.3874,3.2487,2.784
2.7087,0.3745,1.3432,-1.451,1.3246,-0.6143,0.3819,-1.7179,-9.6201,-5.3517,-0.6379,-0.7258,3.482,2.3874,3.2487,2.784
2.6974,0.3756,1.3376,-1.4528,1.3129,-0.6169,0.3596,-1.71,-9.6201,-5.3517,-0.6508,-0.726,3.4892,2.3848,3.2426,2.7812
2.6974,0.3756,1.3376,-1.4528,1.3129,-0.6169,0.3596,-1.71,-9.6201,-5.3517,-0.6508,-0.726,3.4892,2.3848,3.2426,2.7812
2.6819,0.3754,1.3353,-1.4594,1.2922,-0.6164,0.3374,-1.7021,-9.6201,-5.3517,-0.6615,-0.7293,3.4874,2.3796,3.2211,2.7888
2.6819,0.3754,1.3353,-1.4594,1.2922,-0.6164,0.3374,-1.7021,-9.6201,-5.3517,-0.6615,-0.7293,3.4874,2.3796,3.2211,2.7888
2.6604,0.3687,1.3095,-1.4613,1.2599,-0.6184,0.3087,-1.7092,-9.5899,-5.3345,-0.68,-0.7274,3.4829,2.3782,3.215,2.786
2.6604,0.3687,1.3095,-1.4613,1.2599,-0.6184,0.3087,-1.7092,-9.5899,-5.3345,-0.68,-0.7274,3.4829,2.3782,3.215,2.786
2.6363,0.3658,1.2894,-1.4616,1.2334,-0.6192,0.2944,-1.7128,-9.6457,-5.3148,-0.6978,-0.7328,3.4666,2.3781,3.1982,2.787
2.6363,0.3658,1.2894,-1.4616,1.2334,-0.6192,0.2944,-1.7128,-9.6457,-5.3148,-0.6978,-0.7328,3.4666,2.3781,3.1982,2.787
2.6363,0.3658,1.2894,-1.4616,1.2334,-0.6192,0.2944,-1.7128,-9.6457,-5.3148,-0.6978,-0.7328,3.4666,2.3781,3.1982,2.787
2.6192,0.3605,1.2692,-1.4618,1.2101,-0.6245,0.2801,-1.7164,-9.6201,-5.3517,-0.7155,-0.7383,3.4576,2.3754,3.1859,2.7814
2.6192,0.3605,1.2692,-1.4618,1.2101,-0.6245,0.2801,-1.7164,-9.6201,-5.3517,-0.7155,-0.7383,3.4576,2.3754,3.1859,2.7814
2.6192,0.3605,1.2692,-1.4618,1.2101,-0.6245,0.2801,-1.7164,-9.6201,-5.3517,-0.7155,-0.7383,3.4576,2.3754,3.1859,2.7814
2.5669,0.3533,1.2324,-1.4672,1.149,-0.6331,0.2374,-1.727,-9.6201,-5.3517,-0.7658,-0.7462,3.4251,2.3751,3.1508,2.7739
2.5669,0.3533,1.2324,-1.4672,1.149,-0.6331,0.2374,-1.727,-9.6201,-5.3517,-0.7658,-0.7462,3.4251,2.3751,3.1508,2.7739
2.543,0.3504,1.2212,-1.4706,1.1289,-0.6428,0.2011,-1.7228,-9.5945,-5.3886,-0.7905,-0.7538,3.4089,2.3749,3.1325,2.7655
2.543,0.3504,1.2212,-1.4706,1.1289,-0.6428,0.2011,-1.7228,-9.5945,-5.3886,-0.7905,-0.7538,3.4089,2.3749,3.1325,2.7655
2.5149,0.3461,1.2046,-1.4757,1.0942,-0.6507,0.1585,-1.7335,-9.6502,-5.3689,-0.8173,-0.7583,3.3954,2.3709,3.1035,2.7609
2.5149,0.3461,1.2046,-1.4757,1.0942,-0.6507,0.1585,-1.7335,-9.6502,-5.3689,-0.8173,-0.7583,3.3954,2.3709,3.1035,2.7609
2.4825,0.3405,1.1824,-1.4826,1.0508,-0.6554,0.1161,-1.7442,-9.6502,-5.3689,-0.8476,-0.7639,3.3792,2.3707,3.0701,2.7628
2.4825,0.3405,1.1824,-1.4826,1.0508,-0.6554,0.1161,-1.7442,-9.6502,-5.3689,-0.8476,-0.7639,3.3792,2.3707,3.0701,2.7628
2.4529,0.3312,1.1602,-1.4894,1.0106,-0.6646,0.0958,-1.7626,-9.6502,-5.3689,-0.8778,-0.7694,3.363,2.3705,3.0413,2.7582
2.4529,0.3312,1.1602,-1.4894,1.0106,-0.6646,0.0958,-1.7626,-9.6502,-5.3689,-0.8778,-0.7694,3.363,2.3705,3.0413,2.7582
2.4207,0.3256,1.1381,-1.4962,0.9762,-0.6725,0.0676,-1.7697,-9.6201,-5.3517,-0.901,-0.7729,3.3559,2.3731,3.0247,2.7591
2.4207,0.3256,1.1381,-1.4962,0.9762,-0.6725,0.0676,-1.7697,-9.6201,-5.3517,-0.901,-0.7729,3.3559,2.3731,3.0247,2.7591
2.4013,0.324,1.1215,-1.5013,0.9705,-0.6738,0.0536,-1.7732,-9.6502,-5.3689,-0.9136,-0.7731,3.3559,2.3731,3.002,2.7573
2.4013,0.324,1.1215,-1.5013,0.9705,-0.6738,0.0536,-1.7732,-9.6502,-5.3689,-0.9136,-0.7731,3.3559,2.3731,3.002,2.7573
2.4071,0.3304,1.116,-1.5031,0.9903,-0.6641,0.0458,-1.762,-9.6247,-5.4057,-0.8905,-0.7696,3.3648,2.3758,3.0126,2.7536
2.4071,0.3304,1.116,-1.5031,0.9903,-0.6641,0.0458,-1.762,-9.6247,-5.4057,-0.8905,-0.7696,3.3648,2.3758,3.0126,2.7536
2.4409,0.3411,1.1215,-1.5013,1.0362,-0.6536,0.0598,-1.7584,-9.6502,-5.3689,-0.8357,-0.7564,3.3783,2.3798,3.0262,2.7685
2.4409,0.3411,1.1215,-1.5013,1.0362,-0.6536,0.0598,-1.7584,-9.6502,-5.3689,-0.8357,-0.7564,3.3783,2.3798,3.0262,2.7685
2.5054,0.3523,1.1436,-1.4945,1.0908,-0.6361,0.1161,-1.7442,-9.5945,-5.3886,-0.7609,-0.7409,3.399,2.3813,3.0717,2.7722
2.5633,0.3659,1.1713,-1.486,1.1544,-0.6216,0.1727,-1.7299,-9.5643,-5.3714,-0.6892,-0.7265,3.4053,2.388,3.1082,2.789
2.5633,0.3659,1.1713,-1.486,1.1544,-0.6216,0.1727,-1.7299,-9.5643,-5.3714,-0.6892,-0.7265,3.4053,2.388,3.1082,2.789
2.5633,0.3659,1.1713,-1.486,1.1544,-0.6216,0.1727,-1.7299,-9.5643,-5.3714,-0.6892,-0.7265,3.4053,2.388,3.1082,2.789
2.6199,0.3745,1.2079,-1.4806,1.1978,-0.6066,0.2153,-1.7192,-9.5899,-5.3345,-0.6315,-0.7164,3.417,2.3868,3.1493,2.7993
2.6199,0.3745,1.2079,-1.4806,1.1978,-0.6066,0.2153,-1.7192,-9.5899,-5.3345,-0.6315,-0.7164,3.417,2.3868,3.1493,2.7993
2.6611,0.3827,1.2302,-1.4738,1.2327,-0.5987,0.2722,-1.705,-9.5339,-5.3542,-0.6029,-0.7077,3.4215,2.3881,3.1783,2.8039
2.6611,0.3827,1.2302,-1.4738,1.2327,-0.5987,0.2722,-1.705,-9.5339,-5.3542,-0.6029,-0.7077,3.4215,2.3881,3.1783,2.8039
2.6809,0.3843,1.2413,-1.4704,1.2412,-0.5916,0.3087,-1.7092,-9.5596,-5.3172,-0.5865,-0.7064,3.4242,2.3842,3.1967,2.8123
2.6809,0.3843,1.2413,-1.4704,1.2412,-0.5916,0.3087,-1.7092,-9.5596,-5.3172,-0.5865,-0.7064,3.4242,2.3842,3.1967,2.8123
2.6809,0.3843,1.2379,-1.4655,1.2443,-0.5961,0.3087,-1.7092,-9.5339,-5.3542,-0.5936,-0.7086,3.4269,2.3803,3.2136,2.8114
2.6654,0.3841,1.2413,-1.4704,1.2327,-0.5987,0.3087,-1.7092,-9.6457,-5.3148,-0.6137,-0.7109,3.4206,2.3737,3.212,2.802
2.6654,0.3841,1.2413,-1.4704,1.2327,-0.5987,0.3087,-1.7092,-9.6457,-5.3148,-0.6137,-0.7109,3.4206,2.3737,3.212,2.802
2.6654,0.3841,1.2413,-1.4704,1.2327,-0.5987,0.3087,-1.7092,-9.6457,-5.3148,-0.6137,-0.7109,3.4206,2.3737,3.212,2.802
2.6482,0.3787,1.2358,-1.4721,1.2094,-0.604,0.2801,-1.7164,-9.6201,-5.3517,-0.6372,-0.7144,3.4089,2.3749,3.2013,2.8057
2.6482,0.3787,1.2358,-1.4721,1.2094,-0.604,0.2801,-1.7164,-9.6201,-5.3517,-0.6372,-0.7144,3.4089,2.3749,3.2013,2.8057
2.6482,0.3787,1.2358,-1.4721,1.2094,-0.604,0.2801,-1.7164,-9.6201,-5.3517,-0.6372,-0.7144,3.4089,2.3749,3.2013,2.8057
2.6241,0.3758,1.2246,-1.4755,1.1861,-0.6092,0.2437,-1.7121,-9.6457,-5.3148,-0.6551,-0.7198,3.4044,2.3736,3.1952,2.8029
2.6001,0.3729,1.2101,-1.474,1.1718,-0.6177,0.2153,-1.7192,-9.6457,-5.3148,-0.6786,-0.7232,3.3999,2.3722,3.1829,2.7973
2.5873,0.3689,1.1956,-1.4726,1.1513,-0.6171,0.2011,-1.7228,-9.5899,-5.3345,-0.6928,-0.7275,3.3954,2.3709,3.1707,2.7917
2.5873,0.3689,1.1956,-1.4726,1.1513,-0.6171,0.2011,-1.7228,-9.5899,-5.3345,-0.6928,-0.7275,3.3954,2.3709,3.1707,2.7917
2.5693,0.3724,1.1901,-1.4743,1.1397,-0.6198,0.1869,-1.7264,-9.5643,-5.3714,-0.7056,-0.7277,3.3882,2.3734,3.1645,2.7889
2.5693,0.3724,1.1901,-1.4743,1.1397,-0.6198,0.1869,-1.7264,-9.5643,-5.3714,-0.7056,-0.7277,3.3882,2.3734,3.1645,2.7889
2.5538,0.3721,1.179,-1.4777,1.1223,-0.6237,0.1507,-1.7221,-9.5643,-5.3714,-0.7127,-0.7299,3.3882,2.3734,3.1539,2.7927
2.5538,0.3721,1.179,-1.4777,1.1223,-0.6237,0.1507,-1.7221,-9.5643,-5.3714,-0.7127,-0.7299,3.3882,2.3734,3.1539,2.7927
2.547,0.3746,1.1701,-1.4746,1.1135,-0.6206,0.1585,-1.7335,-9.6502,-5.3689,-0.7198,-0.7321,3.3864,2.3682,3.1478,2.7899
2.547,0.3746,1.1701,-1.4746,1.1135,-0.6206,0.1585,-1.7335,-9.6502,-5.3689,-0.7198,-0.7321,3.3864,2.3682,3.1478,2.7899
2.547,0.3746,1.1701,-1.4746,1.1135,-0.6206,0.1585,-1.7335,-9.6502,-5.3689,-0.7198,-0.7321,3.3864,2.3682,3.1478,2.7899
2.547,0.3746,1.1667,-1.4697,1.1135,-0.6206,0.1806,-1.7413,-9.6201,-5.3517,-0.7198,-0.7321,3.3837,2.372,3.1478,2.7899
2.547,0.3746,1.1667,-1.4697,1.1135,-0.6206,0.1806,-1.7413,-9.6201,-5.3517,-0.7198,-0.7321,3.3837,2.372,3.1478,2.7899
2.547,0.3746,1.1667,-1.4697,1.1135,-0.6206,0.1806,-1.7413,-9.6201,-5.3517,-0.7198,-0.7321,3.3837,2.372,3.1478,2.7899
2.5316,0.3743,1.1645,-1.4763,1.0961,-0.6245,0.1444,-1.737,-9.6201,-5.3517,-0.7269,-0.7342,3.3765,2.3746,3.1478,2.7899
2.5316,0.3743,1.1645,-1.4763,1.0961,-0.6245,0.1444,-1.737,-9.6201,-5.3517,-0.7269,-0.7342,3.3765,2.3746,3.1478,2.7899
2.5316,0.3743,1.1645,-1.4763,1.0961,-0.6245,0.1444,-1.737,-9.6201,-5.3517,-0.7269,-0.7342,3.3765,2.3746,3.1478,2.7899
2.5035,0.37,1.1479,-1.4814,1.0673,-0.6311,0.1161,-1.7442,-9.5643,-5.3714,-0.7538,-0.7387,3.3675,2.3719,3.1295,2.7815
2.5035,0.37,1.1479,-1.4814,1.0673,-0.6311,0.1161,-1.7442,-9.5643,-5.3714,-0.7538,-0.7387,3.3675,2.3719,3.1295,2.7815
2.4865,0.3647,1.1335,-1.48,1.0412,-0.6319,0.1099,-1.759,-9.5643,-5.3714,-0.7715,-0.7442,3.3559,2.3731,3.1127,2.7824
2.4865,0.3647,1.1335,-1.48,1.0412,-0.6319,0.1099,-1.759,-9.5643,-5.3714,-0.7715,-0.7442,3.3559,2.3731,3.1127,2.7824
2.4627,0.3617,1.1136,-1.4803,1.0182,-0.6372,0.0739,-1.7548,-9.6201,-5.3517,-0.7948,-0.7476,3.3442,2.3742,3.0899,2.7806
2.4627,0.3617,1.1136,-1.4803,1.0182,-0.6372,0.0739,-1.7548,-9.6201,-5.3517,-0.7948,-0.7476,3.3442,2.3742,3.0899,2.7806
2.4458,0.3564,1.1025,-1.4837,0.9953,-0.6425,0.0598,-1.7584,-9.6201,-5.3517,-0.8181,-0.751,3.3325,2.3754,3.0671,2.7787
2.4136,0.3507,1.0771,-1.4857,0.9521,-0.6473,0.0099,-1.7578,-9.6201,-5.3517,-0.8505,-0.7535,3.3281,2.3741,3.0444,2.7769
2.4136,0.3507,1.0771,-1.4857,0.9521,-0.6473,0.0099,-1.7578,-9.6201,-5.3517,-0.8505,-0.7535,3.3281,2.3741,3.0444,2.7769
2.3789,0.3489,1.0463,-1.4894,0.921,-0.6596,-0.0181,-1.7649,-9.6757,-5.332,-0.8821,-0.7633,3.3164,2.3752,3.0156,2.7722
2.3789,0.3489,1.0463,-1.4894,0.921,-0.6596,-0.0181,-1.7649,-9.6757,-5.332,-0.8821,-0.7633,3.3164,2.3752,3.0156,2.7722
2.3789,0.3489,1.0463,-1.4894,0.921,-0.6596,-0.0181,-1.7649,-9.6757,-5.332,-0.8821,-0.7633,3.3164,2.3752,3.0156,2.7722
2.3427,0.3419,1.0155,-1.4931,0.8724,-0.6657,-0.0599,-1.7756,-9.7057,-5.3493,-0.9227,-0.7722,3.3048,2.3764,2.9915,2.761
2.3427,0.3419,1.0155,-1.4931,0.8724,-0.6657,-0.0599,-1.7756,-9.7057,-5.3493,-0.9227,-0.7722,3.3048,2.3764,2.9915,2.761
2.2998,0.3373,0.9848,-1.4968,0.827,-0.6762,-0.1016,-1.7863,-9.7057,-5.3493,-0.9709,-0.776,3.2887,2.3762,2.9674,2.7499
2.2998,0.3373,0.9848,-1.4968,0.827,-0.6762,-0.1016,-1.7863,-9.7057,-5.3493,-0.9709,-0.776,3.2887,2.3762,2.9674,2.7499
2.2612,0.3341,0.9629,-1.5037,0.7788,-0.6824,-0.1371,-1.7822,-9.7611,-5.3297,-1.0113,-0.7848,3.2771,2.3774,2.9328,2.7424
2.2612,0.3341,0.9629,-1.5037,0.7788,-0.6824,-0.1371,-1.7822,-9.7611,-5.3297,-1.0113,-0.7848,3.2771,2.3774,2.9328,2.7424
2.2185,0.3294,0.9269,-1.5091,0.7306,-0.6885,-0.1709,-1.804,-9.8164,-5.3102,-1.0536,-0.7906,3.2583,2.3811,2.9042,2.7378
2.2185,0.3294,0.9269,-1.5091,0.7306,-0.6885,-0.1709,-1.804,-9.8164,-5.3102,-1.0536,-0.7906,3.2583,2.3811,2.9042,2.7378
2.176,0.3248,0.8963,-1.5128,0.6883,-0.6934,-0.22,-1.8035,-9.7909,-5.3469,-1.0834,-0.7962,3.2539,2.3797,2.8803,2.7266
2.176,0.3248,0.8963,-1.5128,0.6883,-0.6934,-0.22,-1.8035,-9.7909,-5.3469,-1.0834,-0.7962,3.2539,2.3797,2.8803,2.7266
2.146,0.3242,0.88,-1.518,0.6715,-0.6973,-0.2475,-1.8106,-9.7909,-5.3469,-1.1028,-0.7986,3.2468,2.3823,2.8683,2.721
2.146,0.3242,0.88,-1.518,0.6715,-0.6973,-0.2475,-1.8106,-9.7909,-5.3469,-1.1028,-0.7986,3.2468,2.3823,2.8683,2.721
2.146,0.3242,0.88,-1.518,0.6715,-0.6973,-0.2475,-1.8106,-9.7909,-5.3469,-1.1028,-0.7986,3.2468,2.3823,2.8683,2.721
2.146,0.3242,0.8659,-1.5166,0.6797,-0.6903,-0.2475,-1.8106,-9.7356,-5.3665,-1.0959,-0.7964,3.2485,2.3875,2.8579,2.7247
2.146,0.3242,0.8659,-1.5166,0.6797,-0.6903,-0.2475,-1.8106,-9.7356,-5.3665,-1.0959,-0.7964,3.2485,2.3875,2.8579,2.7247
2.2258,0.3409,0.893,-1.508,0.7748,-0.6578,-0.1864,-1.7817,-9.6802,-5.3861,-0.987,-0.7772,3.2869,2.3945,2.8833,2.7452
2.2258,0.3409,0.893,-1.508,0.7748,-0.6578,-0.1864,-1.7817,-9.6802,-5.3861,-0.987,-0.7772,3.2869,2.3945,2.8833,2.7452
2.2258,0.3409,0.893,-1.508,0.7748,-0.6578,-0.1864,-1.7817,-9.6802,-5.3861,-0.987,-0.7772,3.2869,2.3945,2.8833,2.7452
2.2868,0.356,0.929,-1.5026,0.8396,-0.6375,-0.1094,-1.7751,-9.6802,-5.3861,-0.9143,-0.7658,3.3092,2.4013,2.9237,2.7554
2.2868,0.356,0.929,-1.5026,0.8396,-0.6375,-0.1094,-1.7751,-9.6802,-5.3861,-0.9143,-0.7658,3.3092,2.4013,2.9237,2.7554
2.3397,0.3684,0.9596,-1.4988,0.8908,-0.6256,-0.0755,-1.7531,-9.6802,-5.3861,-0.854,-0.7546,3.3298,2.4029,2.9538,2.7694
2.3397,0.3684,0.9596,-1.4988,0.8908,-0.6256,-0.0755,-1.7531,-9.6802,-5.3861,-0.854,-0.7546,3.3298,2.4029,2.9538,2.7694
2.3397,0.3684,0.9596,-1.4988,0.8908,-0.6256,-0.0755,-1.7531,-9.6802,-5.3861,-0.854,-0.7546,3.3298,2.4029,2.9538,2.7694
2.3886,0.3794,0.9924,-1.4886,0.9364,-0.615,-0.0197,-1.7388,-9.6502,-5.3689,-0.8132,-0.7458,3.3387,2.4056,2.993,2.7703
2.3886,0.3794,0.9924,-1.4886,0.9364,-0.615,-0.0197,-1.7388,-9.6502,-5.3689,-0.8132,-0.7458,3.3387,2.4056,2.993,2.7703
2.4165,0.3837,1.0176,-1.4866,0.9535,-0.611,0.0161,-1.743,-9.6201,-5.3517,-0.7991,-0.7414,3.3387,2.4056,3.0051,2.7759
2.4165,0.3837,1.0176,-1.4866,0.9535,-0.611,0.0161,-1.743,-9.6201,-5.3517,-0.7991,-0.7414,3.3387,2.4056,3.0051,2.7759
2.4122,0.3824,1.0143,-1.4817,0.9421,-0.6137,0.0161,-1.743,-9.6757,-5.332,-0.8132,-0.7458,3.3298,2.4029,2.999,2.7732
2.4122,0.3824,1.0143,-1.4817,0.9421,-0.6137,0.0161,-1.743,-9.6757,-5.332,-0.8132,-0.7458,3.3298,2.4029,2.999,2.7732
2.4122,0.3824,1.0143,-1.4817,0.9421,-0.6137,0.0161,-1.743,-9.6757,-5.332,-0.8132,-0.7458,3.3298,2.4029,2.999,2.7732
2.3954,0.377,1.0033,-1.4852,0.9193,-0.619,-0.0197,-1.7388,-9.6502,-5.3689,-0.8421,-0.7472,3.3163,2.3988,2.9824,2.7741
2.3954,0.377,1.0033,-1.4852,0.9193,-0.619,-0.0197,-1.7388,-9.6502,-5.3689,-0.8421,-0.7472,3.3163,2.3988,2.9824,2.7741
2.3954,0.377,1.0033,-1.4852,0.9193,-0.619,-0.0197,-1.7388,-9.6502,-5.3689,-0.8421,-0.7472,3.3163,2.3988,2.9824,2.7741
2.3649,0.3764,0.9924,-1.4886,0.8877,-0.6212,-0.0476,-1.746,-9.7057,-5.3493,-0.8688,-0.7517,3.2985,2.3933,2.9704,2.7685
2.3649,0.3764,0.9924,-1.4886,0.8877,-0.6212,-0.0476,-1.746,-9.7057,-5.3493,-0.8688,-0.7517,3.2985,2.3933,2.9704,2.7685
2.3439,0.3697,0.9814,-1.492,0.865,-0.6265,-0.0755,-1.7531,-9.6802,-5.3861,-0.892,-0.7552,3.286,2.3801,2.9538,2.7694
2.3439,0.3697,0.9814,-1.492,0.865,-0.6265,-0.0755,-1.7531,-9.6802,-5.3861,-0.892,-0.7552,3.286,2.3801,2.9538,2.7694
2.3067,0.3715,0.9529,-1.4892,0.8191,-0.6269,-0.1033,-1.7603,-9.7655,-5.3836,-0.9124,-0.7503,3.2513,2.3602,2.9372,2.7703
2.3067,0.3715,0.9529,-1.4892,0.8191,-0.6269,-0.1033,-1.7603,-9.7655,-5.3836,-0.9124,-0.7503,3.2513,2.3602,2.9372,2.7703
2.3067,0.3715,0.9529,-1.4892,0.8191,-0.6269,-0.1033,-1.7603,-9.7655,-5.3836,-0.9124,-0.7503,3.2513,2.3602,2.9372,2.7703
2.3,0.3739,0.9386,-1.4878,0.8135,-0.6283,-0.125,-1.7526,-9.7655,-5.3836,-0.9089,-0.7492,3.2308,2.3586,2.9267,2.7741
2.3,0.3739,0.9386,-1.4878,0.8135,-0.6283,-0.125,-1.7526,-9.7655,-5.3836,-0.9089,-0.7492,3.2308,2.3586,2.9267,2.7741
2.2932,0.3763,0.9277,-1.4912,0.8048,-0.6252,-0.1311,-1.7674,-9.7952,-5.4008,-0.9054,-0.7481,3.2166,2.3636,2.9267,2.7741
2.2932,0.3763,0.9277,-1.4912,0.8048,-0.6252,-0.1311,-1.7674,-9.7952,-5.4008,-0.9054,-0.7481,3.2166,2.3636,2.9267,2.7741
2.2974,0.3777,0.9332,-1.4895,0.8104,-0.6239,-0.1033,-1.7603,-9.7952,-5.4008,-0.9032,-0.7512,3.197,2.3764,2.9222,2.7806
2.2974,0.3777,0.9332,-1.4895,0.8104,-0.6239,-0.1033,-1.7603,-9.7952,-5.4008,-0.9032,-0.7512,3.197,2.3764,2.9222,2.7806
2.288,0.3838,0.9332,-1.4895,0.8135,-0.6283,-0.1033,-1.7603,-9.7102,-5.4032,-0.9067,-0.7523,3.1808,2.3997,2.9282,2.7834
2.288,0.3838,0.9332,-1.4895,0.8135,-0.6283,-0.1033,-1.7603,-9.7102,-5.4032,-0.9067,-0.7523,3.1808,2.3997,2.9282,2.7834
2.2906,0.3801,0.9244,-1.4864,0.796,-0.6221,-0.1033,-1.7603,-9.7102,-5.4032,-0.9172,-0.7555,3.1745,2.4166,2.9222,2.7806
2.2906,0.3801,0.9244,-1.4864,0.796,-0.6221,-0.1033,-1.7603,-9.7102,-5.4032,-0.9172,-0.7555,3.1745,2.4166,2.9222,2.7806
2.2754,0.3798,0.9189,-1.4881,0.7904,-0.6234,-0.125,-1.7526,-9.7102,-5.4032,-0.9347,-0.761,3.1654,2.4374,2.9207,2.7713
2.2754,0.3798,0.9189,-1.4881,0.7904,-0.6234,-0.125,-1.7526,-9.7102,-5.4032,-0.9347,-0.761,3.1654,2.4374,2.9207,2.7713
2.2754,0.3798,0.9189,-1.4881,0.7904,-0.6234,-0.125,-1.7526,-9.7102,-5.4032,-0.9347,-0.761,3.1654,2.4374,2.9207,2.7713
2.2671,0.3771,0.9168,-1.4947,0.7647,-0.6244,-0.1388,-1.7562,-9.6294,-5.4594,-0.9543,-0.7633,3.1716,2.444,2.9042,2.7722
2.2671,0.3771,0.9168,-1.4947,0.7647,-0.6244,-0.1388,-1.7562,-9.6294,-5.4594,-0.9543,-0.7633,3.1716,2.444,2.9042,2.7722
2.2478,0.3754,0.9114,-1.4964,0.7509,-0.6328,-0.1527,-1.7598,-9.6848,-5.4398,-0.9717,-0.7687,3.176,2.4454,2.8922,2.7666
2.2285,0.3737,0.8939,-1.4902,0.7427,-0.6398,-0.1743,-1.7521,-9.7401,-5.4203,-0.9912,-0.7711,3.1787,2.4415,2.8697,2.7647
2.2285,0.3737,0.8939,-1.4902,0.7427,-0.6398,-0.1743,-1.7521,-9.7401,-5.4203,-0.9912,-0.7711,3.1787,2.4415,2.8697,2.7647
2.2051,0.3707,0.8863,-1.4984,0.7232,-0.6495,-0.2019,-1.7593,-9.7699,-5.4373,-1.0086,-0.7765,3.177,2.4362,2.8682,2.7554
2.2051,0.3707,0.8863,-1.4984,0.7232,-0.6495,-0.2019,-1.7593,-9.7699,-5.4373,-1.0086,-0.7765,3.177,2.4362,2.8682,2.7554
2.1844,0.364,0.858,-1.4957,0.7007,-0.6548,-0.2079,-1.7741,-9.8293,-5.4713,-1.0259,-0.782,3.1664,2.4282,2.8458,2.7535
2.1844,0.364,0.858,-1.4957,0.7007,-0.6548,-0.2079,-1.7741,-9.8293,-5.4713,-1.0259,-0.782,3.1664,2.4282,2.8458,2.7535
2.1636,0.3573,0.8384,-1.496,0.6783,-0.6601,-0.2432,-1.77,-9.9094,-5.4156,-1.0419,-0.7832,3.1505,2.428,2.8353,2.7572
2.1636,0.3573,0.8384,-1.496,0.6783,-0.6601,-0.2432,-1.77,-9.9094,-5.4156,-1.0419,-0.7832,3.1505,2.428,2.8353,2.7572
2.1636,0.3573,0.8384,-1.496,0.6783,-0.6601,-0.2432,-1.77,-9.9094,-5.4156,-1.0419,-0.7832,3.1505,2.428,2.8353,2.7572
2.1362,0.3529,0.8134,-1.4981,0.6442,-0.658,-0.2493,-1.7848,-9.9388,-5.4326,-1.0592,-0.7886,3.1328,2.4225,2.8189,2.7581
2.113,0.3499,0.7972,-1.5032,0.6219,-0.6633,-0.2844,-1.7808,-9.9136,-5.4689,-1.0799,-0.7952,3.1124,2.4209,2.807,2.7525
2.113,0.3499,0.7972,-1.5032,0.6219,-0.6633,-0.2844,-1.7808,-9.9136,-5.4689,-1.0799,-0.7952,3.1124,2.4209,2.807,2.7525
2.0898,0.3469,0.7777,-1.5036,0.6051,-0.6673,-0.2981,-1.7844,-9.9724,-5.5027,-1.1062,-0.7997,3.0948,2.4154,2.7892,2.7441
2.0898,0.3469,0.7777,-1.5036,0.6051,-0.6673,-0.2981,-1.7844,-9.9724,-5.5027,-1.1062,-0.7997,3.0948,2.4154,2.7892,2.7441
2.0707,0.3452,0.7583,-1.5039,0.5854,-0.6669,-0.3118,-1.7879,-9.9724,-5.5027,-1.1255,-0.8021,3.086,2.4127,2.7773,2.7385
2.0707,0.3452,0.7583,-1.5039,0.5854,-0.6669,-0.3118,-1.7879,-9.9724,-5.5027,-1.1255,-0.8021,3.086,2.4127,2.7773,2.7385
2.0707,0.3452,0.7442,-1.5025,0.591,-0.6656,-0.3118,-1.7879,-9.9474,-5.5388,-1.12,-0.804,3.0914,2.405,2.7714,2.7357
2.0707,0.3452,0.7442,-1.5025,0.591,-0.6656,-0.3118,-1.7879,-9.9474,-5.5388,-1.12,-0.804,3.0914,2.405,2.7714,2.7357
2.0913,0.3519,0.7496,-1.5008,0.6214,-0.6532,-0.2844,-1.7808,-9.9724,-5.5027,-1.0903,-0.7984,3.0914,2.405,2.7773,2.7385
2.0913,0.3519,0.7496,-1.5008,0.6214,-0.6532,-0.2844,-1.7808,-9.9724,-5.5027,-1.0903,-0.7984,3.0914,2.405,2.7773,2.7385
2.1326,0.3654,0.7657,-1.4957,0.6687,-0.6369,-0.2217,-1.7776,-9.9431,-5.4858,-1.0363,-0.7852,3.1109,2.3922,2.8011,2.7497
2.1326,0.3654,0.7657,-1.4957,0.6687,-0.6369,-0.2217,-1.7776,-9.9431,-5.4858,-1.0363,-0.7852,3.1109,2.3922,2.8011,2.7497
2.1943,0.3718,0.8014,-1.4902,0.7218,-0.6192,-0.1665,-1.7633,-9.9431,-5.4858,-0.964,-0.7738,3.119,2.3806,2.8353,2.7572
2.1943,0.3718,0.8014,-1.4902,0.7218,-0.6192,-0.1665,-1.7633,-9.9431,-5.4858,-0.964,-0.7738,3.119,2.3806,2.8353,2.7572
2.2426,0.3829,0.8263,-1.4881,0.7638,-0.6041,-0.1189,-1.7378,-9.9724,-5.5027,-0.899,-0.7573,3.1165,2.3611,2.8652,2.7712
2.2426,0.3829,0.8263,-1.4881,0.7638,-0.6041,-0.1189,-1.7378,-9.9724,-5.5027,-0.899,-0.7573,3.1165,2.3611,2.8652,2.7712
2.2426,0.3829,0.8263,-1.4881,0.7638,-0.6041,-0.1189,-1.7378,-9.9724,-5.5027,-0.899,-0.7573,3.1165,2.3611,2.8652,2.7712
2.2896,0.3889,0.8621,-1.4826,0.8064,-0.5991,-0.085,-1.7157,-10.002,-5.5196,-0.8513,-0.7463,3.0937,2.34,2.9057,2.7815
2.2896,0.3889,0.8621,-1.4826,0.8064,-0.5991,-0.085,-1.7157,-10.002,-5.5196,-0.8513,-0.7463,3.0937,2.34,2.9057,2.7815
2.2896,0.3889,0.8621,-1.4826,0.8064,-0.5991,-0.085,-1.7157,-10.002,-5.5196,-0.8513,-0.7463,3.0937,2.34,2.9057,2.7815
2.3283,0.3922,0.898,-1.4771,0.8404,-0.5911,-0.0371,-1.69,-10.094,-5.6223,-0.8358,-0.7378,2.9922,2.2947,2.9251,2.7993
2.3283,0.3922,0.898,-1.4771,0.8404,-0.5911,-0.0371,-1.69,-10.094,-5.6223,-0.8358,-0.7378,2.9922,2.2947,2.9251,2.7993
2.3283,0.3922,0.898,-1.4771,0.8404,-0.5911,-0.0371,-1.69,-10.094,-5.6223,-0.8358,-0.7378,2.9922,2.2947,2.9251,2.7993
2.3225,0.3858,0.896,-1.4836,0.8291,-0.5938,-0.051,-1.6936,-10.098,-5.6744,-0.8534,-0.7432,2.9312,2.2759,2.9206,2.8058
2.3225,0.3858,0.896,-1.4836,0.8291,-0.5938,-0.051,-1.6936,-10.098,-5.6744,-0.8534,-0.7432,2.9312,2.2759,2.9206,2.8058
2.3225,0.3858,0.896,-1.4836,0.8291,-0.5938,-0.051,-1.6936,-10.098,-5.6744,-0.8534,-0.7432,2.9312,2.2759,2.9206,2.8058
2.2838,0.3825,0.8763,-1.484,0.7951,-0.6018,-0.0868,-1.6896,-10.209,-5.6885,-0.9339,-0.7682,2.8291,2.2488,2.8846,2.7889
2.2838,0.3825,0.8763,-1.484,0.7951,-0.6018,-0.0868,-1.6896,-10.209,-5.6885,-0.9339,-0.7682,2.8291,2.2488,2.8846,2.7889
2.2645,0.3808,0.8709,-1.4857,0.7808,-0.6001,-0.065,-1.6972,-10.267,-5.7214,-0.9827,-0.7834,2.7963,2.2432,2.8442,2.7786
2.2645,0.3808,0.8709,-1.4857,0.7808,-0.6001,-0.065,-1.6972,-10.267,-5.7214,-0.9827,-0.7834,2.7963,2.2432,2.8442,2.7786
2.2452,0.3791,0.8567,-1.4843,0.7695,-0.6027,-0.0789,-1.7009,-10.319,-5.7027,-1.0188,-0.7983,2.7877,2.2406,2.8204,2.7674
2.2452,0.3791,0.8567,-1.4843,0.7695,-0.6027,-0.0789,-1.7009,-10.319,-5.7027,-1.0188,-0.7983,2.7877,2.2406,2.8204,2.7674
2.2452,0.3791,0.8621,-1.4826,0.7607,-0.5997,-0.0929,-1.7045,-10.291,-5.6862,-1.0375,-0.8079,2.7867,2.2495,2.8025,2.759
2.2385,0.3815,0.848,-1.4812,0.7638,-0.6041,-0.1067,-1.7081,-10.262,-5.6697,-1.0478,-0.8111,2.8126,2.2575,2.8011,2.7497
