50.615,-8.2433,37.459,-34.075,21.377,-65.981,30.936,-82.701,29.038,-59.32,-39.635,8.2635,30.699,-34.598,-38.915,-99.528
50.615,-8.2433,37.459,-34.075,21.377,-65.981,30.936,-82.701,29.038,-59.32,-39.635,8.2635,30.699,-34.598,-38.915,-99.528
50.829,-8.3923,37.38,-34.188,21.741,-66.081,31.047,-82.725,29.445,-59.157,-39.488,8.1808,31.016,-34.611,-38.615,-99.344
50.829,-8.3923,37.38,-34.188,21.741,-66.081,31.047,-82.725,29.445,-59.157,-39.488,8.1808,31.016,-34.611,-38.615,-99.344
50.829,-8.3923,37.38,-34.188,21.741,-66.081,31.047,-82.725,29.445,-59.157,-39.488,8.1808,31.016,-34.611,-38.615,-99.344
51.037,-8.5365,37.299,-34.299,22.099,-66.175,31.156,-82.743,29.851,-58.991,-39.341,8.1024,31.333,-34.621,-38.315,-99.153
51.037,-8.5365,37.299,-34.299,22.099,-66.175,31.156,-82.743,29.851,-58.991,-39.341,8.1024,31.333,-34.621,-38.315,-99.153
51.239,-8.6758,37.215,-34.407,22.452,-66.261,31.261,-82.757,30.255,-58.822,-39.194,8.0283,31.651,-34.628,-38.013,-98.955
51.436,-8.8102,37.13,-34.513,22.801,-66.34,31.363,-82.766,30.658,-58.648,-39.048,7.9584,31.97,-34.632,-37.711,-98.751
51.436,-8.8102,37.13,-34.513,22.801,-66.34,31.363,-82.766,30.658,-58.648,-39.048,7.9584,31.97,-34.632,-37.711,-98.751
51.436,-8.8102,37.13,-34.513,22.801,-66.34,31.363,-82.766,30.658,-58.648,-39.048,7.9584,31.97,-34.632,-37.711,-98.751
51.627,-8.9398,37.042,-34.616,23.144,-66.412,31.462,-82.771,31.058,-58.471,-38.902,7.8928,32.289,-34.632,-37.407,-98.539
51.627,-8.9398,37.042,-34.616,23.144,-66.412,31.462,-82.771,31.058,-58.471,-38.902,7.8928,32.289,-34.632,-37.407,-98.539
51.813,-9.0646,36.952,-34.716,23.483,-66.476,31.559,-82.77,31.457,-58.291,-38.757,7.8315,32.608,-34.629,-37.103,-98.321
51.813,-9.0646,36.952,-34.716,23.483,-66.476,31.559,-82.77,31.457,-58.291,-38.757,7.8315,32.608,-34.629,-37.103,-98.321
51.813,-9.0646,36.952,-34.716,23.483,-66.476,31.559,-82.77,31.457,-58.291,-38.757,7.8315,32.608,-34.629,-37.103,-98.321
52.168,-9.2997,36.766,-34.908,24.145,-66.584,31.743,-82.756,32.249,-57.919,-38.466,7.7215,33.248,-34.613,-36.492,-97.864
52.168,-9.2997,36.766,-34.908,24.145,-66.584,31.743,-82.756,32.249,-57.919,-38.466,7.7215,33.248,-34.613,-36.492,-97.864
52.168,-9.2997,36.766,-34.908,24.145,-66.584,31.743,-82.756,32.249,-57.919,-38.466,7.7215,33.248,-34.613,-36.492,-97.864
52.338,-9.4101,36.669,-35,24.468,-66.626,31.831,-82.741,32.643,-57.727,-38.321,7.6728,33.569,-34.599,-36.185,-97.626
52.338,-9.4101,36.669,-35,24.468,-66.626,31.831,-82.741,32.643,-57.727,-38.321,7.6728,33.569,-34.599,-36.185,-97.626
52.501,-9.5156,36.571,-35.089,24.787,-66.662,31.916,-82.722,33.035,-57.532,-38.176,7.6283,33.89,-34.583,-35.877,-97.38
52.501,-9.5156,36.571,-35.089,24.787,-66.662,31.916,-82.722,33.035,-57.532,-38.176,7.6283,33.89,-34.583,-35.877,-97.38
52.501,-9.5156,36.571,-35.089,24.787,-66.662,31.916,-82.722,33.035,-57.532,-38.176,7.6283,33.89,-34.583,-35.877,-97.38
52.812,-9.7125,36.367,-35.26,25.409,-66.711,32.078,-82.67,33.812,-57.131,-37.888,7.5519,34.534,-34.54,-35.258,-96.869
52.812,-9.7125,36.367,-35.26,25.409,-66.711,32.078,-82.67,33.812,-57.131,-37.888,7.5519,34.534,-34.54,-35.258,-96.869
52.812,-9.7125,36.367,-35.26,25.409,-66.711,32.078,-82.67,33.812,-57.131,-37.888,7.5519,34.534,-34.54,-35.258,-96.869
52.959,-9.8038,36.262,-35.341,25.712,-66.724,32.154,-82.636,34.198,-56.925,-37.744,7.5199,34.856,-34.514,-34.947,-96.604
52.959,-9.8038,36.262,-35.341,25.712,-66.724,32.154,-82.636,34.198,-56.925,-37.744,7.5199,34.856,-34.514,-34.947,-96.604
53.101,-9.8903,36.155,-35.42,26.011,-66.73,32.228,-82.598,34.583,-56.716,-37.6,7.4921,35.179,-34.485,-34.636,-96.331
53.101,-9.8903,36.155,-35.42,26.011,-66.73,32.228,-82.598,34.583,-56.716,-37.6,7.4921,35.179,-34.485,-34.636,-96.331
53.367,-10.049,35.934,-35.569,26.593,-66.721,32.367,-82.508,35.345,-56.286,-37.313,7.4487,35.826,-34.416,-34.01,-95.766
53.367,-10.049,35.934,-35.569,26.593,-66.721,32.367,-82.508,35.345,-56.286,-37.313,7.4487,35.826,-34.416,-34.01,-95.766
53.367,-10.049,35.934,-35.569,26.593,-66.721,32.367,-82.508,35.345,-56.286,-37.313,7.4487,35.826,-34.416,-34.01,-95.766
53.492,-10.122,35.82,-35.639,26.876,-66.706,32.432,-82.456,35.724,-56.066,-37.17,7.4331,36.15,-34.376,-33.696,-95.474
53.492,-10.122,35.82,-35.639,26.876,-66.706,32.432,-82.456,35.724,-56.066,-37.17,7.4331,36.15,-34.376,-33.696,-95.474
53.611,-10.19,35.704,-35.707,27.155,-66.683,32.495,-82.4,36.1,-55.843,-37.027,7.4217,36.475,-34.333,-33.38,-95.175
53.611,-10.19,35.704,-35.707,27.155,-66.683,32.495,-82.4,36.1,-55.843,-37.027,7.4217,36.475,-34.333,-33.38,-95.175
53.725,-10.253,35.586,-35.772,27.428,-66.653,32.554,-82.338,36.474,-55.615,-36.884,7.4142,36.8,-34.287,-33.064,-94.869
53.725,-10.253,35.586,-35.772,27.428,-66.653,32.554,-82.338,36.474,-55.615,-36.884,7.4142,36.8,-34.287,-33.064,-94.869
53.833,-10.311,35.466,-35.834,27.697,-66.616,32.611,-82.273,36.847,-55.385,-36.741,7.4108,37.125,-34.238,-32.748,-94.557
53.833,-10.311,35.466,-35.834,27.697,-66.616,32.611,-82.273,36.847,-55.385,-36.741,7.4108,37.125,-34.238,-32.748,-94.557
53.936,-10.365,35.344,-35.894,27.96,-66.572,32.665,-82.202,37.217,-55.15,-36.599,7.4114,37.451,-34.185,-32.43,-94.238
53.936,-10.365,35.344,-35.894,27.96,-66.572,32.665,-82.202,37.217,-55.15,-36.599,7.4114,37.451,-34.185,-32.43,-94.238
54.033,-10.414,35.22,-35.951,28.219,-66.521,32.717,-82.127,37.586,-54.913,-36.456,7.4159,37.778,-34.13,-32.111,-93.913
54.033,-10.414,35.22,-35.951,28.219,-66.521,32.717,-82.127,37.586,-54.913,-36.456,7.4159,37.778,-34.13,-32.111,-93.913
54.124,-10.459,35.094,-36.005,28.472,-66.462,32.765,-82.047,37.953,-54.671,-36.314,7.4244,38.104,-34.07,-31.792,-93.581
54.21,-10.499,34.966,-36.057,28.721,-66.396,32.811,-81.962,38.317,-54.427,-36.172,7.4369,38.432,-34.008,-31.471,-93.242
54.21,-10.499,34.966,-36.057,28.721,-66.396,32.811,-81.962,38.317,-54.427,-36.172,7.4369,38.432,-34.008,-31.471,-93.242
54.291,-10.535,34.836,-36.106,28.964,-66.323,32.854,-81.873,38.679,-54.179,-36.03,7.4533,38.759,-33.942,-31.15,-92.898
54.291,-10.535,34.836,-36.106,28.964,-66.323,32.854,-81.873,38.679,-54.179,-36.03,7.4533,38.759,-33.942,-31.15,-92.898
54.291,-10.535,34.836,-36.106,28.964,-66.323,32.854,-81.873,38.679,-54.179,-36.03,7.4533,38.759,-33.942,-31.15,-92.898
54.291,-10.535,34.836,-36.106,28.964,-66.323,32.854,-81.873,38.679,-54.179,-36.03,7.4533,38.759,-33.942,-31.15,-92.898
54.366,-10.566,34.703,-36.152,29.203,-66.243,32.895,-81.779,39.04,-53.927,-35.888,7.4736,39.087,-33.873,-30.828,-92.546
54.366,-10.566,34.703,-36.152,29.203,-66.243,32.895,-81.779,39.04,-53.927,-35.888,7.4736,39.087,-33.873,-30.828,-92.546
54.366,-10.566,34.703,-36.152,29.203,-66.243,32.895,-81.779,39.04,-53.927,-35.888,7.4736,39.087,-33.873,-30.828,-92.546
54.499,-10.614,34.433,-36.237,29.665,-66.062,32.968,-81.578,39.754,-53.414,-35.604,7.5257,39.745,-33.726,-30.181,-91.824
54.499,-10.614,34.433,-36.237,29.665,-66.062,32.968,-81.578,39.754,-53.414,-35.604,7.5257,39.745,-33.726,-30.181,-91.824
54.557,-10.632,34.294,-36.275,29.888,-65.96,33,-81.471,40.109,-53.152,-35.462,7.5576,40.074,-33.647,-29.857,-91.453
54.557,-10.632,34.294,-36.275,29.888,-65.96,33,-81.471,40.109,-53.152,-35.462,7.5576,40.074,-33.647,-29.857,-91.453
54.609,-10.645,34.154,-36.31,30.107,-65.852,33.03,-81.359,40.461,-52.887,-35.321,7.5932,40.404,-33.565,-29.531,-91.076
54.609,-10.645,34.154,-36.31,30.107,-65.852,33.03,-81.359,40.461,-52.887,-35.321,7.5932,40.404,-33.565,-29.531,-91.076
54.609,-10.645,34.154,-36.31,30.107,-65.852,33.03,-81.359,40.461,-52.887,-35.321,7.5932,40.404,-33.565,-29.531,-91.076
54.609,-10.645,34.154,-36.31,30.107,-65.852,33.03,-81.359,40.461,-52.887,-35.321,7.5932,40.404,-33.565,-29.531,-91.076
54.698,-10.658,33.867,-36.374,30.529,-65.613,33.081,-81.121,41.158,-52.346,-35.037,7.6759,41.064,-33.392,-28.878,-90.303
54.698,-10.658,33.867,-36.374,30.529,-65.613,33.081,-81.121,41.158,-52.346,-35.037,7.6759,41.064,-33.392,-28.878,-90.303
54.734,-10.658,33.721,-36.402,30.733,-65.484,33.103,-80.995,41.504,-52.071,-34.896,7.7228,41.395,-33.3,-28.55,-89.907
54.734,-10.658,33.721,-36.402,30.733,-65.484,33.103,-80.995,41.504,-52.071,-34.896,7.7228,41.395,-33.3,-28.55,-89.907
54.734,-10.658,33.721,-36.402,30.733,-65.484,33.103,-80.995,41.504,-52.071,-34.896,7.7228,41.395,-33.3,-28.55,-89.907
54.765,-10.653,33.573,-36.427,30.932,-65.347,33.122,-80.865,41.848,-51.792,-34.754,7.7734,41.727,-33.205,-28.221,-89.505
54.79,-10.644,33.423,-36.449,31.126,-65.203,33.139,-80.731,42.189,-51.51,-34.613,7.8277,42.059,-33.107,-27.891,-89.097
54.809,-10.631,33.271,-36.469,31.315,-65.053,33.153,-80.591,42.528,-51.225,-34.471,7.8857,42.391,-33.006,-27.561,-88.682
54.809,-10.631,33.271,-36.469,31.315,-65.053,33.153,-80.591,42.528,-51.225,-34.471,7.8857,42.391,-33.006,-27.561,-88.682
54.809,-10.631,33.271,-36.469,31.315,-65.053,33.153,-80.591,42.528,-51.225,-34.471,7.8857,42.391,-33.006,-27.561,-88.682
54.823,-10.614,33.117,-36.486,31.5,-64.895,33.164,-80.448,42.865,-50.936,-34.33,7.9472,42.723,-32.902,-27.229,-88.262
54.823,-10.614,33.117,-36.486,31.5,-64.895,33.164,-80.448,42.865,-50.936,-34.33,7.9472,42.723,-32.902,-27.229,-88.262
54.832,-10.592,32.961,-36.501,31.679,-64.731,33.173,-80.3,43.2,-50.644,-34.188,8.0124,43.056,-32.795,-26.897,-87.835
54.832,-10.592,32.961,-36.501,31.679,-64.731,33.173,-80.3,43.2,-50.644,-34.188,8.0124,43.056,-32.795,-26.897,-87.835
54.835,-10.566,32.804,-36.513,31.853,-64.559,33.18,-80.147,43.533,-50.349,-34.046,8.0812,43.39,-32.684,-26.564,-87.402
54.835,-10.566,32.804,-36.513,31.853,-64.559,33.18,-80.147,43.533,-50.349,-34.046,8.0812,43.39,-32.684,-26.564,-87.402
54.833,-10.536,32.644,-36.523,32.023,-64.381,33.183,-79.99,43.863,-50.051,-33.905,8.1535,43.724,-32.57,-26.23,-86.963
54.833,-10.536,32.644,-36.523,32.023,-64.381,33.183,-79.99,43.863,-50.051,-33.905,8.1535,43.724,-32.57,-26.23,-86.963
54.825,-10.502,32.483,-36.529,32.188,-64.196,33.185,-79.829,44.192,-49.749,-33.763,8.2293,44.058,-32.453,-25.896,-86.518
54.825,-10.502,32.483,-36.529,32.188,-64.196,33.185,-79.829,44.192,-49.749,-33.763,8.2293,44.058,-32.453,-25.896,-86.518
54.811,-10.463,32.319,-36.534,32.348,-64.004,33.184,-79.663,44.518,-49.445,-33.621,8.3086,44.392,-32.333,-25.56,-86.067
54.811,-10.463,32.319,-36.534,32.348,-64.004,33.184,-79.663,44.518,-49.445,-33.621,8.3086,44.392,-32.333,-25.56,-86.067
54.793,-10.42,32.154,-36.536,32.503,-63.805,33.18,-79.493,44.841,-49.137,-33.479,8.3914,44.728,-32.21,-25.224,-85.61
54.793,-10.42,32.154,-36.536,32.503,-63.805,33.18,-79.493,44.841,-49.137,-33.479,8.3914,44.728,-32.21,-25.224,-85.61
54.769,-10.374,31.987,-36.535,32.654,-63.6,33.174,-79.318,45.163,-48.825,-33.337,8.4775,45.063,-32.084,-24.887,-85.147
54.769,-10.374,31.987,-36.535,32.654,-63.6,33.174,-79.318,45.163,-48.825,-33.337,8.4775,45.063,-32.084,-24.887,-85.147
54.739,-10.323,31.819,-36.531,32.799,-63.387,33.165,-79.139,45.482,-48.511,-33.194,8.5671,45.399,-31.954,-24.549,-84.678
54.739,-10.323,31.819,-36.531,32.799,-63.387,33.165,-79.139,45.482,-48.511,-33.194,8.5671,45.399,-31.954,-24.549,-84.678
54.739,-10.323,31.819,-36.531,32.799,-63.387,33.165,-79.139,45.482,-48.511,-33.194,8.5671,45.399,-31.954,-24.549,-84.678
54.704,-10.268,31.648,-36.526,32.94,-63.168,33.154,-78.956,45.799,-48.194,-33.052,8.6601,45.735,-31.822,-24.211,-84.203
54.704,-10.268,31.648,-36.526,32.94,-63.168,33.154,-78.956,45.799,-48.194,-33.052,8.6601,45.735,-31.822,-24.211,-84.203
54.704,-10.268,31.648,-36.526,32.94,-63.168,33.154,-78.956,45.799,-48.194,-33.052,8.6601,45.735,-31.822,-24.211,-84.203
54.619,-10.145,31.302,-36.506,33.208,-62.71,33.125,-78.576,46.427,-47.549,-32.767,8.856,46.408,-31.547,-23.531,-83.237
54.619,-10.145,31.302,-36.506,33.208,-62.71,33.125,-78.576,46.427,-47.549,-32.767,8.856,46.408,-31.547,-23.531,-83.237
54.619,-10.145,31.302,-36.506,33.208,-62.71,33.125,-78.576,46.427,-47.549,-32.767,8.856,46.408,-31.547,-23.531,-83.237
54.568,-10.078,31.126,-36.493,33.335,-62.471,33.107,-78.38,46.737,-47.223,-32.624,8.9589,46.746,-31.406,-23.19,-82.745
54.568,-10.078,31.126,-36.493,33.335,-62.471,33.107,-78.38,46.737,-47.223,-32.624,8.9589,46.746,-31.406,-23.19,-82.745
54.511,-10.007,30.949,-36.477,33.457,-62.225,33.086,-78.18,47.045,-46.893,-32.481,9.065,47.084,-31.261,-22.848,-82.247
54.511,-10.007,30.949,-36.477,33.457,-62.225,33.086,-78.18,47.045,-46.893,-32.481,9.065,47.084,-31.261,-22.848,-82.247
54.383,-9.8534,30.589,-36.438,33.687,-61.714,33.038,-77.766,47.654,-46.224,-32.194,9.2868,47.76,-30.962,-22.162,-81.235
54.383,-9.8534,30.589,-36.438,33.687,-61.714,33.038,-77.766,47.654,-46.224,-32.194,9.2868,47.76,-30.962,-22.162,-81.235
54.383,-9.8534,30.589,-36.438,33.687,-61.714,33.038,-77.766,47.654,-46.224,-32.194,9.2868,47.76,-30.962,-22.162,-81.235
54.311,-9.7706,30.407,-36.414,33.796,-61.449,33.011,-77.553,47.956,-45.885,-32.051,9.4025,48.099,-30.809,-21.818,-80.72
54.311,-9.7706,30.407,-36.414,33.796,-61.449,33.011,-77.553,47.956,-45.885,-32.051,9.4025,48.099,-30.809,-21.818,-80.72
54.233,-9.684,30.222,-36.389,33.899,-61.177,32.981,-77.335,48.254,-45.543,-31.907,9.5213,48.438,-30.652,-21.473,-80.2
54.233,-9.684,30.222,-36.389,33.899,-61.177,32.981,-77.335,48.254,-45.543,-31.907,9.5213,48.438,-30.652,-21.473,-80.2
54.15,-9.5935,30.037,-36.36,33.999,-60.899,32.949,-77.114,48.551,-45.199,-31.762,9.6431,48.778,-30.492,-21.127,-79.674
54.063,-9.4993,29.849,-36.33,34.093,-60.614,32.915,-76.888,48.845,-44.851,-31.618,9.7681,49.118,-30.329,-20.78,-79.143
54.063,-9.4993,29.849,-36.33,34.093,-60.614,32.915,-76.888,48.845,-44.851,-31.618,9.7681,49.118,-30.329,-20.78,-79.143
53.969,-9.4012,29.66,-36.297,34.183,-60.323,32.878,-76.658,49.137,-44.5,-31.473,9.896,49.458,-30.163,-20.433,-78.607
53.969,-9.4012,29.66,-36.297,34.183,-60.323,32.878,-76.658,49.137,-44.5,-31.473,9.896,49.458,-30.163,-20.433,-78.607
53.969,-9.4012,29.66,-36.297,34.183,-60.323,32.878,-76.658,49.137,-44.5,-31.473,9.896,49.458,-30.163,-20.433,-78.607
53.871,-9.2995,29.47,-36.261,34.269,-60.025,32.84,-76.424,49.427,-44.147,-31.328,10.027,49.799,-29.995,-20.085,-78.065
53.871,-9.2995,29.47,-36.261,34.269,-60.025,32.84,-76.424,49.427,-44.147,-31.328,10.027,49.799,-29.995,-20.085,-78.065
53.768,-9.194,29.278,-36.223,34.35,-59.721,32.799,-76.186,49.714,-43.79,-31.183,10.161,50.14,-29.823,-19.736,-77.517
53.659,-9.0848,29.084,-36.183,34.427,-59.411,32.756,-75.944,49.999,-43.431,-31.037,10.297,50.481,-29.649,-19.386,-76.965
53.659,-9.0848,29.084,-36.183,34.427,-59.411,32.756,-75.944,49.999,-43.431,-31.037,10.297,50.481,-29.649,-19.386,-76.965
53.659,-9.0848,29.084,-36.183,34.427,-59.411,32.756,-75.944,49.999,-43.431,-31.037,10.297,50.481,-29.649,-19.386,-76.965
53.545,-8.972,28.889,-36.14,34.499,-59.095,32.711,-75.698,50.281,-43.068,-30.891,10.437,50.823,-29.471,-19.035,-76.407
53.545,-8.972,28.889,-36.14,34.499,-59.095,32.711,-75.698,50.281,-43.068,-30.891,10.437,50.823,-29.471,-19.035,-76.407
53.426,-8.8556,28.692,-36.095,34.567,-58.773,32.663,-75.448,50.561,-42.703,-30.745,10.58,51.165,-29.291,-18.684,-75.844
53.426,-8.8556,28.692,-36.095,34.567,-58.773,32.663,-75.448,50.561,-42.703,-30.745,10.58,51.165,-29.291,-18.684,-75.844
53.302,-8.7356,28.494,-36.048,34.631,-58.444,32.614,-75.194,50.839,-42.336,-30.598,10.725,51.507,-29.108,-18.332,-75.276
53.302,-8.7356,28.494,-36.048,34.631,-58.444,32.614,-75.194,50.839,-42.336,-30.598,10.725,51.507,-29.108,-18.332,-75.276
53.173,-8.612,28.294,-35.998,34.69,-58.109,32.562,-74.935,51.115,-41.965,-30.451,10.873,51.85,-28.922,-17.979,-74.703
53.173,-8.612,28.294,-35.998,34.69,-58.109,32.562,-74.935,51.115,-41.965,-30.451,10.873,51.85,-28.922,-17.979,-74.703
53.039,-8.4849,28.093,-35.946,34.745,-57.768,32.509,-74.673,51.388,-41.592,-30.303,11.024,52.193,-28.733,-17.625,-74.124
53.039,-8.4849,28.093,-35.946,34.745,-57.768,32.509,-74.673,51.388,-41.592,-30.303,11.024,52.193,-28.733,-17.625,-74.124
53.039,-8.4849,28.093,-35.946,34.745,-57.768,32.509,-74.673,51.388,-41.592,-30.303,11.024,52.193,-28.733,-17.625,-74.124
52.9,-8.3543,27.89,-35.892,34.795,-57.421,32.453,-74.407,51.659,-41.216,-30.155,11.177,52.536,-28.541,-17.271,-73.541
52.9,-8.3543,27.89,-35.892,34.795,-57.421,32.453,-74.407,51.659,-41.216,-30.155,11.177,52.536,-28.541,-17.271,-73.541
52.9,-8.3543,27.89,-35.892,34.795,-57.421,32.453,-74.407,51.659,-41.216,-30.155,11.177,52.536,-28.541,-17.271,-73.541
52.607,-8.0827,27.481,-35.777,34.884,-56.709,32.336,-73.863,52.193,-40.455,-29.858,11.492,53.224,-28.149,-16.56,-72.359
52.607,-8.0827,27.481,-35.777,34.884,-56.709,32.336,-73.863,52.193,-40.455,-29.858,11.492,53.224,-28.149,-16.56,-72.359
52.453,-7.9418,27.274,-35.715,34.922,-56.344,32.274,-73.585,52.457,-40.071,-29.708,11.653,53.568,-27.949,-16.203,-71.761
52.453,-7.9418,27.274,-35.715,34.922,-56.344,32.274,-73.585,52.457,-40.071,-29.708,11.653,53.568,-27.949,-16.203,-71.761
52.294,-7.7976,27.066,-35.652,34.956,-55.973,32.211,-73.304,52.718,-39.685,-29.558,11.817,53.913,-27.746,-15.846,-71.158
52.13,-7.65,26.856,-35.586,34.986,-55.596,32.145,-73.018,52.977,-39.295,-29.408,11.984,54.257,-27.541,-15.487,-70.55
52.13,-7.65,26.856,-35.586,34.986,-55.596,32.145,-73.018,52.977,-39.295,-29.408,11.984,54.257,-27.541,-15.487,-70.55
52.13,-7.65,26.856,-35.586,34.986,-55.596,32.145,-73.018,52.977,-39.295,-29.408,11.984,54.257,-27.541,-15.487,-70.55
51.962,-7.4991,26.645,-35.519,35.011,-55.214,32.078,-72.729,53.234,-38.903,-29.257,12.153,54.603,-27.333,-15.128,-69.937
51.962,-7.4991,26.645,-35.519,35.011,-55.214,32.078,-72.729,53.234,-38.903,-29.257,12.153,54.603,-27.333,-15.128,-69.937
51.788,-7.3449,26.433,-35.448,35.033,-54.826,32.009,-72.436,53.488,-38.509,-29.106,12.324,54.948,-27.122,-14.769,-69.32
51.788,-7.3449,26.433,-35.448,35.033,-54.826,32.009,-72.436,53.488,-38.509,-29.106,12.324,54.948,-27.122,-14.769,-69.32
51.788,-7.3449,26.433,-35.448,35.033,-54.826,32.009,-72.436,53.488,-38.509,-29.106,12.324,54.948,-27.122,-14.769,-69.32
51.61,-7.1875,26.219,-35.376,35.05,-54.432,31.938,-72.139,53.74,-38.112,-28.954,12.498,55.294,-26.908,-14.408,-68.698
51.426,-7.0269,26.005,-35.302,35.064,-54.032,31.865,-71.838,53.989,-37.712,-28.801,12.674,55.64,-26.691,-14.047,-68.071
51.426,-7.0269,26.005,-35.302,35.064,-54.032,31.865,-71.838,53.989,-37.712,-28.801,12.674,55.64,-26.691,-14.047,-68.071
51.239,-6.8631,25.789,-35.225,35.073,-53.627,31.79,-71.534,54.236,-37.31,-28.648,12.852,55.986,-26.472,-13.685,-67.44
51.239,-6.8631,25.789,-35.225,35.073,-53.627,31.79,-71.534,54.236,-37.31,-28.648,12.852,55.986,-26.472,-13.685,-67.44
51.046,-6.6962,25.571,-35.147,35.079,-53.216,31.714,-71.226,54.481,-36.905,-28.495,13.033,56.333,-26.251,-13.322,-66.805
51.046,-6.6962,25.571,-35.147,35.079,-53.216,31.714,-71.226,54.481,-36.905,-28.495,13.033,56.333,-26.251,-13.322,-66.805
50.848,-6.5261,25.353,-35.066,35.081,-52.799,31.635,-70.915,54.723,-36.498,-28.341,13.216,56.68,-26.026,-12.958,-66.165
50.848,-6.5261,25.353,-35.066,35.081,-52.799,31.635,-70.915,54.723,-36.498,-28.341,13.216,56.68,-26.026,-12.958,-66.165
50.646,-6.353,25.133,-34.983,35.079,-52.377,31.555,-70.599,54.963,-36.089,-28.186,13.401,57.027,-25.799,-12.594,-65.52
50.646,-6.353,25.133,-34.983,35.079,-52.377,31.555,-70.599,54.963,-36.089,-28.186,13.401,57.027,-25.799,-12.594,-65.52
50.44,-6.1769,24.913,-34.898,35.073,-51.95,31.474,-70.281,55.201,-35.677,-28.03,13.588,57.374,-25.57,-12.229,-64.871
50.228,-5.9978,24.691,-34.811,35.063,-51.517,31.39,-69.958,55.436,-35.263,-27.874,13.777,57.722,-25.338,-11.863,-64.218
50.228,-5.9978,24.691,-34.811,35.063,-51.517,31.39,-69.958,55.436,-35.263,-27.874,13.777,57.722,-25.338,-11.863,-64.218
50.013,-5.8157,24.468,-34.721,35.049,-51.079,31.305,-69.632,55.669,-34.846,-27.717,13.969,58.069,-25.103,-11.497,-63.561
50.013,-5.8157,24.468,-34.721,35.049,-51.079,31.305,-69.632,55.669,-34.846,-27.717,13.969,58.069,-25.103,-11.497,-63.561
50.013,-5.8157,24.468,-34.721,35.049,-51.079,31.305,-69.632,55.669,-34.846,-27.717,13.969,58.069,-25.103,-11.497,-63.561
50.013,-5.8157,24.468,-34.721,35.049,-51.079,31.305,-69.632,55.669,-34.846,-27.717,13.969,58.069,-25.103,-11.497,-63.561
49.792,-5.6307,24.243,-34.63,35.032,-50.635,31.218,-69.303,55.899,-34.427,-27.56,14.162,58.417,-24.866,-11.129,-62.899
49.792,-5.6307,24.243,-34.63,35.032,-50.635,31.218,-69.303,55.899,-34.427,-27.56,14.162,58.417,-24.866,-11.129,-62.899
49.567,-5.4428,24.018,-34.537,35.011,-50.187,31.13,-68.97,56.127,-34.006,-27.402,14.358,58.766,-24.627,-10.761,-62.234
49.338,-5.252,23.792,-34.442,34.987,-49.733,31.04,-68.634,56.353,-33.583,-27.243,14.555,59.114,-24.384,-10.393,-61.564
49.338,-5.252,23.792,-34.442,34.987,-49.733,31.04,-68.634,56.353,-33.583,-27.243,14.555,59.114,-24.384,-10.393,-61.564
49.104,-5.0584,23.565,-34.344,34.958,-49.273,30.948,-68.294,56.576,-33.157,-27.083,14.754,59.463,-24.14,-10.023,-60.89
49.104,-5.0584,23.565,-34.344,34.958,-49.273,30.948,-68.294,56.576,-33.157,-27.083,14.754,59.463,-24.14,-10.023,-60.89
49.104,-5.0584,23.565,-34.344,34.958,-49.273,30.948,-68.294,56.576,-33.157,-27.083,14.754,59.463,-24.14,-10.023,-60.89
49.104,-5.0584,23.565,-34.344,34.958,-49.273,30.948,-68.294,56.576,-33.157,-27.083,14.754,59.463,-24.14,-10.023,-60.89
48.623,-4.6629,23.107,-34.144,34.891,-48.34,30.761,-67.604,57.015,-32.299,-26.762,15.159,60.161,-23.643,-9.282,-59.531
48.623,-4.6629,23.107,-34.144,34.891,-48.34,30.761,-67.604,57.015,-32.299,-26.762,15.159,60.161,-23.643,-9.282,-59.531
48.375,-4.4611,22.876,-34.041,34.852,-47.866,30.665,-67.255,57.231,-31.867,-26.6,15.364,60.51,-23.391,-8.9103,-58.845
48.375,-4.4611,22.876,-34.041,34.852,-47.866,30.665,-67.255,57.231,-31.867,-26.6,15.364,60.51,-23.391,-8.9103,-58.845
48.124,-4.2565,22.645,-33.936,34.81,-47.386,30.567,-66.901,57.445,-31.432,-26.437,15.57,60.86,-23.137,-8.5378,-58.155
47.868,-4.0494,22.413,-33.829,34.764,-46.902,30.468,-66.545,57.656,-30.996,-26.273,15.779,61.209,-22.88,-8.1646,-57.462
47.868,-4.0494,22.413,-33.829,34.764,-46.902,30.468,-66.545,57.656,-30.996,-26.273,15.779,61.209,-22.88,-8.1646,-57.462
47.608,-3.8396,22.18,-33.72,34.715,-46.413,30.367,-66.185,57.865,-30.557,-26.109,15.989,61.559,-22.621,-7.7907,-56.765
47.608,-3.8396,22.18,-33.72,34.715,-46.413,30.367,-66.185,57.865,-30.557,-26.109,15.989,61.559,-22.621,-7.7907,-56.765
47.608,-3.8396,22.18,-33.72,34.715,-46.413,30.367,-66.185,57.865,-30.557,-26.109,15.989,61.559,-22.621,-7.7907,-56.765
47.344,-3.6272,21.946,-33.609,34.663,-45.919,30.266,-65.822,58.072,-30.116,-25.944,16.2,61.909,-22.36,-7.4161,-56.065
47.344,-3.6272,21.946,-33.609,34.663,-45.919,30.266,-65.822,58.072,-30.116,-25.944,16.2,61.909,-22.36,-7.4161,-56.065
47.075,-3.4123,21.711,-33.497,34.607,-45.42,30.162,-65.456,58.276,-29.674,-25.778,16.414,62.259,-22.096,-7.0408,-55.361
47.075,-3.4123,21.711,-33.497,34.607,-45.42,30.162,-65.456,58.276,-29.674,-25.778,16.414,62.259,-22.096,-7.0408,-55.361
46.803,-3.1949,21.475,-33.382,34.548,-44.917,30.058,-65.087,58.478,-29.229,-25.611,16.628,62.61,-21.83,-6.6647,-54.653
46.526,-2.9751,21.239,-33.266,34.486,-44.409,29.952,-64.715,58.677,-28.782,-25.443,16.845,62.96,-21.562,-6.2879,-53.942
46.526,-2.9751,21.239,-33.266,34.486,-44.409,29.952,-64.715,58.677,-28.782,-25.443,16.845,62.96,-21.562,-6.2879,-53.942
46.245,-2.7528,21.002,-33.148,34.42,-43.897,29.845,-64.339,58.874,-28.333,-25.275,17.062,63.311,-21.292,-5.9104,-53.227
46.245,-2.7528,21.002,-33.148,34.42,-43.897,29.845,-64.339,58.874,-28.333,-25.275,17.062,63.311,-21.292,-5.9104,-53.227
46.245,-2.7528,21.002,-33.148,34.42,-43.897,29.845,-64.339,58.874,-28.333,-25.275,17.062,63.311,-21.292,-5.9104,-53.227
45.961,-2.5282,20.763,-33.029,34.352,-43.379,29.736,-63.96,59.069,-27.883,-25.105,17.282,63.661,-21.019,-5.5322,-52.509
45.961,-2.5282,20.763,-33.029,34.352,-43.379,29.736,-63.96,59.069,-27.883,-25.105,17.282,63.661,-21.019,-5.5322,-52.509
45.961,-2.5282,20.763,-33.029,34.352,-43.379,29.736,-63.96,59.069,-27.883,-25.105,17.282,63.661,-21.019,-5.5322,-52.509
45.672,-2.3012,20.525,-32.907,34.28,-42.858,29.627,-63.579,59.261,-27.43,-24.935,17.502,64.012,-20.744,-5.1532,-51.788
45.672,-2.3012,20.525,-32.907,34.28,-42.858,29.627,-63.579,59.261,-27.43,-24.935,17.502,64.012,-20.744,-5.1532,-51.788
45.082,-1.8402,20.045,-32.659,34.127,-41.801,29.404,-62.807,59.639,-26.519,-24.591,17.947,64.714,-20.188,-4.3933,-50.335
45.082,-1.8402,20.045,-32.659,34.127,-41.801,29.404,-62.807,59.639,-26.519,-24.591,17.947,64.714,-20.188,-4.3933,-50.335
45.082,-1.8402,20.045,-32.659,34.127,-41.801,29.404,-62.807,59.639,-26.519,-24.591,17.947,64.714,-20.188,-4.3933,-50.335
44.782,-1.6064,19.804,-32.532,34.046,-41.267,29.29,-62.416,59.824,-26.061,-24.417,18.172,65.065,-19.907,-4.0122,-49.604
44.782,-1.6064,19.804,-32.532,34.046,-41.267,29.29,-62.416,59.824,-26.061,-24.417,18.172,65.065,-19.907,-4.0122,-49.604
44.477,-1.3704,19.562,-32.404,33.963,-40.728,29.176,-62.023,60.007,-25.601,-24.243,18.397,65.417,-19.623,-3.6305,-48.87
44.477,-1.3704,19.562,-32.404,33.963,-40.728,29.176,-62.023,60.007,-25.601,-24.243,18.397,65.417,-19.623,-3.6305,-48.87
44.169,-1.1322,19.32,-32.274,33.876,-40.185,29.06,-61.626,60.187,-25.14,-24.068,18.624,65.768,-19.338,-3.248,-48.133
43.857,-0.89187,19.077,-32.143,33.787,-39.637,28.944,-61.227,60.365,-24.676,-23.891,18.852,66.119,-19.05,-2.8649,-47.393
43.857,-0.89187,19.077,-32.143,33.787,-39.637,28.944,-61.227,60.365,-24.676,-23.891,18.852,66.119,-19.05,-2.8649,-47.393
43.541,-0.64947,18.834,-32.01,33.694,-39.086,28.826,-60.825,60.541,-24.211,-23.714,19.081,66.471,-18.76,-2.481,-46.65
43.541,-0.64947,18.834,-32.01,33.694,-39.086,28.826,-60.825,60.541,-24.211,-23.714,19.081,66.471,-18.76,-2.481,-46.65
43.221,-0.40503,18.59,-31.875,33.599,-38.53,28.708,-60.42,60.715,-23.745,-23.535,19.311,66.822,-18.469,-2.0965,-45.904
43.221,-0.40503,18.59,-31.875,33.599,-38.53,28.708,-60.42,60.715,-23.745,-23.535,19.311,66.822,-18.469,-2.0965,-45.904
42.898,-0.15857,18.346,-31.739,33.501,-37.971,28.588,-60.013,60.886,-23.276,-23.356,19.542,67.174,-18.175,-1.7113,-45.155
42.898,-0.15857,18.346,-31.739,33.501,-37.971,28.588,-60.013,60.886,-23.276,-23.356,19.542,67.174,-18.175,-1.7113,-45.155
42.898,-0.15857,18.346,-31.739,33.501,-37.971,28.588,-60.013,60.886,-23.276,-23.356,19.542,67.174,-18.175,-1.7113,-45.155
42.571,0.089846,18.101,-31.601,33.401,-37.407,28.467,-59.602,61.055,-22.806,-23.175,19.774,67.525,-17.879,-1.3253,-44.404
42.571,0.089846,18.101,-31.601,33.401,-37.407,28.467,-59.602,61.055,-22.806,-23.175,19.774,67.525,-17.879,-1.3253,-44.404
42.241,0.3402,17.855,-31.461,33.298,-36.84,28.346,-59.189,61.221,-22.334,-22.993,20.007,67.877,-17.582,-0.93876,-43.65
42.241,0.3402,17.855,-31.461,33.298,-36.84,28.346,-59.189,61.221,-22.334,-22.993,20.007,67.877,-17.582,-0.93876,-43.65
41.907,0.59244,17.609,-31.321,33.192,-36.269,28.223,-58.774,61.385,-21.861,-22.81,20.24,68.228,-17.282,-0.55149,-42.893
41.57,0.84653,17.363,-31.178,33.084,-35.694,28.1,-58.356,61.547,-21.386,-22.626,20.475,68.58,-16.981,-0.16355,-42.134
41.57,0.84653,17.363,-31.178,33.084,-35.694,28.1,-58.356,61.547,-21.386,-22.626,20.475,68.58,-16.981,-0.16355,-42.134
41.57,0.84653,17.363,-31.178,33.084,-35.694,28.1,-58.356,61.547,-21.386,-22.626,20.475,68.58,-16.981,-0.16355,-42.134
41.229,1.1024,17.116,-31.034,32.973,-35.116,27.975,-57.935,61.707,-20.91,-22.441,20.71,68.931,-16.677,0.22507,-41.372
41.229,1.1024,17.116,-31.034,32.973,-35.116,27.975,-57.935,61.707,-20.91,-22.441,20.71,68.931,-16.677,0.22507,-41.372
41.229,1.1024,17.116,-31.034,32.973,-35.116,27.975,-57.935,61.707,-20.91,-22.441,20.71,68.931,-16.677,0.22507,-41.372
40.885,1.3601,16.869,-30.889,32.86,-34.534,27.85,-57.511,61.864,-20.432,-22.255,20.946,69.283,-16.372,0.61435,-40.608
40.885,1.3601,16.869,-30.889,32.86,-34.534,27.85,-57.511,61.864,-20.432,-22.255,20.946,69.283,-16.372,0.61435,-40.608
40.187,1.8807,16.373,-30.595,32.626,-33.359,27.597,-56.657,62.172,-19.472,-21.879,21.421,69.986,-15.756,1.3949,-39.072
40.187,1.8807,16.373,-30.595,32.626,-33.359,27.597,-56.657,62.172,-19.472,-21.879,21.421,69.986,-15.756,1.3949,-39.072
40.187,1.8807,16.373,-30.595,32.626,-33.359,27.597,-56.657,62.172,-19.472,-21.879,21.421,69.986,-15.756,1.3949,-39.072
39.832,2.1434,16.125,-30.445,32.505,-32.766,27.47,-56.226,62.322,-18.99,-21.689,21.659,70.337,-15.446,1.7862,-38.301
39.832,2.1434,16.125,-30.445,32.505,-32.766,27.47,-56.226,62.322,-18.99,-21.689,21.659,70.337,-15.446,1.7862,-38.301
39.475,2.4078,15.877,-30.294,32.383,-32.17,27.342,-55.793,62.47,-18.507,-21.498,21.897,70.689,-15.133,2.1781,-37.527
39.475,2.4078,15.877,-30.294,32.383,-32.17,27.342,-55.793,62.47,-18.507,-21.498,21.897,70.689,-15.133,2.1781,-37.527
39.114,2.6738,15.628,-30.142,32.258,-31.571,27.213,-55.357,62.616,-18.022,-21.306,22.136,71.04,-14.819,2.5707,-36.752
39.114,2.6738,15.628,-30.142,32.258,-31.571,27.213,-55.357,62.616,-18.022,-21.306,22.136,71.04,-14.819,2.5707,-36.752
38.751,2.9413,15.379,-29.989,32.131,-30.969,27.083,-54.919,62.759,-17.536,-21.112,22.376,71.391,-14.503,2.9639,-35.974
38.751,2.9413,15.379,-29.989,32.131,-30.969,27.083,-54.919,62.759,-17.536,-21.112,22.376,71.391,-14.503,2.9639,-35.974
38.384,3.2103,15.13,-29.834,32.001,-30.363,26.953,-54.479,62.901,-17.048,-20.918,22.616,71.742,-14.186,3.3578,-35.194
38.384,3.2103,15.13,-29.834,32.001,-30.363,26.953,-54.479,62.901,-17.048,-20.918,22.616,71.742,-14.186,3.3578,-35.194
38.014,3.4808,14.881,-29.678,31.87,-29.754,26.822,-54.037,63.04,-16.56,-20.722,22.856,72.094,-13.867,3.7523,-34.412
38.014,3.4808,14.881,-29.678,31.87,-29.754,26.822,-54.037,63.04,-16.56,-20.722,22.856,72.094,-13.867,3.7523,-34.412
38.014,3.4808,14.881,-29.678,31.87,-29.754,26.822,-54.037,63.04,-16.56,-20.722,22.856,72.094,-13.867,3.7523,-34.412
37.641,3.7527,14.631,-29.521,31.737,-29.142,26.69,-53.592,63.176,-16.07,-20.524,23.097,72.444,-13.546,4.1475,-33.628
37.266,4.026,14.381,-29.363,31.601,-28.527,26.558,-53.145,63.311,-15.578,-20.326,23.338,72.795,-13.223,4.5433,-32.843
36.887,4.3006,14.131,-29.203,31.464,-27.909,26.425,-52.696,63.443,-15.086,-20.126,23.579,73.146,-12.899,4.9397,-32.055
36.887,4.3006,14.131,-29.203,31.464,-27.909,26.425,-52.696,63.443,-15.086,-20.126,23.579,73.146,-12.899,4.9397,-32.055
36.505,4.5765,13.882,-29.043,31.325,-27.288,26.292,-52.244,63.573,-14.593,-19.925,23.821,73.496,-12.574,5.3367,-31.266
36.505,4.5765,13.882,-29.043,31.325,-27.288,26.292,-52.244,63.573,-14.593,-19.925,23.821,73.496,-12.574,5.3367,-31.266
36.121,4.8537,13.632,-28.881,31.183,-26.664,26.158,-51.791,63.701,-14.098,-19.722,24.062,73.847,-12.247,5.7343,-30.476
36.121,4.8537,13.632,-28.881,31.183,-26.664,26.158,-51.791,63.701,-14.098,-19.722,24.062,73.847,-12.247,5.7343,-30.476
36.121,4.8537,13.632,-28.881,31.183,-26.664,26.158,-51.791,63.701,-14.098,-19.722,24.062,73.847,-12.247,5.7343,-30.476
35.734,5.1321,13.382,-28.718,31.04,-26.038,26.024,-51.335,63.826,-13.603,-19.518,24.304,74.197,-11.918,6.1326,-29.683
35.734,5.1321,13.382,-28.718,31.04,-26.038,26.024,-51.335,63.826,-13.603,-19.518,24.304,74.197,-11.918,6.1326,-29.683
35.734,5.1321,13.382,-28.718,31.04,-26.038,26.024,-51.335,63.826,-13.603,-19.518,24.304,74.197,-11.918,6.1326,-29.683
35.344,5.4116,13.131,-28.554,30.896,-25.409,25.89,-50.878,63.949,-13.106,-19.313,24.546,74.547,-11.588,6.5315,-28.889
34.952,5.6924,12.881,-28.389,30.749,-24.777,25.755,-50.418,64.07,-12.608,-19.106,24.788,74.897,-11.256,6.931,-28.094
34.952,5.6924,12.881,-28.389,30.749,-24.777,25.755,-50.418,64.07,-12.608,-19.106,24.788,74.897,-11.256,6.931,-28.094
34.556,5.9742,12.631,-28.223,30.601,-24.142,25.619,-49.957,64.189,-12.109,-18.898,25.03,75.247,-10.923,7.3311,-27.297
34.556,5.9742,12.631,-28.223,30.601,-24.142,25.619,-49.957,64.189,-12.109,-18.898,25.03,75.247,-10.923,7.3311,-27.297
34.556,5.9742,12.631,-28.223,30.601,-24.142,25.619,-49.957,64.189,-12.109,-18.898,25.03,75.247,-10.923,7.3311,-27.297
34.556,5.9742,12.631,-28.223,30.601,-24.142,25.619,-49.957,64.189,-12.109,-18.898,25.03,75.247,-10.923,7.3311,-27.297
33.758,6.541,12.132,-27.887,30.299,-22.866,25.347,-49.028,64.42,-11.109,-18.478,25.514,75.945,-10.253,8.133,-25.699
33.758,6.541,12.132,-27.887,30.299,-22.866,25.347,-49.028,64.42,-11.109,-18.478,25.514,75.945,-10.253,8.133,-25.699
33.758,6.541,12.132,-27.887,30.299,-22.866,25.347,-49.028,64.42,-11.109,-18.478,25.514,75.945,-10.253,8.133,-25.699
33.356,6.8259,11.882,-27.718,30.147,-22.224,25.211,-48.561,64.532,-10.607,-18.266,25.755,76.294,-9.9157,8.5349,-24.898
32.951,7.1117,11.632,-27.548,29.992,-21.58,25.074,-48.092,64.643,-10.105,-18.052,25.997,76.643,-9.5771,8.9373,-24.096
32.951,7.1117,11.632,-27.548,29.992,-21.58,25.074,-48.092,64.643,-10.105,-18.052,25.997,76.643,-9.5771,8.9373,-24.096
32.543,7.3985,11.383,-27.377,29.836,-20.934,24.937,-47.621,64.75,-9.6015,-17.837,26.238,76.991,-9.2373,9.3404,-23.293
32.543,7.3985,11.383,-27.377,29.836,-20.934,24.937,-47.621,64.75,-9.6015,-17.837,26.238,76.991,-9.2373,9.3404,-23.293
32.133,7.6861,11.134,-27.205,29.679,-20.285,24.8,-47.149,64.856,-9.0974,-17.621,26.479,77.34,-8.8961,9.744,-22.488
32.133,7.6861,11.134,-27.205,29.679,-20.285,24.8,-47.149,64.856,-9.0974,-17.621,26.479,77.34,-8.8961,9.744,-22.488
31.721,7.9745,10.885,-27.032,29.52,-19.635,24.662,-46.674,64.96,-8.5924,-17.403,26.72,77.687,-8.5537,10.148,-21.683
31.721,7.9745,10.885,-27.032,29.52,-19.635,24.662,-46.674,64.96,-8.5924,-17.403,26.72,77.687,-8.5537,10.148,-21.683
31.721,7.9745,10.885,-27.032,29.52,-19.635,24.662,-46.674,64.96,-8.5924,-17.403,26.72,77.687,-8.5537,10.148,-21.683
31.721,7.9745,10.885,-27.032,29.52,-19.635,24.662,-46.674,64.96,-8.5924,-17.403,26.72,77.687,-8.5537,10.148,-21.683
30.89,8.5536,10.387,-26.684,29.199,-18.327,24.387,-45.721,65.16,-7.5802,-16.962,27.201,78.382,-7.8652,10.958,-20.07
30.89,8.5536,10.387,-26.684,29.199,-18.327,24.387,-45.721,65.16,-7.5802,-16.962,27.201,78.382,-7.8652,10.958,-20.07
30.471,8.8443,10.139,-26.509,29.036,-17.671,24.249,-45.242,65.258,-7.073,-16.74,27.44,78.729,-7.5192,11.364,-19.262
30.471,8.8443,10.139,-26.509,29.036,-17.671,24.249,-45.242,65.258,-7.073,-16.74,27.44,78.729,-7.5192,11.364,-19.262
30.05,9.1356,9.8909,-26.333,28.873,-17.012,24.111,-44.761,65.353,-6.5652,-16.516,27.679,79.076,-7.172,11.77,-18.453
30.05,9.1356,9.8909,-26.333,28.873,-17.012,24.111,-44.761,65.353,-6.5652,-16.516,27.679,79.076,-7.172,11.77,-18.453
30.05,9.1356,9.8909,-26.333,28.873,-17.012,24.111,-44.761,65.353,-6.5652,-16.516,27.679,79.076,-7.172,11.77,-18.453
29.628,9.4275,9.6433,-26.156,28.708,-16.352,23.972,-44.279,65.445,-6.0566,-16.29,27.918,79.422,-6.8237,12.177,-17.643
29.628,9.4275,9.6433,-26.156,28.708,-16.352,23.972,-44.279,65.445,-6.0566,-16.29,27.918,79.422,-6.8237,12.177,-17.643
29.628,9.4275,9.6433,-26.156,28.708,-16.352,23.972,-44.279,65.445,-6.0566,-16.29,27.918,79.422,-6.8237,12.177,-17.643
28.776,10.013,9.1491,-25.8,28.375,-15.026,23.696,-43.31,65.625,-5.0377,-15.835,28.394,80.114,-6.1238,12.993,-16.022
28.347,10.307,8.9026,-25.621,28.207,-14.36,23.558,-42.823,65.711,-4.5274,-15.604,28.631,80.459,-5.7722,13.401,-15.211
28.347,10.307,8.9026,-25.621,28.207,-14.36,23.558,-42.823,65.711,-4.5274,-15.604,28.631,80.459,-5.7722,13.401,-15.211
28.347,10.307,8.9026,-25.621,28.207,-14.36,23.558,-42.823,65.711,-4.5274,-15.604,28.631,80.459,-5.7722,13.401,-15.211
27.917,10.601,8.6566,-25.441,28.038,-13.693,23.42,-42.335,65.796,-4.0166,-15.373,28.867,80.804,-5.4196,13.81,-14.399
27.917,10.601,8.6566,-25.441,28.038,-13.693,23.42,-42.335,65.796,-4.0166,-15.373,28.867,80.804,-5.4196,13.81,-14.399
27.485,10.895,8.411,-25.261,27.869,-13.025,23.281,-41.846,65.878,-3.5052,-15.139,29.102,81.148,-5.0661,14.22,-13.587
27.485,10.895,8.411,-25.261,27.869,-13.025,23.281,-41.846,65.878,-3.5052,-15.139,29.102,81.148,-5.0661,14.22,-13.587
27.051,11.19,8.1659,-25.08,27.698,-12.355,23.143,-41.355,65.959,-2.9933,-14.904,29.337,81.492,-4.7115,14.63,-12.774
27.051,11.19,8.1659,-25.08,27.698,-12.355,23.143,-41.355,65.959,-2.9933,-14.904,29.337,81.492,-4.7115,14.63,-12.774
26.615,11.485,7.9213,-24.898,27.527,-11.684,23.005,-40.864,66.037,-2.481,-14.668,29.571,81.836,-4.356,15.04,-11.961
26.178,11.78,7.6772,-24.716,27.355,-11.011,22.868,-40.37,66.113,-1.9683,-14.43,29.804,82.179,-3.9996,15.451,-11.148
26.178,11.78,7.6772,-24.716,27.355,-11.011,22.868,-40.37,66.113,-1.9683,-14.43,29.804,82.179,-3.9996,15.451,-11.148
25.739,12.076,7.4337,-24.534,27.182,-10.337,22.73,-39.876,66.187,-1.4551,-14.19,30.037,82.522,-3.6423,15.863,-10.335
25.739,12.076,7.4337,-24.534,27.182,-10.337,22.73,-39.876,66.187,-1.4551,-14.19,30.037,82.522,-3.6423,15.863,-10.335
25.739,12.076,7.4337,-24.534,27.182,-10.337,22.73,-39.876,66.187,-1.4551,-14.19,30.037,82.522,-3.6423,15.863,-10.335
25.299,12.372,7.1908,-24.351,27.009,-9.6623,22.592,-39.381,66.259,-0.94165,-13.949,30.268,82.864,-3.2842,16.274,-9.5216
25.299,12.372,7.1908,-24.351,27.009,-9.6623,22.592,-39.381,66.259,-0.94165,-13.949,30.268,82.864,-3.2842,16.274,-9.5216
25.299,12.372,7.1908,-24.351,27.009,-9.6623,22.592,-39.381,66.259,-0.94165,-13.949,30.268,82.864,-3.2842,16.274,-9.5216
24.857,12.668,6.9485,-24.167,26.835,-8.9862,22.455,-38.884,66.33,-0.4278,-13.706,30.498,83.206,-2.9252,16.687,-8.708
24.857,12.668,6.9485,-24.167,26.835,-8.9862,22.455,-38.884,66.33,-0.4278,-13.706,30.498,83.206,-2.9252,16.687,-8.708
23.969,13.261,6.4658,-23.798,26.485,-7.631,22.181,-37.888,66.464,0.60078,-13.215,30.956,83.888,-2.2047,17.513,-7.081
23.969,13.261,6.4658,-23.798,26.485,-7.631,22.181,-37.888,66.464,0.60078,-13.215,30.956,83.888,-2.2047,17.513,-7.081
23.523,13.557,6.2254,-23.613,26.31,-6.952,22.044,-37.388,66.528,1.1155,-12.967,31.183,84.228,-1.8434,17.927,-6.2677
23.523,13.557,6.2254,-23.613,26.31,-6.952,22.044,-37.388,66.528,1.1155,-12.967,31.183,84.228,-1.8434,17.927,-6.2677
23.523,13.557,6.2254,-23.613,26.31,-6.952,22.044,-37.388,66.528,1.1155,-12.967,31.183,84.228,-1.8434,17.927,-6.2677
23.076,13.854,5.9858,-23.428,26.134,-6.2722,21.908,-36.887,66.59,1.6304,-12.718,31.41,84.567,-1.4813,18.341,-5.4545
23.076,13.854,5.9858,-23.428,26.134,-6.2722,21.908,-36.887,66.59,1.6304,-12.718,31.41,84.567,-1.4813,18.341,-5.4545
23.076,13.854,5.9858,-23.428,26.134,-6.2722,21.908,-36.887,66.59,1.6304,-12.718,31.41,84.567,-1.4813,18.341,-5.4545
22.627,14.15,5.7469,-23.242,25.957,-5.5916,21.772,-36.385,66.65,2.1455,-12.466,31.635,84.906,-1.1185,18.756,-4.6415
22.178,14.447,5.5088,-23.056,25.781,-4.9102,21.636,-35.883,66.708,2.6608,-12.213,31.859,85.245,-0.75502,19.171,-3.8288
22.178,14.447,5.5088,-23.056,25.781,-4.9102,21.636,-35.883,66.708,2.6608,-12.213,31.859,85.245,-0.75502,19.171,-3.8288
21.727,14.743,5.2714,-22.87,25.604,-4.2282,21.501,-35.379,66.764,3.1762,-11.959,32.081,85.583,-0.39089,19.586,-3.0164
21.727,14.743,5.2714,-22.87,25.604,-4.2282,21.501,-35.379,66.764,3.1762,-11.959,32.081,85.583,-0.39089,19.586,-3.0164
21.275,15.039,5.0349,-22.683,25.427,-3.5457,21.366,-34.875,66.819,3.6917,-11.702,32.303,85.92,-0.026135,20.002,-2.2044
21.275,15.039,5.0349,-22.683,25.427,-3.5457,21.366,-34.875,66.819,3.6917,-11.702,32.303,85.92,-0.026135,20.002,-2.2044
21.275,15.039,5.0349,-22.683,25.427,-3.5457,21.366,-34.875,66.819,3.6917,-11.702,32.303,85.92,-0.026135,20.002,-2.2044
20.822,15.335,4.7991,-22.496,25.249,-2.8626,21.231,-34.37,66.871,4.2073,-11.444,32.523,86.257,0.33922,20.418,-1.3929
20.822,15.335,4.7991,-22.496,25.249,-2.8626,21.231,-34.37,66.871,4.2073,-11.444,32.523,86.257,0.33922,20.418,-1.3929
20.822,15.335,4.7991,-22.496,25.249,-2.8626,21.231,-34.37,66.871,4.2073,-11.444,32.523,86.257,0.33922,20.418,-1.3929
19.914,15.927,4.3303,-22.122,24.894,-1.4951,20.964,-33.358,66.97,5.2387,-10.923,32.959,86.929,1.0716,21.252,0.22848
19.914,15.927,4.3303,-22.122,24.894,-1.4951,20.964,-33.358,66.97,5.2387,-10.923,32.959,86.929,1.0716,21.252,0.22848
19.459,16.222,4.0972,-21.934,24.717,-0.8108,20.831,-32.85,67.016,5.7544,-10.66,33.175,87.263,1.4386,21.67,1.0383
19.459,16.222,4.0972,-21.934,24.717,-0.8108,20.831,-32.85,67.016,5.7544,-10.66,33.175,87.263,1.4386,21.67,1.0383
19.003,16.517,3.865,-21.747,24.539,-0.12626,20.698,-32.342,67.061,6.27,-10.395,33.389,87.598,1.8061,22.087,1.8474
19.003,16.517,3.865,-21.747,24.539,-0.12626,20.698,-32.342,67.061,6.27,-10.395,33.389,87.598,1.8061,22.087,1.8474
18.546,16.811,3.6338,-21.559,24.361,0.55849,20.566,-31.834,67.103,6.7856,-10.128,33.602,87.931,2.174,22.505,2.6558
18.546,16.811,3.6338,-21.559,24.361,0.55849,20.566,-31.834,67.103,6.7856,-10.128,33.602,87.931,2.174,22.505,2.6558
18.088,17.105,3.4035,-21.371,24.184,1.2434,20.434,-31.325,67.144,7.3012,-9.86,33.814,88.264,2.5424,22.924,3.4634
18.088,17.105,3.4035,-21.371,24.184,1.2434,20.434,-31.325,67.144,7.3012,-9.86,33.814,88.264,2.5424,22.924,3.4634
17.63,17.399,3.1743,-21.183,24.006,1.9283,20.303,-30.815,67.183,7.8166,-9.5899,34.024,88.596,2.9112,23.343,4.2701
17.171,17.692,2.9461,-20.994,23.829,2.6133,20.173,-30.305,67.22,8.3318,-9.318,34.232,88.927,3.2804,23.762,5.0759
17.171,17.692,2.9461,-20.994,23.829,2.6133,20.173,-30.305,67.22,8.3318,-9.318,34.232,88.927,3.2804,23.762,5.0759
17.171,17.692,2.9461,-20.994,23.829,2.6133,20.173,-30.305,67.22,8.3318,-9.318,34.232,88.927,3.2804,23.762,5.0759
16.712,17.985,2.7189,-20.806,23.652,3.2982,20.043,-29.795,67.256,8.8469,-9.0443,34.439,89.258,3.6499,24.182,5.8808
16.712,17.985,2.7189,-20.806,23.652,3.2982,20.043,-29.795,67.256,8.8469,-9.0443,34.439,89.258,3.6499,24.182,5.8808
16.252,18.277,2.4928,-20.618,23.476,3.983,19.914,-29.284,67.289,9.3618,-8.7689,34.644,89.588,4.0198,24.601,6.6846
15.792,18.569,2.2677,-20.43,23.299,4.6677,19.786,-28.772,67.321,9.8765,-8.4917,34.847,89.917,4.39,25.021,7.4874
15.792,18.569,2.2677,-20.43,23.299,4.6677,19.786,-28.772,67.321,9.8765,-8.4917,34.847,89.917,4.39,25.021,7.4874
15.331,18.86,2.0438,-20.241,23.123,5.352,19.658,-28.26,67.35,10.391,-8.2127,35.049,90.245,4.7604,25.442,8.289
15.331,18.86,2.0438,-20.241,23.123,5.352,19.658,-28.26,67.35,10.391,-8.2127,35.049,90.245,4.7604,25.442,8.289
14.87,19.15,1.821,-20.053,22.948,6.0361,19.531,-27.748,67.378,10.905,-7.932,35.248,90.573,5.1311,25.863,9.0895
14.87,19.15,1.821,-20.053,22.948,6.0361,19.531,-27.748,67.378,10.905,-7.932,35.248,90.573,5.1311,25.863,9.0895
14.409,19.44,1.5994,-19.865,22.772,6.7198,19.404,-27.236,67.405,11.419,-7.6494,35.446,90.9,5.502,26.284,9.8887
14.409,19.44,1.5994,-19.865,22.772,6.7198,19.404,-27.236,67.405,11.419,-7.6494,35.446,90.9,5.502,26.284,9.8887
14.409,19.44,1.5994,-19.865,22.772,6.7198,19.404,-27.236,67.405,11.419,-7.6494,35.446,90.9,5.502,26.284,9.8887
13.948,19.729,1.379,-19.677,22.598,7.4031,19.279,-26.723,67.429,11.932,-7.3651,35.643,91.226,5.8731,26.705,10.687
13.948,19.729,1.379,-19.677,22.598,7.4031,19.279,-26.723,67.429,11.932,-7.3651,35.643,91.226,5.8731,26.705,10.687
13.948,19.729,1.379,-19.677,22.598,7.4031,19.279,-26.723,67.429,11.932,-7.3651,35.643,91.226,5.8731,26.705,10.687
13.486,20.017,1.1597,-19.489,22.424,8.0859,19.154,-26.211,67.452,12.445,-7.079,35.837,91.551,6.2444,27.126,11.483
13.024,20.304,0.9417,-19.301,22.25,8.7682,19.03,-25.698,67.472,12.958,-6.791,36.029,91.875,6.6159,27.548,12.278
12.563,20.59,0.72494,-19.114,22.077,9.4498,18.906,-25.185,67.491,13.471,-6.5013,36.22,92.199,6.9874,27.97,13.072
12.563,20.59,0.72494,-19.114,22.077,9.4498,18.906,-25.185,67.491,13.471,-6.5013,36.22,92.199,6.9874,27.97,13.072
12.563,20.59,0.72494,-19.114,22.077,9.4498,18.906,-25.185,67.491,13.471,-6.5013,36.22,92.199,6.9874,27.97,13.072
12.563,20.59,0.72494,-19.114,22.077,9.4498,18.906,-25.185,67.491,13.471,-6.5013,36.22,92.199,6.9874,27.97,13.072
12.101,20.876,0.50945,-18.926,21.905,10.131,18.784,-24.671,67.509,13.982,-6.2098,36.408,92.521,7.3591,28.392,13.864
12.101,20.876,0.50945,-18.926,21.905,10.131,18.784,-24.671,67.509,13.982,-6.2098,36.408,92.521,7.3591,28.392,13.864
11.639,21.16,0.29525,-18.739,21.733,10.811,18.662,-24.158,67.524,14.494,-5.9165,36.594,92.843,7.7308,28.815,14.655
11.178,21.444,0.082371,-18.552,21.562,11.49,18.542,-23.645,67.538,15.005,-5.6213,36.779,93.164,8.1025,29.237,15.444
11.178,21.444,0.082371,-18.552,21.562,11.49,18.542,-23.645,67.538,15.005,-5.6213,36.779,93.164,8.1025,29.237,15.444
10.717,21.726,-0.12917,-18.366,21.392,12.169,18.422,-23.131,67.55,15.515,-5.3244,36.961,93.484,8.4743,29.66,16.231
10.717,21.726,-0.12917,-18.366,21.392,12.169,18.422,-23.131,67.55,15.515,-5.3244,36.961,93.484,8.4743,29.66,16.231
10.717,21.726,-0.12917,-18.366,21.392,12.169,18.422,-23.131,67.55,15.515,-5.3244,36.961,93.484,8.4743,29.66,16.231
10.256,22.008,-0.33936,-18.179,21.223,12.847,18.303,-22.618,67.561,16.025,-5.0256,37.141,93.802,8.846,30.083,17.017
10.256,22.008,-0.33936,-18.179,21.223,12.847,18.303,-22.618,67.561,16.025,-5.0256,37.141,93.802,8.846,30.083,17.017
10.256,22.008,-0.33936,-18.179,21.223,12.847,18.303,-22.618,67.561,16.025,-5.0256,37.141,93.802,8.846,30.083,17.017
9.3342,22.568,-0.75556,-17.807,20.887,14.199,18.068,-21.592,67.577,17.043,-4.4226,37.495,94.437,9.5894,30.93,18.583
9.3342,22.568,-0.75556,-17.807,20.887,14.199,18.068,-21.592,67.577,17.043,-4.4226,37.495,94.437,9.5894,30.93,18.583
8.8741,22.846,-0.96153,-17.622,20.721,14.873,17.952,-21.079,67.582,17.551,-4.1184,37.669,94.754,9.9609,31.353,19.363
8.8741,22.846,-0.96153,-17.622,20.721,14.873,17.952,-21.079,67.582,17.551,-4.1184,37.669,94.754,9.9609,31.353,19.363
8.4143,23.123,-1.1661,-17.437,20.555,15.547,17.837,-20.566,67.586,18.058,-3.8124,37.84,95.069,10.332,31.777,20.142
8.4143,23.123,-1.1661,-17.437,20.555,15.547,17.837,-20.566,67.586,18.058,-3.8124,37.84,95.069,10.332,31.777,20.142
7.9551,23.399,-1.3691,-17.252,20.391,16.219,17.723,-20.053,67.588,18.565,-3.5045,38.009,95.383,10.704,32.201,20.918
7.4964,23.674,-1.5707,-17.068,20.228,16.89,17.609,-19.541,67.589,19.071,-3.1949,38.176,95.696,11.075,32.625,21.692
7.4964,23.674,-1.5707,-17.068,20.228,16.89,17.609,-19.541,67.589,19.071,-3.1949,38.176,95.696,11.075,32.625,21.692
7.4964,23.674,-1.5707,-17.068,20.228,16.89,17.609,-19.541,67.589,19.071,-3.1949,38.176,95.696,11.075,32.625,21.692
7.0382,23.947,-1.7708,-16.884,20.065,17.559,17.497,-19.029,67.587,19.576,-2.8833,38.341,96.008,11.446,33.049,22.464
7.0382,23.947,-1.7708,-16.884,20.065,17.559,17.497,-19.029,67.587,19.576,-2.8833,38.341,96.008,11.446,33.049,22.464
6.5807,24.219,-1.9693,-16.701,19.904,18.227,17.386,-18.517,67.585,20.081,-2.57,38.503,96.319,11.816,33.473,23.234
6.5807,24.219,-1.9693,-16.701,19.904,18.227,17.386,-18.517,67.585,20.081,-2.57,38.503,96.319,11.816,33.473,23.234
6.1239,24.49,-2.1663,-16.518,19.744,18.894,17.276,-18.006,67.58,20.584,-2.2549,38.663,96.629,12.187,33.897,24.002
6.1239,24.49,-2.1663,-16.518,19.744,18.894,17.276,-18.006,67.58,20.584,-2.2549,38.663,96.629,12.187,33.897,24.002
5.6678,24.759,-2.3617,-16.336,19.586,19.559,17.168,-17.495,67.574,21.087,-1.9379,38.82,96.937,12.557,34.321,24.768
5.6678,24.759,-2.3617,-16.336,19.586,19.559,17.168,-17.495,67.574,21.087,-1.9379,38.82,96.937,12.557,34.321,24.768
5.2126,25.027,-2.5555,-16.154,19.428,20.223,17.06,-16.984,67.567,21.589,-1.6191,38.975,97.245,12.927,34.746,25.532
5.2126,25.027,-2.5555,-16.154,19.428,20.223,17.06,-16.984,67.567,21.589,-1.6191,38.975,97.245,12.927,34.746,25.532
4.7581,25.293,-2.7478,-15.973,19.272,20.885,16.953,-16.474,67.558,22.09,-1.2985,39.127,97.552,13.296,35.17,26.293
4.7581,25.293,-2.7478,-15.973,19.272,20.885,16.953,-16.474,67.558,22.09,-1.2985,39.127,97.552,13.296,35.17,26.293
4.7581,25.293,-2.7478,-15.973,19.272,20.885,16.953,-16.474,67.558,22.09,-1.2985,39.127,97.552,13.296,35.17,26.293
4.3045,25.558,-2.9384,-15.793,19.118,21.545,16.848,-15.965,67.547,22.591,-0.97601,39.277,97.857,13.666,35.594,27.051
3.8519,25.821,-3.1273,-15.613,18.964,22.203,16.744,-15.455,67.535,23.09,-0.65174,39.425,98.162,14.034,36.019,27.808
3.4003,26.083,-3.3146,-15.433,18.813,22.86,16.641,-14.947,67.522,23.588,-0.32565,39.57,98.465,14.403,36.443,28.562
3.4003,26.083,-3.3146,-15.433,18.813,22.86,16.641,-14.947,67.522,23.588,-0.32565,39.57,98.465,14.403,36.443,28.562
3.4003,26.083,-3.3146,-15.433,18.813,22.86,16.641,-14.947,67.522,23.588,-0.32565,39.57,98.465,14.403,36.443,28.562
3.4003,26.083,-3.3146,-15.433,18.813,22.86,16.641,-14.947,67.522,23.588,-0.32565,39.57,98.465,14.403,36.443,28.562
2.9497,26.344,-3.5002,-15.254,18.662,23.515,16.539,-14.439,67.506,24.086,0.0022546,39.712,98.767,14.771,36.868,29.313
2.9497,26.344,-3.5002,-15.254,18.662,23.515,16.539,-14.439,67.506,24.086,0.0022546,39.712,98.767,14.771,36.868,29.313
2.5002,26.602,-3.684,-15.076,18.513,24.168,16.438,-13.932,67.49,24.582,0.33198,39.852,99.068,15.138,37.292,30.062
2.5002,26.602,-3.684,-15.076,18.513,24.168,16.438,-13.932,67.49,24.582,0.33198,39.852,99.068,15.138,37.292,30.062
1.6047,27.115,-4.0466,-14.722,18.22,25.468,16.24,-12.919,67.452,25.572,0.99687,40.123,99.666,15.872,38.141,31.552
1.6047,27.115,-4.0466,-14.722,18.22,25.468,16.24,-12.919,67.452,25.572,0.99687,40.123,99.666,15.872,38.141,31.552
1.1587,27.368,-4.2252,-14.546,18.076,26.114,16.143,-12.413,67.431,26.066,1.332,40.255,99.963,16.238,38.566,32.293
1.1587,27.368,-4.2252,-14.546,18.076,26.114,16.143,-12.413,67.431,26.066,1.332,40.255,99.963,16.238,38.566,32.293
0.71412,27.62,-4.4021,-14.371,17.934,26.759,16.048,-11.909,67.408,26.558,1.669,40.384,100.26,16.603,38.99,33.031
0.71412,27.62,-4.4021,-14.371,17.934,26.759,16.048,-11.909,67.408,26.558,1.669,40.384,100.26,16.603,38.99,33.031
0.27083,27.87,-4.5772,-14.197,17.793,27.402,15.953,-11.405,67.384,27.049,2.0078,40.51,100.55,16.968,39.414,33.766
0.27083,27.87,-4.5772,-14.197,17.793,27.402,15.953,-11.405,67.384,27.049,2.0078,40.51,100.55,16.968,39.414,33.766
0.27083,27.87,-4.5772,-14.197,17.793,27.402,15.953,-11.405,67.384,27.049,2.0078,40.51,100.55,16.968,39.414,33.766
-0.17107,28.118,-4.7504,-14.023,17.654,28.042,15.86,-10.902,67.359,27.539,2.3484,40.634,100.85,17.333,39.838,34.499
-0.17107,28.118,-4.7504,-14.023,17.654,28.042,15.86,-10.902,67.359,27.539,2.3484,40.634,100.85,17.333,39.838,34.499
-0.17107,28.118,-4.7504,-14.023,17.654,28.042,15.86,-10.902,67.359,27.539,2.3484,40.634,100.85,17.333,39.838,34.499
-0.61153,28.365,-4.9218,-13.85,17.517,28.68,15.768,-10.4,67.332,28.028,2.6907,40.754,101.14,17.696,40.263,35.228
-1.0505,28.609,-5.0914,-13.678,17.381,29.316,15.678,-9.8986,67.304,28.515,3.0349,40.872,101.43,18.059,40.686,35.955
-1.0505,28.609,-5.0914,-13.678,17.381,29.316,15.678,-9.8986,67.304,28.515,3.0349,40.872,101.43,18.059,40.686,35.955
-1.4879,28.852,-5.2591,-13.507,17.247,29.949,15.589,-9.3983,67.274,29.002,3.3808,40.987,101.72,18.422,41.11,36.679
-1.4879,28.852,-5.2591,-13.507,17.247,29.949,15.589,-9.3983,67.274,29.002,3.3808,40.987,101.72,18.422,41.11,36.679
-1.9238,29.093,-5.4249,-13.337,17.116,30.58,15.501,-8.8988,67.243,29.487,3.7286,41.1,102.01,18.783,41.534,37.4
-1.9238,29.093,-5.4249,-13.337,17.116,30.58,15.501,-8.8988,67.243,29.487,3.7286,41.1,102.01,18.783,41.534,37.4
-2.358,29.332,-5.5888,-13.167,16.986,31.208,15.415,-8.4004,67.211,29.971,4.0781,41.209,102.3,19.144,41.958,38.118
-2.358,29.332,-5.5888,-13.167,16.986,31.208,15.415,-8.4004,67.211,29.971,4.0781,41.209,102.3,19.144,41.958,38.118
-2.7905,29.568,-5.7508,-12.999,16.858,31.834,15.33,-7.9029,67.177,30.454,4.4294,41.316,102.58,19.504,42.381,38.832
-2.7905,29.568,-5.7508,-12.999,16.858,31.834,15.33,-7.9029,67.177,30.454,4.4294,41.316,102.58,19.504,42.381,38.832
-3.2213,29.803,-5.9108,-12.831,16.732,32.457,15.246,-7.4065,67.142,30.935,4.7825,41.419,102.87,19.864,42.804,39.544
-3.2213,29.803,-5.9108,-12.831,16.732,32.457,15.246,-7.4065,67.142,30.935,4.7825,41.419,102.87,19.864,42.804,39.544
-3.6504,30.036,-6.0689,-12.665,16.608,33.077,15.164,-6.9111,67.105,31.415,5.1373,41.52,103.15,20.222,43.227,40.253
-3.6504,30.036,-6.0689,-12.665,16.608,33.077,15.164,-6.9111,67.105,31.415,5.1373,41.52,103.15,20.222,43.227,40.253
-3.6504,30.036,-6.0689,-12.665,16.608,33.077,15.164,-6.9111,67.105,31.415,5.1373,41.52,103.15,20.222,43.227,40.253
-4.0776,30.267,-6.225,-12.499,16.486,33.695,15.083,-6.4168,67.068,31.894,5.4939,41.618,103.43,20.58,43.65,40.958
-4.0776,30.267,-6.225,-12.499,16.486,33.695,15.083,-6.4168,67.068,31.894,5.4939,41.618,103.43,20.58,43.65,40.958
-4.0776,30.267,-6.225,-12.499,16.486,33.695,15.083,-6.4168,67.068,31.894,5.4939,41.618,103.43,20.58,43.65,40.958
-4.9263,30.722,-6.5313,-12.171,16.248,34.922,14.926,-5.4317,66.988,32.847,6.2123,41.804,103.99,21.293,44.495,42.359
-4.9263,30.722,-6.5313,-12.171,16.248,34.922,14.926,-5.4317,66.988,32.847,6.2123,41.804,103.99,21.293,44.495,42.359
-5.3478,30.946,-6.6814,-12.008,16.132,35.531,14.85,-4.9409,66.947,33.322,6.5742,41.893,104.27,21.648,44.917,43.054
-5.3478,30.946,-6.6814,-12.008,16.132,35.531,14.85,-4.9409,66.947,33.322,6.5742,41.893,104.27,21.648,44.917,43.054
-5.7673,31.168,-6.8294,-11.847,16.019,36.138,14.775,-4.4512,66.904,33.795,6.9378,41.979,104.54,22.003,45.339,43.746
-5.7673,31.168,-6.8294,-11.847,16.019,36.138,14.775,-4.4512,66.904,33.795,6.9378,41.979,104.54,22.003,45.339,43.746
-6.1847,31.388,-6.9755,-11.686,15.907,36.741,14.701,-3.9629,66.86,34.266,7.3031,42.061,104.82,22.356,45.761,44.435
-6.5999,31.606,-7.1194,-11.527,15.798,37.342,14.629,-3.4757,66.814,34.736,7.6701,42.141,105.09,22.708,46.182,45.12
-6.5999,31.606,-7.1194,-11.527,15.798,37.342,14.629,-3.4757,66.814,34.736,7.6701,42.141,105.09,22.708,46.182,45.12
-6.5999,31.606,-7.1194,-11.527,15.798,37.342,14.629,-3.4757,66.814,34.736,7.6701,42.141,105.09,22.708,46.182,45.12
-7.0131,31.821,-7.2613,-11.368,15.691,37.939,14.559,-2.9899,66.768,35.205,8.0388,42.217,105.36,23.06,46.603,45.802
-7.0131,31.821,-7.2613,-11.368,15.691,37.939,14.559,-2.9899,66.768,35.205,8.0388,42.217,105.36,23.06,46.603,45.802
-7.4241,32.034,-7.4011,-11.211,15.587,38.533,14.49,-2.5054,66.72,35.672,8.4093,42.291,105.63,23.41,47.024,46.48
-7.8328,32.245,-7.5388,-11.055,15.484,39.124,14.423,-2.0223,66.671,36.138,8.7814,42.361,105.9,23.759,47.444,47.155
-7.8328,32.245,-7.5388,-11.055,15.484,39.124,14.423,-2.0223,66.671,36.138,8.7814,42.361,105.9,23.759,47.444,47.155
-8.2392,32.453,-7.6744,-10.9,15.384,39.712,14.357,-1.5405,66.621,36.602,9.1552,42.428,106.17,24.108,47.864,47.826
-8.2392,32.453,-7.6744,-10.9,15.384,39.712,14.357,-1.5405,66.621,36.602,9.1552,42.428,106.17,24.108,47.864,47.826
-8.2392,32.453,-7.6744,-10.9,15.384,39.712,14.357,-1.5405,66.621,36.602,9.1552,42.428,106.17,24.108,47.864,47.826
-8.6434,32.66,-7.8078,-10.746,15.287,40.297,14.293,-1.0602,66.569,37.064,9.5307,42.492,106.43,24.455,48.284,48.494
-8.6434,32.66,-7.8078,-10.746,15.287,40.297,14.293,-1.0602,66.569,37.064,9.5307,42.492,106.43,24.455,48.284,48.494
-8.6434,32.66,-7.8078,-10.746,15.287,40.297,14.293,-1.0602,66.569,37.064,9.5307,42.492,106.43,24.455,48.284,48.494
-9.0451,32.863,-7.9391,-10.593,15.192,40.879,14.23,-0.58128,66.517,37.525,9.9079,42.553,106.69,24.801,48.703,49.157
-9.4445,33.065,-8.0683,-10.442,15.099,41.457,14.169,-0.10383,66.463,37.984,10.287,42.611,106.96,25.146,49.122,49.818
-9.8414,33.263,-8.1953,-10.292,15.008,42.031,14.11,0.37212,66.408,38.441,10.667,42.665,107.22,25.49,49.541,50.474
-9.8414,33.263,-8.1953,-10.292,15.008,42.031,14.11,0.37212,66.408,38.441,10.667,42.665,107.22,25.49,49.541,50.474
-10.236,33.46,-8.32,-10.143,14.92,42.603,14.052,0.84657,66.352,38.897,11.049,42.716,107.48,25.833,49.959,51.127
-10.236,33.46,-8.32,-10.143,14.92,42.603,14.052,0.84657,66.352,38.897,11.049,42.716,107.48,25.833,49.959,51.127
-10.236,33.46,-8.32,-10.143,14.92,42.603,14.052,0.84657,66.352,38.897,11.049,42.716,107.48,25.833,49.959,51.127
-10.628,33.654,-8.4426,-9.9948,14.835,43.171,13.995,1.3195,66.295,39.351,11.433,42.764,107.73,26.174,50.376,51.776
-10.628,33.654,-8.4426,-9.9948,14.835,43.171,13.995,1.3195,66.295,39.351,11.433,42.764,107.73,26.174,50.376,51.776
-11.017,33.845,-8.563,-9.8483,14.752,43.735,13.941,1.7908,66.237,39.804,11.819,42.809,107.99,26.515,50.794,52.421
-11.017,33.845,-8.563,-9.8483,14.752,43.735,13.941,1.7908,66.237,39.804,11.819,42.809,107.99,26.515,50.794,52.421
-11.404,34.034,-8.6812,-9.703,14.672,44.296,13.888,2.2605,66.178,40.254,12.206,42.851,108.24,26.854,51.21,53.062
-11.404,34.034,-8.6812,-9.703,14.672,44.296,13.888,2.2605,66.178,40.254,12.206,42.851,108.24,26.854,51.21,53.062
-11.788,34.22,-8.7971,-9.5591,14.594,44.853,13.836,2.7286,66.117,40.703,12.594,42.889,108.5,27.192,51.627,53.7
-11.788,34.22,-8.7971,-9.5591,14.594,44.853,13.836,2.7286,66.117,40.703,12.594,42.889,108.5,27.192,51.627,53.7
-12.169,34.404,-8.9108,-9.4164,14.519,45.407,13.786,3.1951,66.056,41.15,12.984,42.924,108.75,27.528,52.042,54.333
-12.169,34.404,-8.9108,-9.4164,14.519,45.407,13.786,3.1951,66.056,41.15,12.984,42.924,108.75,27.528,52.042,54.333
-12.547,34.585,-9.0222,-9.275,14.446,45.957,13.738,3.6599,65.993,41.596,13.376,42.956,109,27.864,52.458,54.963
-12.547,34.585,-9.0222,-9.275,14.446,45.957,13.738,3.6599,65.993,41.596,13.376,42.956,109,27.864,52.458,54.963
-12.923,34.764,-9.1313,-9.135,14.376,46.503,13.692,4.123,65.93,42.039,13.77,42.984,109.24,28.198,52.872,55.589
-12.923,34.764,-9.1313,-9.135,14.376,46.503,13.692,4.123,65.93,42.039,13.77,42.984,109.24,28.198,52.872,55.589
-13.296,34.94,-9.2382,-8.9963,14.309,47.045,13.647,4.5843,65.865,42.481,14.165,43.009,109.49,28.53,53.287,56.21
-13.296,34.94,-9.2382,-8.9963,14.309,47.045,13.647,4.5843,65.865,42.481,14.165,43.009,109.49,28.53,53.287,56.21
-13.666,35.113,-9.3428,-8.859,14.244,47.584,13.604,5.044,65.8,42.921,14.561,43.031,109.73,28.862,53.7,56.828
-13.666,35.113,-9.3428,-8.859,14.244,47.584,13.604,5.044,65.8,42.921,14.561,43.031,109.73,28.862,53.7,56.828
-14.033,35.283,-9.4451,-8.7231,14.183,48.119,13.563,5.5018,65.733,43.359,14.959,43.049,109.98,29.192,54.113,57.441
-14.033,35.283,-9.4451,-8.7231,14.183,48.119,13.563,5.5018,65.733,43.359,14.959,43.049,109.98,29.192,54.113,57.441
-14.398,35.451,-9.5451,-8.5885,14.123,48.65,13.523,5.9579,65.666,43.795,15.359,43.064,110.22,29.52,54.526,58.051
-14.398,35.451,-9.5451,-8.5885,14.123,48.65,13.523,5.9579,65.666,43.795,15.359,43.064,110.22,29.52,54.526,58.051
-14.759,35.616,-9.6428,-8.4553,14.067,49.177,13.485,6.4121,65.597,44.229,15.76,43.076,110.45,29.847,54.938,58.656
-14.759,35.616,-9.6428,-8.4553,14.067,49.177,13.485,6.4121,65.597,44.229,15.76,43.076,110.45,29.847,54.938,58.656
-15.117,35.779,-9.7381,-8.3236,14.014,49.7,13.448,6.8645,65.528,44.661,16.162,43.085,110.69,30.173,55.349,59.258
-15.472,35.938,-9.8311,-8.1932,13.963,50.219,13.414,7.315,65.457,45.091,16.566,43.09,110.93,30.497,55.759,59.855
-15.472,35.938,-9.8311,-8.1932,13.963,50.219,13.414,7.315,65.457,45.091,16.566,43.09,110.93,30.497,55.759,59.855
-15.824,36.095,-9.9218,-8.0643,13.915,50.735,13.381,7.7637,65.386,45.52,16.972,43.091,111.16,30.82,56.169,60.448
-15.824,36.095,-9.9218,-8.0643,13.915,50.735,13.381,7.7637,65.386,45.52,16.972,43.091,111.16,30.82,56.169,60.448
-15.824,36.095,-9.9218,-8.0643,13.915,50.735,13.381,7.7637,65.386,45.52,16.972,43.091,111.16,30.82,56.169,60.448
-16.173,36.249,-10.01,-7.9369,13.87,51.246,13.349,8.2104,65.314,45.946,17.379,43.09,111.39,31.142,56.579,61.036
-16.173,36.249,-10.01,-7.9369,13.87,51.246,13.349,8.2104,65.314,45.946,17.379,43.09,111.39,31.142,56.579,61.036
-16.519,36.4,-10.096,-7.8109,13.827,51.753,13.32,8.6552,65.241,46.37,17.787,43.084,111.62,31.461,56.987,61.621
-16.862,36.549,-10.18,-7.6863,13.788,52.256,13.292,9.0981,65.167,46.793,18.197,43.076,111.85,31.78,57.395,62.201
-16.862,36.549,-10.18,-7.6863,13.788,52.256,13.292,9.0981,65.167,46.793,18.197,43.076,111.85,31.78,57.395,62.201
-17.201,36.694,-10.261,-7.5633,13.751,52.755,13.266,9.5389,65.092,47.213,18.608,43.064,112.08,32.097,57.803,62.777
-17.201,36.694,-10.261,-7.5633,13.751,52.755,13.266,9.5389,65.092,47.213,18.608,43.064,112.08,32.097,57.803,62.777
-17.537,36.837,-10.34,-7.4417,13.718,53.249,13.242,9.9778,65.016,47.631,19.021,43.049,112.3,32.412,58.209,63.349
-17.537,36.837,-10.34,-7.4417,13.718,53.249,13.242,9.9778,65.016,47.631,19.021,43.049,112.3,32.412,58.209,63.349
-17.537,36.837,-10.34,-7.4417,13.718,53.249,13.242,9.9778,65.016,47.631,19.021,43.049,112.3,32.412,58.209,63.349
-17.87,36.977,-10.416,-7.3217,13.687,53.74,13.219,10.415,64.939,48.047,19.435,43.03,112.52,32.725,58.615,63.916
-17.87,36.977,-10.416,-7.3217,13.687,53.74,13.219,10.415,64.939,48.047,19.435,43.03,112.52,32.725,58.615,63.916
-17.87,36.977,-10.416,-7.3217,13.687,53.74,13.219,10.415,64.939,48.047,19.435,43.03,112.52,32.725,58.615,63.916
-18.199,37.114,-10.49,-7.2031,13.659,54.226,13.199,10.849,64.862,48.461,19.85,43.008,112.74,33.037,59.02,64.479
-18.526,37.248,-10.562,-7.0861,13.634,54.708,13.18,11.282,64.783,48.873,20.267,42.982,112.96,33.348,59.424,65.038
-18.848,37.379,-10.631,-6.9706,13.612,55.185,13.162,11.713,64.704,49.283,20.685,42.953,113.18,33.657,59.827,65.592
-18.848,37.379,-10.631,-6.9706,13.612,55.185,13.162,11.713,64.704,49.283,20.685,42.953,113.18,33.657,59.827,65.592
-19.167,37.507,-10.698,-6.8567,13.593,55.659,13.147,12.141,64.624,49.691,21.105,42.921,113.39,33.964,60.23,66.142
-19.167,37.507,-10.698,-6.8567,13.593,55.659,13.147,12.141,64.624,49.691,21.105,42.921,113.39,33.964,60.23,66.142
-19.167,37.507,-10.698,-6.8567,13.593,55.659,13.147,12.141,64.624,49.691,21.105,42.921,113.39,33.964,60.23,66.142
-19.483,37.632,-10.762,-6.7443,13.578,56.128,13.133,12.568,64.544,50.096,21.525,42.885,113.61,34.269,60.632,66.687
-19.483,37.632,-10.762,-6.7443,13.578,56.128,13.133,12.568,64.544,50.096,21.525,42.885,113.61,34.269,60.632,66.687
-19.795,37.754,-10.824,-6.6334,13.565,56.592,13.121,12.992,64.462,50.5,21.947,42.846,113.82,34.573,61.033,67.228
-19.795,37.754,-10.824,-6.6334,13.565,56.592,13.121,12.992,64.462,50.5,21.947,42.846,113.82,34.573,61.033,67.228
-20.104,37.873,-10.884,-6.5242,13.555,57.052,13.111,13.414,64.38,50.901,22.371,42.803,114.03,34.875,61.433,67.764
-20.104,37.873,-10.884,-6.5242,13.555,57.052,13.111,13.414,64.38,50.901,22.371,42.803,114.03,34.875,61.433,67.764
-20.409,37.99,-10.941,-6.4165,13.548,57.508,13.102,13.834,64.297,51.3,22.795,42.757,114.23,35.176,61.832,68.296
-20.409,37.99,-10.941,-6.4165,13.548,57.508,13.102,13.834,64.297,51.3,22.795,42.757,114.23,35.176,61.832,68.296
-20.711,38.103,-10.996,-6.3104,13.544,57.959,13.096,14.252,64.213,51.697,23.221,42.708,114.44,35.474,62.23,68.824
-20.711,38.103,-10.996,-6.3104,13.544,57.959,13.096,14.252,64.213,51.697,23.221,42.708,114.44,35.474,62.23,68.824
-21.009,38.213,-11.048,-6.2059,13.544,58.405,13.091,14.668,64.128,52.092,23.648,42.655,114.64,35.771,62.628,69.347
-21.009,38.213,-11.048,-6.2059,13.544,58.405,13.091,14.668,64.128,52.092,23.648,42.655,114.64,35.771,62.628,69.347
-21.303,38.32,-11.097,-6.103,13.546,58.847,13.088,15.081,64.043,52.484,24.076,42.598,114.84,36.066,63.024,69.865
-21.303,38.32,-11.097,-6.103,13.546,58.847,13.088,15.081,64.043,52.484,24.076,42.598,114.84,36.066,63.024,69.865
-21.594,38.424,-11.145,-6.0017,13.551,59.285,13.087,15.492,63.957,52.874,24.506,42.539,115.04,36.36,63.419,70.379
-21.594,38.424,-11.145,-6.0017,13.551,59.285,13.087,15.492,63.957,52.874,24.506,42.539,115.04,36.36,63.419,70.379
-21.88,38.525,-11.19,-5.902,13.56,59.718,13.087,15.901,63.87,53.262,24.936,42.475,115.24,36.651,63.814,70.888
-21.88,38.525,-11.19,-5.902,13.56,59.718,13.087,15.901,63.87,53.262,24.936,42.475,115.24,36.651,63.814,70.888
-22.164,38.623,-11.232,-5.8039,13.572,60.146,13.089,16.307,63.783,53.648,25.368,42.409,115.43,36.941,64.208,71.393
-22.164,38.623,-11.232,-5.8039,13.572,60.146,13.089,16.307,63.783,53.648,25.368,42.409,115.43,36.941,64.208,71.393
-22.443,38.718,-11.272,-5.7075,13.587,60.57,13.094,16.712,63.695,54.031,25.801,42.338,115.62,37.229,64.6,71.893
-22.443,38.718,-11.272,-5.7075,13.587,60.57,13.094,16.712,63.695,54.031,25.801,42.338,115.62,37.229,64.6,71.893
-22.718,38.81,-11.309,-5.6127,13.604,60.989,13.1,17.113,63.606,54.412,26.235,42.265,115.82,37.515,64.992,72.389
-22.718,38.81,-11.309,-5.6127,13.604,60.989,13.1,17.113,63.606,54.412,26.235,42.265,115.82,37.515,64.992,72.389
-22.99,38.898,-11.344,-5.5196,13.626,61.403,13.107,17.513,63.517,54.79,26.67,42.188,116,37.799,65.382,72.88
-22.99,38.898,-11.344,-5.5196,13.626,61.403,13.107,17.513,63.517,54.79,26.67,42.188,116,37.799,65.382,72.88
-23.258,38.984,-11.377,-5.4281,13.65,61.813,13.117,17.91,63.427,55.167,27.106,42.108,116.19,38.082,65.772,73.366
-23.258,38.984,-11.377,-5.4281,13.65,61.813,13.117,17.91,63.427,55.167,27.106,42.108,116.19,38.082,65.772,73.366
-23.522,39.066,-11.407,-5.3383,13.677,62.218,13.128,18.305,63.337,55.541,27.543,42.024,116.38,38.362,66.16,73.848
-23.522,39.066,-11.407,-5.3383,13.677,62.218,13.128,18.305,63.337,55.541,27.543,42.024,116.38,38.362,66.16,73.848
-23.522,39.066,-11.407,-5.3383,13.677,62.218,13.128,18.305,63.337,55.541,27.543,42.024,116.38,38.362,66.16,73.848
-23.782,39.146,-11.435,-5.2501,13.708,62.618,13.141,18.698,63.246,55.912,27.982,41.937,116.56,38.641,66.547,74.325
-23.782,39.146,-11.435,-5.2501,13.708,62.618,13.141,18.698,63.246,55.912,27.982,41.937,116.56,38.641,66.547,74.325
-24.038,39.222,-11.46,-5.1636,13.741,63.013,13.156,19.088,63.154,56.281,28.421,41.846,116.74,38.918,66.933,74.797
-24.291,39.295,-11.482,-5.0788,13.778,63.404,13.173,19.475,63.061,56.648,28.861,41.752,116.92,39.192,67.319,75.265
-24.539,39.365,-11.502,-4.9956,13.818,63.789,13.191,19.861,62.969,57.013,29.302,41.655,117.09,39.465,67.703,75.728
-24.539,39.365,-11.502,-4.9956,13.818,63.789,13.191,19.861,62.969,57.013,29.302,41.655,117.09,39.465,67.703,75.728
-24.783,39.432,-11.52,-4.9141,13.862,64.17,13.211,20.243,62.875,57.375,29.745,41.554,117.27,39.736,68.085,76.186
-24.783,39.432,-11.52,-4.9141,13.862,64.17,13.211,20.243,62.875,57.375,29.745,41.554,117.27,39.736,68.085,76.186
-24.783,39.432,-11.52,-4.9141,13.862,64.17,13.211,20.243,62.875,57.375,29.745,41.554,117.27,39.736,68.085,76.186
-25.023,39.495,-11.535,-4.8343,13.908,64.546,13.234,20.624,62.781,57.734,30.188,41.45,117.44,40.005,68.467,76.64
-25.023,39.495,-11.535,-4.8343,13.908,64.546,13.234,20.624,62.781,57.734,30.188,41.45,117.44,40.005,68.467,76.64
-25.259,39.556,-11.548,-4.7562,13.958,64.918,13.257,21.002,62.687,58.091,30.632,41.342,117.61,40.272,68.847,77.088
-25.491,39.613,-11.558,-4.6797,14.011,65.284,13.283,21.377,62.591,58.446,31.077,41.231,117.78,40.537,69.227,77.533
-25.491,39.613,-11.558,-4.6797,14.011,65.284,13.283,21.377,62.591,58.446,31.077,41.231,117.78,40.537,69.227,77.533
-25.719,39.667,-11.566,-4.605,14.067,65.645,13.311,21.75,62.496,58.798,31.523,41.117,117.94,40.8,69.605,77.972
-25.719,39.667,-11.566,-4.605,14.067,65.645,13.311,21.75,62.496,58.798,31.523,41.117,117.94,40.8,69.605,77.972
-25.719,39.667,-11.566,-4.605,14.067,65.645,13.311,21.75,62.496,58.798,31.523,41.117,117.94,40.8,69.605,77.972
-25.943,39.718,-11.571,-4.532,14.126,66.002,13.34,22.12,62.4,59.148,31.969,40.999,118.1,41.06,69.981,78.407
-25.943,39.718,-11.571,-4.532,14.126,66.002,13.34,22.12,62.4,59.148,31.969,40.999,118.1,41.06,69.981,78.407
-25.943,39.718,-11.571,-4.532,14.126,66.002,13.34,22.12,62.4,59.148,31.969,40.999,118.1,41.06,69.981,78.407
-26.163,39.765,-11.574,-4.4606,14.188,66.353,13.371,22.488,62.303,59.495,32.417,40.878,118.26,41.319,70.357,78.837
-26.163,39.765,-11.574,-4.4606,14.188,66.353,13.371,22.488,62.303,59.495,32.417,40.878,118.26,41.319,70.357,78.837
-26.379,39.81,-11.575,-4.391,14.254,66.7,13.404,22.854,62.206,59.84,32.865,40.754,118.42,41.576,70.731,79.262
-26.59,39.851,-11.573,-4.323,14.323,67.042,13.438,23.216,62.109,60.183,33.314,40.626,118.58,41.831,71.104,79.683
-26.59,39.851,-11.573,-4.323,14.323,67.042,13.438,23.216,62.109,60.183,33.314,40.626,118.58,41.831,71.104,79.683
-26.797,39.889,-11.568,-4.2568,14.395,67.378,13.475,23.577,62.011,60.522,33.764,40.495,118.73,42.084,71.476,80.098
-27,39.924,-11.561,-4.1922,14.471,67.71,13.513,23.935,61.912,60.86,34.215,40.361,118.89,42.334,71.846,80.509
-27,39.924,-11.561,-4.1922,14.471,67.71,13.513,23.935,61.912,60.86,34.215,40.361,118.89,42.334,71.846,80.509
-27,39.924,-11.561,-4.1922,14.471,67.71,13.513,23.935,61.912,60.86,34.215,40.361,118.89,42.334,71.846,80.509
-27.199,39.956,-11.551,-4.1294,14.549,68.037,13.553,24.29,61.813,61.194,34.666,40.223,119.04,42.583,72.215,80.916
-27.199,39.956,-11.551,-4.1294,14.549,68.037,13.553,24.29,61.813,61.194,34.666,40.223,119.04,42.583,72.215,80.916
-27.394,39.984,-11.54,-4.0682,14.631,68.358,13.595,24.642,61.714,61.527,35.118,40.082,119.18,42.829,72.583,81.317
-27.394,39.984,-11.54,-4.0682,14.631,68.358,13.595,24.642,61.714,61.527,35.118,40.082,119.18,42.829,72.583,81.317
-27.584,40.01,-11.525,-4.0088,14.716,68.675,13.638,24.992,61.615,61.856,35.57,39.938,119.33,43.074,72.949,81.714
-27.584,40.01,-11.525,-4.0088,14.716,68.675,13.638,24.992,61.615,61.856,35.57,39.938,119.33,43.074,72.949,81.714
-27.77,40.032,-11.508,-3.9511,14.804,68.987,13.684,25.34,61.514,62.183,36.024,39.791,119.47,43.316,73.314,82.106
-27.77,40.032,-11.508,-3.9511,14.804,68.987,13.684,25.34,61.514,62.183,36.024,39.791,119.47,43.316,73.314,82.106
-27.952,40.05,-11.489,-3.8951,14.895,69.293,13.731,25.684,61.414,62.508,36.478,39.64,119.61,43.556,73.677,82.493
-27.952,40.05,-11.489,-3.8951,14.895,69.293,13.731,25.684,61.414,62.508,36.478,39.64,119.61,43.556,73.677,82.493
-28.129,40.066,-11.467,-3.8407,14.99,69.595,13.78,26.026,61.313,62.83,36.932,39.486,119.75,43.794,74.039,82.876
-28.129,40.066,-11.467,-3.8407,14.99,69.595,13.78,26.026,61.313,62.83,36.932,39.486,119.75,43.794,74.039,82.876
-28.303,40.078,-11.443,-3.7881,15.088,69.891,13.83,26.366,61.212,63.149,37.387,39.329,119.89,44.03,74.4,83.253
-28.303,40.078,-11.443,-3.7881,15.088,69.891,13.83,26.366,61.212,63.149,37.387,39.329,119.89,44.03,74.4,83.253
-28.471,40.088,-11.417,-3.7372,15.189,70.182,13.883,26.703,61.11,63.466,37.843,39.169,120.02,44.263,74.759,83.626
-28.471,40.088,-11.417,-3.7372,15.189,70.182,13.883,26.703,61.11,63.466,37.843,39.169,120.02,44.263,74.759,83.626
-28.471,40.088,-11.417,-3.7372,15.189,70.182,13.883,26.703,61.11,63.466,37.843,39.169,120.02,44.263,74.759,83.626
-28.636,40.094,-11.388,-3.688,15.293,70.469,13.937,27.037,61.009,63.78,38.299,39.005,120.15,44.495,75.116,83.995
-28.636,40.094,-11.388,-3.688,15.293,70.469,13.937,27.037,61.009,63.78,38.299,39.005,120.15,44.495,75.116,83.995
-28.636,40.094,-11.388,-3.688,15.293,70.469,13.937,27.037,61.009,63.78,38.299,39.005,120.15,44.495,75.116,83.995
-28.951,40.096,-11.323,-3.5947,15.511,71.026,14.05,27.698,60.804,64.401,39.213,38.668,120.41,44.951,75.827,84.717
-28.951,40.096,-11.323,-3.5947,15.511,71.026,14.05,27.698,60.804,64.401,39.213,38.668,120.41,44.951,75.827,84.717
-29.103,40.092,-11.286,-3.5506,15.625,71.297,14.11,28.024,60.701,64.707,39.67,38.495,120.53,45.176,76.18,85.071
-29.25,40.086,-11.248,-3.5081,15.742,71.563,14.171,28.347,60.598,65.011,40.128,38.319,120.65,45.399,76.531,85.42
-29.25,40.086,-11.248,-3.5081,15.742,71.563,14.171,28.347,60.598,65.011,40.128,38.319,120.65,45.399,76.531,85.42
-29.392,40.076,-11.207,-3.4674,15.862,71.824,14.233,28.668,60.494,65.312,40.587,38.14,120.77,45.619,76.881,85.765
-29.392,40.076,-11.207,-3.4674,15.862,71.824,14.233,28.668,60.494,65.312,40.587,38.14,120.77,45.619,76.881,85.765
-29.53,40.062,-11.164,-3.4284,15.985,72.079,14.298,28.987,60.391,65.61,41.046,37.957,120.89,45.837,77.23,86.104
-29.53,40.062,-11.164,-3.4284,15.985,72.079,14.298,28.987,60.391,65.61,41.046,37.957,120.89,45.837,77.23,86.104
-29.53,40.062,-11.164,-3.4284,15.985,72.079,14.298,28.987,60.391,65.61,41.046,37.957,120.89,45.837,77.23,86.104
-29.664,40.046,-11.118,-3.391,16.112,72.33,14.364,29.302,60.287,65.906,41.505,37.772,121.01,46.054,77.576,86.439
-29.664,40.046,-11.118,-3.391,16.112,72.33,14.364,29.302,60.287,65.906,41.505,37.772,121.01,46.054,77.576,86.439
-29.793,40.026,-11.07,-3.3553,16.241,72.575,14.432,29.615,60.183,66.199,41.964,37.583,121.12,46.267,77.921,86.77
-29.793,40.026,-11.07,-3.3553,16.241,72.575,14.432,29.615,60.183,66.199,41.964,37.583,121.12,46.267,77.921,86.77
-29.918,40.004,-11.019,-3.3213,16.374,72.816,14.502,29.925,60.078,66.49,42.424,37.392,121.23,46.479,78.265,87.095
-30.038,39.978,-10.966,-3.289,16.51,73.051,14.573,30.232,59.973,66.777,42.884,37.197,121.34,46.688,78.606,87.416
-30.038,39.978,-10.966,-3.289,16.51,73.051,14.573,30.232,59.973,66.777,42.884,37.197,121.34,46.688,78.606,87.416
-30.154,39.949,-10.911,-3.2583,16.649,73.281,14.646,30.537,59.868,67.062,43.344,36.999,121.44,46.895,78.946,87.732
-30.154,39.949,-10.911,-3.2583,16.649,73.281,14.646,30.537,59.868,67.062,43.344,36.999,121.44,46.895,78.946,87.732
-30.154,39.949,-10.911,-3.2583,16.649,73.281,14.646,30.537,59.868,67.062,43.344,36.999,121.44,46.895,78.946,87.732
-30.265,39.916,-10.854,-3.2293,16.791,73.506,14.721,30.839,59.763,67.345,43.805,36.799,121.55,47.1,79.285,88.044
-30.265,39.916,-10.854,-3.2293,16.791,73.506,14.721,30.839,59.763,67.345,43.805,36.799,121.55,47.1,79.285,88.044
-30.372,39.881,-10.794,-3.2019,16.936,73.725,14.797,31.138,59.658,67.625,44.265,36.595,121.65,47.303,79.621,88.351
-30.372,39.881,-10.794,-3.2019,16.936,73.725,14.797,31.138,59.658,67.625,44.265,36.595,121.65,47.303,79.621,88.351
-30.474,39.842,-10.732,-3.1762,17.085,73.94,14.875,31.435,59.552,67.902,44.726,36.388,121.75,47.503,79.956,88.653
-30.474,39.842,-10.732,-3.1762,17.085,73.94,14.875,31.435,59.552,67.902,44.726,36.388,121.75,47.503,79.956,88.653
-30.572,39.801,-10.668,-3.1522,17.236,74.15,14.955,31.729,59.447,68.176,45.187,36.179,121.84,47.701,80.289,88.95
-30.572,39.801,-10.668,-3.1522,17.236,74.15,14.955,31.729,59.447,68.176,45.187,36.179,121.84,47.701,80.289,88.95
-30.665,39.756,-10.601,-3.1298,17.391,74.354,15.036,32.02,59.341,68.448,45.648,35.966,121.93,47.897,80.621,89.243
-30.665,39.756,-10.601,-3.1298,17.391,74.354,15.036,32.02,59.341,68.448,45.648,35.966,121.93,47.897,80.621,89.243
-30.754,39.708,-10.532,-3.109,17.548,74.553,15.119,32.308,59.235,68.717,46.109,35.751,122.03,48.09,80.95,89.531
-30.754,39.708,-10.532,-3.109,17.548,74.553,15.119,32.308,59.235,68.717,46.109,35.751,122.03,48.09,80.95,89.531
-30.838,39.657,-10.461,-3.0898,17.709,74.748,15.204,32.594,59.128,68.983,46.571,35.532,122.11,48.281,81.278,89.815
-30.838,39.657,-10.461,-3.0898,17.709,74.748,15.204,32.594,59.128,68.983,46.571,35.532,122.11,48.281,81.278,89.815
-30.918,39.602,-10.387,-3.0723,17.872,74.937,15.29,32.877,59.022,69.247,47.032,35.311,122.2,48.47,81.604,90.094
-30.918,39.602,-10.387,-3.0723,17.872,74.937,15.29,32.877,59.022,69.247,47.032,35.311,122.2,48.47,81.604,90.094
-30.993,39.545,-10.311,-3.0564,18.039,75.12,15.378,33.157,58.915,69.507,47.493,35.087,122.28,48.657,81.928,90.368
-30.993,39.545,-10.311,-3.0564,18.039,75.12,15.378,33.157,58.915,69.507,47.493,35.087,122.28,48.657,81.928,90.368
-31.064,39.485,-10.233,-3.042,18.209,75.299,15.468,33.434,58.809,69.765,47.954,34.86,122.36,48.841,82.25,90.638
-31.064,39.485,-10.233,-3.042,18.209,75.299,15.468,33.434,58.809,69.765,47.954,34.86,122.36,48.841,82.25,90.638
-31.13,39.421,-10.153,-3.0293,18.381,75.473,15.559,33.709,58.702,70.021,48.416,34.631,122.44,49.023,82.571,90.903
-31.13,39.421,-10.153,-3.0293,18.381,75.473,15.559,33.709,58.702,70.021,48.416,34.631,122.44,49.023,82.571,90.903
-31.192,39.354,-10.071,-3.0182,18.557,75.642,15.652,33.981,58.595,70.274,48.877,34.398,122.52,49.202,82.889,91.163
-31.192,39.354,-10.071,-3.0182,18.557,75.642,15.652,33.981,58.595,70.274,48.877,34.398,122.52,49.202,82.889,91.163
-31.249,39.285,-9.9862,-3.0086,18.736,75.805,15.746,34.25,58.488,70.523,49.338,34.163,122.59,49.38,83.206,91.419
-31.249,39.285,-9.9862,-3.0086,18.736,75.805,15.746,34.25,58.488,70.523,49.338,34.163,122.59,49.38,83.206,91.419
-31.249,39.285,-9.9862,-3.0086,18.736,75.805,15.746,34.25,58.488,70.523,49.338,34.163,122.59,49.38,83.206,91.419
-31.301,39.212,-9.8994,-3.0007,18.917,75.964,15.842,34.516,58.381,70.771,49.799,33.925,122.66,49.554,83.52,91.67
-31.301,39.212,-9.8994,-3.0007,18.917,75.964,15.842,34.516,58.381,70.771,49.799,33.925,122.66,49.554,83.52,91.67
-31.301,39.212,-9.8994,-3.0007,18.917,75.964,15.842,34.516,58.381,70.771,49.799,33.925,122.66,49.554,83.52,91.67
-31.301,39.212,-9.8994,-3.0007,18.917,75.964,15.842,34.516,58.381,70.771,49.799,33.925,122.66,49.554,83.52,91.67
-31.393,39.058,-9.7193,-2.9894,19.289,76.265,16.038,35.041,58.166,71.257,50.72,33.442,122.8,49.897,84.143,92.16
-31.393,39.058,-9.7193,-2.9894,19.289,76.265,16.038,35.041,58.166,71.257,50.72,33.442,122.8,49.897,84.143,92.16
-31.432,38.976,-9.626,-2.9861,19.479,76.408,16.139,35.299,58.059,71.496,51.18,33.196,122.86,50.065,84.452,92.397
-31.432,38.976,-9.626,-2.9861,19.479,76.408,16.139,35.299,58.059,71.496,51.18,33.196,122.86,50.065,84.452,92.397
-31.496,38.803,-9.4331,-2.9841,19.869,76.68,16.345,35.807,57.844,71.966,52.1,32.696,122.98,50.394,85.063,92.86
-31.496,38.803,-9.4331,-2.9841,19.869,76.68,16.345,35.807,57.844,71.966,52.1,32.696,122.98,50.394,85.063,92.86
-31.522,38.712,-9.3335,-2.9853,20.067,76.808,16.45,36.057,57.737,72.197,52.559,32.442,123.04,50.555,85.366,93.084
-31.522,38.712,-9.3335,-2.9853,20.067,76.808,16.45,36.057,57.737,72.197,52.559,32.442,123.04,50.555,85.366,93.084
-31.543,38.619,-9.2318,-2.9881,20.269,76.931,16.556,36.304,57.629,72.425,53.018,32.186,123.09,50.713,85.667,93.304
-31.543,38.619,-9.2318,-2.9881,20.269,76.931,16.556,36.304,57.629,72.425,53.018,32.186,123.09,50.713,85.667,93.304
-31.543,38.619,-9.2318,-2.9881,20.269,76.931,16.556,36.304,57.629,72.425,53.018,32.186,123.09,50.713,85.667,93.304
-31.559,38.522,-9.128,-2.9924,20.474,77.049,16.664,36.548,57.522,72.65,53.477,31.927,123.14,50.869,85.965,93.519
-31.559,38.522,-9.128,-2.9924,20.474,77.049,16.664,36.548,57.522,72.65,53.477,31.927,123.14,50.869,85.965,93.519
-31.559,38.522,-9.128,-2.9924,20.474,77.049,16.664,36.548,57.522,72.65,53.477,31.927,123.14,50.869,85.965,93.519
-31.571,38.422,-9.0222,-2.9981,20.681,77.162,16.774,36.79,57.414,72.873,53.935,31.666,123.19,51.023,86.262,93.73
-31.578,38.32,-8.9143,-3.0054,20.891,77.27,16.885,37.029,57.306,73.092,54.393,31.402,123.24,51.175,86.556,93.937
-31.581,38.214,-8.8044,-3.014,21.104,77.373,16.998,37.265,57.199,73.31,54.851,31.136,123.28,51.324,86.848,94.139
-31.581,38.214,-8.8044,-3.014,21.104,77.373,16.998,37.265,57.199,73.31,54.851,31.136,123.28,51.324,86.848,94.139
-31.579,38.106,-8.6925,-3.0242,21.32,77.471,17.112,37.498,57.091,73.524,55.308,30.867,123.32,51.47,87.138,94.337
-31.579,38.106,-8.6925,-3.0242,21.32,77.471,17.112,37.498,57.091,73.524,55.308,30.867,123.32,51.47,87.138,94.337
-31.573,37.995,-8.5786,-3.0358,21.538,77.564,17.227,37.729,56.984,73.735,55.764,30.596,123.36,51.615,87.426,94.531
-31.573,37.995,-8.5786,-3.0358,21.538,77.564,17.227,37.729,56.984,73.735,55.764,30.596,123.36,51.615,87.426,94.531
-31.573,37.995,-8.5786,-3.0358,21.538,77.564,17.227,37.729,56.984,73.735,55.764,30.596,123.36,51.615,87.426,94.531
-31.563,37.881,-8.4627,-3.0488,21.759,77.652,17.344,37.957,56.876,73.944,56.22,30.323,123.4,51.757,87.712,94.72
-31.563,37.881,-8.4627,-3.0488,21.759,77.652,17.344,37.957,56.876,73.944,56.22,30.323,123.4,51.757,87.712,94.72
-31.547,37.764,-8.3449,-3.0632,21.983,77.735,17.462,38.182,56.769,74.151,56.675,30.047,123.43,51.896,87.995,94.905
-31.547,37.764,-8.3449,-3.0632,21.983,77.735,17.462,38.182,56.769,74.151,56.675,30.047,123.43,51.896,87.995,94.905
-31.528,37.644,-8.2251,-3.079,22.209,77.814,17.582,38.405,56.661,74.354,57.13,29.769,123.46,52.033,88.276,95.086
-31.528,37.644,-8.2251,-3.079,22.209,77.814,17.582,38.405,56.661,74.354,57.13,29.769,123.46,52.033,88.276,95.086
-31.504,37.521,-8.1034,-3.0962,22.438,77.887,17.703,38.625,56.554,74.555,57.584,29.489,123.49,52.168,88.556,95.263
-31.504,37.521,-8.1034,-3.0962,22.438,77.887,17.703,38.625,56.554,74.555,57.584,29.489,123.49,52.168,88.556,95.263
-31.475,37.396,-7.9798,-3.1148,22.669,77.956,17.825,38.842,56.446,74.753,58.037,29.206,123.52,52.301,88.832,95.435
-31.475,37.396,-7.9798,-3.1148,22.669,77.956,17.825,38.842,56.446,74.753,58.037,29.206,123.52,52.301,88.832,95.435
-31.475,37.396,-7.9798,-3.1148,22.669,77.956,17.825,38.842,56.446,74.753,58.037,29.206,123.52,52.301,88.832,95.435
-31.442,37.268,-7.8543,-3.1348,22.904,78.019,17.949,39.056,56.339,74.948,58.49,28.921,123.54,52.431,89.107,95.603
-31.442,37.268,-7.8543,-3.1348,22.904,78.019,17.949,39.056,56.339,74.948,58.49,28.921,123.54,52.431,89.107,95.603
-31.363,37.003,-7.5978,-3.1787,23.379,78.132,18.2,39.477,56.125,75.33,59.394,28.345,123.58,52.684,89.649,95.926
-31.363,37.003,-7.5978,-3.1787,23.379,78.132,18.2,39.477,56.125,75.33,59.394,28.345,123.58,52.684,89.649,95.926
-31.316,36.867,-7.4667,-3.2027,23.621,78.181,18.328,39.684,56.018,75.517,59.844,28.054,123.59,52.807,89.917,96.082
-31.316,36.867,-7.4667,-3.2027,23.621,78.181,18.328,39.684,56.018,75.517,59.844,28.054,123.59,52.807,89.917,96.082
-31.316,36.867,-7.4667,-3.2027,23.621,78.181,18.328,39.684,56.018,75.517,59.844,28.054,123.59,52.807,89.917,96.082
-31.266,36.728,-7.3339,-3.2279,23.865,78.226,18.457,39.887,55.911,75.701,60.294,27.76,123.61,52.928,90.182,96.233
-31.266,36.728,-7.3339,-3.2279,23.865,78.226,18.457,39.887,55.911,75.701,60.294,27.76,123.61,52.928,90.182,96.233
-31.21,36.586,-7.1992,-3.2545,24.112,78.265,18.588,40.088,55.804,75.883,60.742,27.465,123.62,53.046,90.445,96.381
-31.21,36.586,-7.1992,-3.2545,24.112,78.265,18.588,40.088,55.804,75.883,60.742,27.465,123.62,53.046,90.445,96.381
-31.151,36.442,-7.0628,-3.2823,24.361,78.3,18.719,40.287,55.697,76.062,61.19,27.167,123.62,53.162,90.706,96.524
-31.151,36.442,-7.0628,-3.2823,24.361,78.3,18.719,40.287,55.697,76.062,61.19,27.167,123.62,53.162,90.706,96.524
-31.087,36.295,-6.9246,-3.3114,24.612,78.33,18.852,40.482,55.59,76.238,61.638,26.868,123.63,53.275,90.964,96.663
-31.019,36.145,-6.7847,-3.3418,24.866,78.356,18.986,40.675,55.484,76.411,62.084,26.566,123.63,53.386,91.22,96.798
-31.019,36.145,-6.7847,-3.3418,24.866,78.356,18.986,40.675,55.484,76.411,62.084,26.566,123.63,53.386,91.22,96.798
-31.019,36.145,-6.7847,-3.3418,24.866,78.356,18.986,40.675,55.484,76.411,62.084,26.566,123.63,53.386,91.22,96.798
-30.946,35.993,-6.6431,-3.3734,25.122,78.376,19.122,40.866,55.377,76.582,62.529,26.263,123.63,53.495,91.474,96.929
-30.946,35.993,-6.6431,-3.3734,25.122,78.376,19.122,40.866,55.377,76.582,62.529,26.263,123.63,53.495,91.474,96.929
-30.946,35.993,-6.6431,-3.3734,25.122,78.376,19.122,40.866,55.377,76.582,62.529,26.263,123.63,53.495,91.474,96.929
-30.869,35.838,-6.4998,-3.4062,25.381,78.392,19.258,41.053,55.271,76.75,62.973,25.957,123.63,53.602,91.725,97.056
-30.869,35.838,-6.4998,-3.4062,25.381,78.392,19.258,41.053,55.271,76.75,62.973,25.957,123.63,53.602,91.725,97.056
-30.702,35.521,-6.2082,-3.4753,25.905,78.41,19.535,41.421,55.059,77.078,63.858,25.341,123.61,53.807,92.219,97.299
-30.702,35.521,-6.2082,-3.4753,25.905,78.41,19.535,41.421,55.059,77.078,63.858,25.341,123.61,53.807,92.219,97.299
-30.612,35.359,-6.0599,-3.5117,26.17,78.413,19.675,41.601,54.953,77.238,64.299,25.03,123.6,53.907,92.463,97.414
-30.612,35.359,-6.0599,-3.5117,26.17,78.413,19.675,41.601,54.953,77.238,64.299,25.03,123.6,53.907,92.463,97.414
-30.612,35.359,-6.0599,-3.5117,26.17,78.413,19.675,41.601,54.953,77.238,64.299,25.03,123.6,53.907,92.463,97.414
-30.518,35.194,-5.91,-3.5492,26.438,78.41,19.817,41.778,54.847,77.395,64.739,24.717,123.59,54.004,92.704,97.525
-30.518,35.194,-5.91,-3.5492,26.438,78.41,19.817,41.778,54.847,77.395,64.739,24.717,123.59,54.004,92.704,97.525
-30.518,35.194,-5.91,-3.5492,26.438,78.41,19.817,41.778,54.847,77.395,64.739,24.717,123.59,54.004,92.704,97.525
-30.419,35.026,-5.7585,-3.5879,26.707,78.403,19.959,41.953,54.741,77.549,65.178,24.402,123.57,54.098,92.943,97.633
-30.316,34.856,-5.6055,-3.6276,26.979,78.392,20.103,42.125,54.636,77.701,65.615,24.086,123.56,54.19,93.179,97.737
-30.209,34.684,-5.4509,-3.6685,27.253,78.376,20.248,42.294,54.53,77.851,66.052,23.768,123.54,54.28,93.413,97.837
-30.209,34.684,-5.4509,-3.6685,27.253,78.376,20.248,42.294,54.53,77.851,66.052,23.768,123.54,54.28,93.413,97.837
-30.209,34.684,-5.4509,-3.6685,27.253,78.376,20.248,42.294,54.53,77.851,66.052,23.768,123.54,54.28,93.413,97.837
-30.098,34.51,-5.2948,-3.7104,27.529,78.355,20.394,42.461,54.425,77.997,66.487,23.449,123.51,54.368,93.644,97.933
-30.098,34.51,-5.2948,-3.7104,27.529,78.355,20.394,42.461,54.425,77.997,66.487,23.449,123.51,54.368,93.644,97.933
-30.098,34.51,-5.2948,-3.7104,27.529,78.355,20.394,42.461,54.425,77.997,66.487,23.449,123.51,54.368,93.644,97.933
-29.983,34.333,-5.1372,-3.7535,27.807,78.33,20.541,42.625,54.32,78.141,66.921,23.127,123.49,54.453,93.872,98.025
-29.983,34.333,-5.1372,-3.7535,27.807,78.33,20.541,42.625,54.32,78.141,66.921,23.127,123.49,54.453,93.872,98.025
-29.863,34.153,-4.9781,-3.7975,28.088,78.3,20.689,42.787,54.216,78.282,67.353,22.805,123.46,54.536,94.098,98.114
-29.739,33.972,-4.8176,-3.8427,28.37,78.267,20.838,42.946,54.111,78.421,67.785,22.48,123.43,54.616,94.321,98.199
-29.611,33.788,-4.6556,-3.8888,28.654,78.228,20.988,43.103,54.007,78.557,68.215,22.154,123.39,54.694,94.542,98.28
-29.611,33.788,-4.6556,-3.8888,28.654,78.228,20.988,43.103,54.007,78.557,68.215,22.154,123.39,54.694,94.542,98.28
-29.611,33.788,-4.6556,-3.8888,28.654,78.228,20.988,43.103,54.007,78.557,68.215,22.154,123.39,54.694,94.542,98.28
-29.479,33.601,-4.4922,-3.9359,28.94,78.186,21.139,43.257,53.902,78.69,68.643,21.827,123.35,54.77,94.76,98.358
-29.479,33.601,-4.4922,-3.9359,28.94,78.186,21.139,43.257,53.902,78.69,68.643,21.827,123.35,54.77,94.76,98.358
-29.343,33.413,-4.3275,-3.984,29.228,78.139,21.291,43.409,53.798,78.82,69.07,21.498,123.32,54.844,94.975,98.432
-29.343,33.413,-4.3275,-3.984,29.228,78.139,21.291,43.409,53.798,78.82,69.07,21.498,123.32,54.844,94.975,98.432
-29.203,33.222,-4.1614,-4.0331,29.518,78.087,21.444,43.558,53.695,78.948,69.496,21.168,123.27,54.915,95.188,98.502
-29.203,33.222,-4.1614,-4.0331,29.518,78.087,21.444,43.558,53.695,78.948,69.496,21.168,123.27,54.915,95.188,98.502
-29.059,33.029,-3.9939,-4.0831,29.81,78.032,21.598,43.704,53.591,79.074,69.92,20.836,123.23,54.984,95.398,98.569
-29.059,33.029,-3.9939,-4.0831,29.81,78.032,21.598,43.704,53.591,79.074,69.92,20.836,123.23,54.984,95.398,98.569
-28.91,32.834,-3.8251,-4.134,30.103,77.972,21.753,43.848,53.488,79.197,70.343,20.503,123.18,55.05,95.605,98.632
-28.91,32.834,-3.8251,-4.134,30.103,77.972,21.753,43.848,53.488,79.197,70.343,20.503,123.18,55.05,95.605,98.632
-28.758,32.637,-3.6551,-4.1858,30.398,77.908,21.909,43.99,53.385,79.317,70.764,20.169,123.13,55.114,95.81,98.692
-28.758,32.637,-3.6551,-4.1858,30.398,77.908,21.909,43.99,53.385,79.317,70.764,20.169,123.13,55.114,95.81,98.692
-28.602,32.438,-3.4837,-4.2386,30.696,77.84,22.066,44.129,53.282,79.434,71.183,19.833,123.08,55.176,96.012,98.749
-28.602,32.438,-3.4837,-4.2386,30.696,77.84,22.066,44.129,53.282,79.434,71.183,19.833,123.08,55.176,96.012,98.749
-28.441,32.236,-3.3112,-4.2921,30.994,77.767,22.224,44.266,53.179,79.549,71.601,19.496,123.02,55.236,96.211,98.801
-28.441,32.236,-3.3112,-4.2921,30.994,77.767,22.224,44.266,53.179,79.549,71.601,19.496,123.02,55.236,96.211,98.801
-28.277,32.033,-3.1374,-4.3466,31.295,77.691,22.382,44.4,53.077,79.662,72.018,19.158,122.97,55.293,96.408,98.851
-28.277,32.033,-3.1374,-4.3466,31.295,77.691,22.382,44.4,53.077,79.662,72.018,19.158,122.97,55.293,96.408,98.851
-28.109,31.827,-2.9624,-4.4018,31.597,77.61,22.542,44.532,52.974,79.772,72.432,18.819,122.91,55.348,96.601,98.897
-27.936,31.62,-2.7863,-4.4579,31.901,77.526,22.702,44.662,52.872,79.879,72.845,18.478,122.84,55.401,96.792,98.94
-27.936,31.62,-2.7863,-4.4579,31.901,77.526,22.702,44.662,52.872,79.879,72.845,18.478,122.84,55.401,96.792,98.94
-27.936,31.62,-2.7863,-4.4579,31.901,77.526,22.702,44.662,52.872,79.879,72.845,18.478,122.84,55.401,96.792,98.94
-27.76,31.41,-2.609,-4.5148,32.206,77.437,22.863,44.789,52.771,79.984,73.256,18.137,122.78,55.451,96.98,98.979
-27.76,31.41,-2.609,-4.5148,32.206,77.437,22.863,44.789,52.771,79.984,73.256,18.137,122.78,55.451,96.98,98.979
-27.76,31.41,-2.609,-4.5148,32.206,77.437,22.863,44.789,52.771,79.984,73.256,18.137,122.78,55.451,96.98,98.979
-27.58,31.199,-2.4306,-4.5724,32.513,77.344,23.025,44.914,52.669,80.086,73.666,17.794,122.71,55.499,97.166,99.015
-27.58,31.199,-2.4306,-4.5724,32.513,77.344,23.025,44.914,52.669,80.086,73.666,17.794,122.71,55.499,97.166,99.015
-27.209,30.77,-2.0705,-4.6899,33.131,77.146,23.352,45.156,52.467,80.282,74.48,17.106,122.57,55.589,97.528,99.078
-27.209,30.77,-2.0705,-4.6899,33.131,77.146,23.352,45.156,52.467,80.282,74.48,17.106,122.57,55.589,97.528,99.078
-27.209,30.77,-2.0705,-4.6899,33.131,77.146,23.352,45.156,52.467,80.282,74.48,17.106,122.57,55.589,97.528,99.078
-27.018,30.553,-1.8889,-4.7497,33.442,77.042,23.516,45.273,52.366,80.377,74.884,16.76,122.49,55.63,97.705,99.104
-27.018,30.553,-1.8889,-4.7497,33.442,77.042,23.516,45.273,52.366,80.377,74.884,16.76,122.49,55.63,97.705,99.104
-26.823,30.334,-1.7063,-4.8103,33.755,76.933,23.681,45.389,52.266,80.469,75.286,16.414,122.41,55.669,97.878,99.128
-26.823,30.334,-1.7063,-4.8103,33.755,76.933,23.681,45.389,52.266,80.469,75.286,16.414,122.41,55.669,97.878,99.128
-26.624,30.113,-1.5227,-4.8714,34.069,76.821,23.847,45.502,52.166,80.559,75.686,16.066,122.33,55.706,98.049,99.148
-26.624,30.113,-1.5227,-4.8714,34.069,76.821,23.847,45.502,52.166,80.559,75.686,16.066,122.33,55.706,98.049,99.148
-26.421,29.89,-1.3382,-4.9333,34.384,76.705,24.013,45.612,52.066,80.646,76.085,15.718,122.25,55.74,98.218,99.165
-26.215,29.666,-1.1527,-4.9957,34.701,76.585,24.18,45.721,51.966,80.73,76.481,15.369,122.16,55.773,98.383,99.179
-26.215,29.666,-1.1527,-4.9957,34.701,76.585,24.18,45.721,51.966,80.73,76.481,15.369,122.16,55.773,98.383,99.179
-26.215,29.666,-1.1527,-4.9957,34.701,76.585,24.18,45.721,51.966,80.73,76.481,15.369,122.16,55.773,98.383,99.179
-26.215,29.666,-1.1527,-4.9957,34.701,76.585,24.18,45.721,51.966,80.73,76.481,15.369,122.16,55.773,98.383,99.179
-26.005,29.44,-0.96628,-5.0588,35.019,76.461,24.348,45.827,51.867,80.812,76.875,15.019,122.07,55.803,98.545,99.19
-26.005,29.44,-0.96628,-5.0588,35.019,76.461,24.348,45.827,51.867,80.812,76.875,15.019,122.07,55.803,98.545,99.19
-26.005,29.44,-0.96628,-5.0588,35.019,76.461,24.348,45.827,51.867,80.812,76.875,15.019,122.07,55.803,98.545,99.19
-25.574,28.982,-0.59087,-5.1867,35.658,76.202,24.685,46.032,51.669,80.969,77.658,14.317,121.88,55.856,98.861,99.202
-25.574,28.982,-0.59087,-5.1867,35.658,76.202,24.685,46.032,51.669,80.969,77.658,14.317,121.88,55.856,98.861,99.202
-25.353,28.751,-0.40191,-5.2514,35.98,76.067,24.855,46.132,51.57,81.044,78.047,13.965,121.79,55.879,99.014,99.204
-25.353,28.751,-0.40191,-5.2514,35.98,76.067,24.855,46.132,51.57,81.044,78.047,13.965,121.79,55.879,99.014,99.204
-25.129,28.518,-0.21215,-5.3167,36.302,75.929,25.025,46.229,51.472,81.116,78.433,13.612,121.69,55.9,99.165,99.203
-25.129,28.518,-0.21215,-5.3167,36.302,75.929,25.025,46.229,51.472,81.116,78.433,13.612,121.69,55.9,99.165,99.203
-24.901,28.284,-0.021616,-5.3825,36.626,75.787,25.196,46.324,51.374,81.186,78.817,13.259,121.58,55.919,99.312,99.199
-24.901,28.284,-0.021616,-5.3825,36.626,75.787,25.196,46.324,51.374,81.186,78.817,13.259,121.58,55.919,99.312,99.199
-24.67,28.048,0.16966,-5.4488,36.951,75.641,25.367,46.416,51.276,81.253,79.199,12.905,121.48,55.936,99.457,99.192
-24.67,28.048,0.16966,-5.4488,36.951,75.641,25.367,46.416,51.276,81.253,79.199,12.905,121.48,55.936,99.457,99.192
-24.435,27.811,0.36166,-5.5155,37.276,75.492,25.539,46.507,51.179,81.319,79.579,12.55,121.37,55.951,99.598,99.183
-24.435,27.811,0.36166,-5.5155,37.276,75.492,25.539,46.507,51.179,81.319,79.579,12.55,121.37,55.951,99.598,99.183
-24.197,27.572,0.55435,-5.5827,37.603,75.34,25.711,46.595,51.082,81.381,79.956,12.196,121.26,55.963,99.737,99.17
-24.197,27.572,0.55435,-5.5827,37.603,75.34,25.711,46.595,51.082,81.381,79.956,12.196,121.26,55.963,99.737,99.17
-23.956,27.331,0.74771,-5.6503,37.931,75.184,25.884,46.681,50.985,81.441,80.331,11.84,121.15,55.973,99.872,99.155
-23.956,27.331,0.74771,-5.6503,37.931,75.184,25.884,46.681,50.985,81.441,80.331,11.84,121.15,55.973,99.872,99.155
-23.711,27.09,0.9417,-5.7183,38.259,75.024,26.057,46.766,50.889,81.499,80.704,11.484,121.03,55.981,100,99.137
-23.711,27.09,0.9417,-5.7183,38.259,75.024,26.057,46.766,50.889,81.499,80.704,11.484,121.03,55.981,100,99.137
-23.462,26.847,1.1363,-5.7866,38.588,74.861,26.231,46.848,50.793,81.555,81.075,11.128,120.92,55.987,100.13,99.116
-23.462,26.847,1.1363,-5.7866,38.588,74.861,26.231,46.848,50.793,81.555,81.075,11.128,120.92,55.987,100.13,99.116
-23.462,26.847,1.1363,-5.7866,38.588,74.861,26.231,46.848,50.793,81.555,81.075,11.128,120.92,55.987,100.13,99.116
-23.211,26.602,1.3315,-5.8553,38.918,74.695,26.405,46.927,50.697,81.608,81.444,10.772,120.79,55.991,100.26,99.093
-23.211,26.602,1.3315,-5.8553,38.918,74.695,26.405,46.927,50.697,81.608,81.444,10.772,120.79,55.991,100.26,99.093
-22.698,26.109,1.7235,-5.9937,39.581,74.353,26.755,47.081,50.506,81.708,82.173,10.058,120.55,55.991,100.5,99.039
-22.698,26.109,1.7235,-5.9937,39.581,74.353,26.755,47.081,50.506,81.708,82.173,10.058,120.55,55.991,100.5,99.039
-22.437,25.861,1.9202,-6.0634,39.913,74.177,26.93,47.155,50.411,81.754,82.534,9.7005,120.42,55.989,100.62,99.007
-22.437,25.861,1.9202,-6.0634,39.913,74.177,26.93,47.155,50.411,81.754,82.534,9.7005,120.42,55.989,100.62,99.007
-22.437,25.861,1.9202,-6.0634,39.913,74.177,26.93,47.155,50.411,81.754,82.534,9.7005,120.42,55.989,100.62,99.007
