-129.59,-112.03,-98.236,-107.04,59.49,-127.28,-70.509,-81.375,86.854,-18.891,38.848,-41.544,-86.515,-77.443,-44.985,-93.164
-129.59,-112.03,-98.236,-107.04,59.49,-127.28,-70.509,-81.375,86.854,-18.891,38.848,-41.544,-86.515,-77.443,-44.985,-93.164
-129.54,-111.86,-97.995,-106.82,59.406,-127.2,-70.249,-81.316,87.299,-18.467,39.031,-41.523,-86.356,-77.252,-44.613,-92.763
-129.54,-111.86,-97.995,-106.82,59.406,-127.2,-70.249,-81.316,87.299,-18.467,39.031,-41.523,-86.356,-77.252,-44.613,-92.763
-129.54,-111.86,-97.995,-106.82,59.406,-127.2,-70.249,-81.316,87.299,-18.467,39.031,-41.523,-86.356,-77.252,-44.613,-92.763
-129.49,-111.69,-97.753,-106.6,59.322,-127.11,-69.987,-81.253,87.746,-18.039,39.215,-41.498,-86.192,-77.059,-44.239,-92.359
-129.49,-111.69,-97.753,-106.6,59.322,-127.11,-69.987,-81.253,87.746,-18.039,39.215,-41.498,-86.192,-77.059,-44.239,-92.359
-129.38,-111.33,-97.261,-106.15,59.152,-126.91,-69.453,-81.117,88.641,-17.173,39.586,-41.436,-85.852,-76.667,-43.487,-91.542
-129.38,-111.33,-97.261,-106.15,59.152,-126.91,-69.453,-81.117,88.641,-17.173,39.586,-41.436,-85.852,-76.667,-43.487,-91.542
-129.32,-111.14,-97.012,-105.92,59.066,-126.81,-69.182,-81.043,89.09,-16.735,39.773,-41.399,-85.676,-76.468,-43.108,-91.128
-129.32,-111.14,-97.012,-105.92,59.066,-126.81,-69.182,-81.043,89.09,-16.735,39.773,-41.399,-85.676,-76.468,-43.108,-91.128
-129.25,-110.95,-96.76,-105.69,58.981,-126.7,-68.908,-80.966,89.54,-16.293,39.961,-41.359,-85.496,-76.268,-42.727,-90.712
-129.25,-110.95,-96.76,-105.69,58.981,-126.7,-68.908,-80.966,89.54,-16.293,39.961,-41.359,-85.496,-76.268,-42.727,-90.712
-129.25,-110.95,-96.76,-105.69,58.981,-126.7,-68.908,-80.966,89.54,-16.293,39.961,-41.359,-85.496,-76.268,-42.727,-90.712
-129.18,-110.76,-96.507,-105.45,58.895,-126.59,-68.631,-80.885,89.991,-15.848,40.151,-41.314,-85.312,-76.065,-42.345,-90.292
-129.18,-110.76,-96.507,-105.45,58.895,-126.59,-68.631,-80.885,89.991,-15.848,40.151,-41.314,-85.312,-76.065,-42.345,-90.292
-129.18,-110.76,-96.507,-105.45,58.895,-126.59,-68.631,-80.885,89.991,-15.848,40.151,-41.314,-85.312,-76.065,-42.345,-90.292
-129.1,-110.56,-96.251,-105.21,58.809,-126.47,-68.351,-80.801,90.443,-15.399,40.341,-41.266,-85.124,-75.86,-41.961,-89.869
-129.02,-110.35,-95.992,-104.97,58.723,-126.35,-68.068,-80.713,90.895,-14.947,40.533,-41.214,-84.931,-75.653,-41.576,-89.443
-128.94,-110.15,-95.732,-104.73,58.637,-126.22,-67.783,-80.621,91.348,-14.491,40.725,-41.158,-84.735,-75.444,-41.189,-89.014
-128.94,-110.15,-95.732,-104.73,58.637,-126.22,-67.783,-80.621,91.348,-14.491,40.725,-41.158,-84.735,-75.444,-41.189,-89.014
-128.85,-109.93,-95.469,-104.48,58.551,-126.09,-67.494,-80.526,91.802,-14.032,40.919,-41.098,-84.535,-75.233,-40.801,-88.582
-128.85,-109.93,-95.469,-104.48,58.551,-126.09,-67.494,-80.526,91.802,-14.032,40.919,-41.098,-84.535,-75.233,-40.801,-88.582
-128.85,-109.93,-95.469,-104.48,58.551,-126.09,-67.494,-80.526,91.802,-14.032,40.919,-41.098,-84.535,-75.233,-40.801,-88.582
-128.76,-109.72,-95.205,-104.23,58.465,-125.95,-67.203,-80.427,92.256,-13.57,41.113,-41.034,-84.331,-75.02,-40.411,-88.146
-128.76,-109.72,-95.205,-104.23,58.465,-125.95,-67.203,-80.427,92.256,-13.57,41.113,-41.034,-84.331,-75.02,-40.411,-88.146
-128.67,-109.5,-94.938,-103.98,58.378,-125.81,-66.909,-80.325,92.712,-13.104,41.309,-40.967,-84.123,-74.805,-40.019,-87.708
-128.67,-109.5,-94.938,-103.98,58.378,-125.81,-66.909,-80.325,92.712,-13.104,41.309,-40.967,-84.123,-74.805,-40.019,-87.708
-128.57,-109.27,-94.668,-103.72,58.292,-125.67,-66.613,-80.219,93.168,-12.635,41.505,-40.895,-83.911,-74.588,-39.626,-87.267
-128.47,-109.05,-94.397,-103.46,58.205,-125.52,-66.313,-80.109,93.624,-12.162,41.703,-40.82,-83.695,-74.369,-39.231,-86.823
-128.47,-109.05,-94.397,-103.46,58.205,-125.52,-66.313,-80.109,93.624,-12.162,41.703,-40.82,-83.695,-74.369,-39.231,-86.823
-128.47,-109.05,-94.397,-103.46,58.205,-125.52,-66.313,-80.109,93.624,-12.162,41.703,-40.82,-83.695,-74.369,-39.231,-86.823
-128.36,-108.81,-94.124,-103.2,58.119,-125.37,-66.011,-79.996,94.082,-11.686,41.902,-40.741,-83.475,-74.148,-38.835,-86.375
-128.36,-108.81,-94.124,-103.2,58.119,-125.37,-66.011,-79.996,94.082,-11.686,41.902,-40.741,-83.475,-74.148,-38.835,-86.375
-128.26,-108.58,-93.848,-102.94,58.032,-125.21,-65.706,-79.88,94.54,-11.207,42.101,-40.659,-83.252,-73.925,-38.438,-85.925
-128.26,-108.58,-93.848,-102.94,58.032,-125.21,-65.706,-79.88,94.54,-11.207,42.101,-40.659,-83.252,-73.925,-38.438,-85.925
-128.14,-108.34,-93.57,-102.67,57.946,-125.05,-65.398,-79.76,94.998,-10.724,42.302,-40.572,-83.025,-73.7,-38.039,-85.472
-128.14,-108.34,-93.57,-102.67,57.946,-125.05,-65.398,-79.76,94.998,-10.724,42.302,-40.572,-83.025,-73.7,-38.039,-85.472
-128.02,-108.09,-93.291,-102.4,57.859,-124.88,-65.088,-79.636,95.457,-10.238,42.503,-40.482,-82.793,-73.473,-37.639,-85.016
-128.02,-108.09,-93.291,-102.4,57.859,-124.88,-65.088,-79.636,95.457,-10.238,42.503,-40.482,-82.793,-73.473,-37.639,-85.016
-127.9,-107.85,-93.009,-102.13,57.773,-124.71,-64.775,-79.51,95.917,-9.7488,42.706,-40.388,-82.558,-73.244,-37.237,-84.557
-127.9,-107.85,-93.009,-102.13,57.773,-124.71,-64.775,-79.51,95.917,-9.7488,42.706,-40.388,-82.558,-73.244,-37.237,-84.557
-127.78,-107.59,-92.725,-101.85,57.686,-124.54,-64.46,-79.379,96.377,-9.2563,42.909,-40.291,-82.32,-73.013,-36.834,-84.095
-127.78,-107.59,-92.725,-101.85,57.686,-124.54,-64.46,-79.379,96.377,-9.2563,42.909,-40.291,-82.32,-73.013,-36.834,-84.095
-127.65,-107.34,-92.439,-101.57,57.6,-124.36,-64.141,-79.245,96.838,-8.7605,43.114,-40.189,-82.077,-72.78,-36.429,-83.63
-127.65,-107.34,-92.439,-101.57,57.6,-124.36,-64.141,-79.245,96.838,-8.7605,43.114,-40.189,-82.077,-72.78,-36.429,-83.63
-127.65,-107.34,-92.439,-101.57,57.6,-124.36,-64.141,-79.245,96.838,-8.7605,43.114,-40.189,-82.077,-72.78,-36.429,-83.63
-127.65,-107.34,-92.439,-101.57,57.6,-124.36,-64.141,-79.245,96.838,-8.7605,43.114,-40.189,-82.077,-72.78,-36.429,-83.63
-127.38,-106.81,-91.86,-101.01,57.427,-123.99,-63.498,-78.967,97.762,-7.7592,43.525,-39.976,-81.581,-72.308,-35.616,-82.692
-127.24,-106.55,-91.568,-100.72,57.341,-123.8,-63.172,-78.823,98.224,-7.2538,43.732,-39.863,-81.328,-72.069,-35.207,-82.218
-127.24,-106.55,-91.568,-100.72,57.341,-123.8,-63.172,-78.823,98.224,-7.2538,43.732,-39.863,-81.328,-72.069,-35.207,-82.218
-127.1,-106.28,-91.274,-100.43,57.255,-123.6,-62.843,-78.675,98.687,-6.7451,43.94,-39.747,-81.071,-71.828,-34.797,-81.742
-127.1,-106.28,-91.274,-100.43,57.255,-123.6,-62.843,-78.675,98.687,-6.7451,43.94,-39.747,-81.071,-71.828,-34.797,-81.742
-127.1,-106.28,-91.274,-100.43,57.255,-123.6,-62.843,-78.675,98.687,-6.7451,43.94,-39.747,-81.071,-71.828,-34.797,-81.742
-126.95,-106,-90.978,-100.14,57.169,-123.4,-62.513,-78.524,99.15,-6.2333,44.149,-39.628,-80.81,-71.585,-34.386,-81.263
-126.95,-106,-90.978,-100.14,57.169,-123.4,-62.513,-78.524,99.15,-6.2333,44.149,-39.628,-80.81,-71.585,-34.386,-81.263
-126.8,-105.72,-90.68,-99.848,57.083,-123.2,-62.179,-78.37,99.614,-5.7183,44.358,-39.505,-80.546,-71.34,-33.973,-80.781
-126.8,-105.72,-90.68,-99.848,57.083,-123.2,-62.179,-78.37,99.614,-5.7183,44.358,-39.505,-80.546,-71.34,-33.973,-80.781
-126.8,-105.72,-90.68,-99.848,57.083,-123.2,-62.179,-78.37,99.614,-5.7183,44.358,-39.505,-80.546,-71.34,-33.973,-80.781
-126.64,-105.44,-90.379,-99.551,56.997,-122.99,-61.844,-78.212,100.08,-5.2002,44.569,-39.378,-80.278,-71.093,-33.56,-80.297
-126.64,-105.44,-90.379,-99.551,56.997,-122.99,-61.844,-78.212,100.08,-5.2002,44.569,-39.378,-80.278,-71.093,-33.56,-80.297
-126.32,-104.86,-89.773,-98.95,56.826,-122.56,-61.165,-77.887,101.01,-4.1546,44.992,-39.114,-79.732,-70.593,-32.728,-79.32
-126.32,-104.86,-89.773,-98.95,56.826,-122.56,-61.165,-77.887,101.01,-4.1546,44.992,-39.114,-79.732,-70.593,-32.728,-79.32
-126.32,-104.86,-89.773,-98.95,56.826,-122.56,-61.165,-77.887,101.01,-4.1546,44.992,-39.114,-79.732,-70.593,-32.728,-79.32
-126.16,-104.57,-89.467,-98.645,56.741,-122.34,-60.822,-77.719,101.47,-3.6272,45.205,-38.976,-79.454,-70.34,-32.311,-78.827
-126.16,-104.57,-89.467,-98.645,56.741,-122.34,-60.822,-77.719,101.47,-3.6272,45.205,-38.976,-79.454,-70.34,-32.311,-78.827
-125.99,-104.27,-89.159,-98.339,56.656,-122.12,-60.477,-77.548,101.94,-3.0968,45.419,-38.835,-79.172,-70.085,-31.892,-78.332
-125.81,-103.97,-88.849,-98.029,56.572,-121.89,-60.129,-77.374,102.4,-2.5633,45.633,-38.69,-78.887,-69.828,-31.473,-77.835
-125.81,-103.97,-88.849,-98.029,56.572,-121.89,-60.129,-77.374,102.4,-2.5633,45.633,-38.69,-78.887,-69.828,-31.473,-77.835
-125.64,-103.67,-88.537,-97.717,56.487,-121.66,-59.78,-77.196,102.87,-2.0268,45.848,-38.542,-78.598,-69.57,-31.052,-77.334
-125.64,-103.67,-88.537,-97.717,56.487,-121.66,-59.78,-77.196,102.87,-2.0268,45.848,-38.542,-78.598,-69.57,-31.052,-77.334
-125.46,-103.36,-88.224,-97.403,56.403,-121.42,-59.427,-77.015,103.34,-1.4873,46.064,-38.391,-78.306,-69.309,-30.63,-76.831
-125.46,-103.36,-88.224,-97.403,56.403,-121.42,-59.427,-77.015,103.34,-1.4873,46.064,-38.391,-78.306,-69.309,-30.63,-76.831
-125.46,-103.36,-88.224,-97.403,56.403,-121.42,-59.427,-77.015,103.34,-1.4873,46.064,-38.391,-78.306,-69.309,-30.63,-76.831
-125.27,-103.05,-87.908,-97.086,56.319,-121.18,-59.073,-76.831,103.8,-0.94478,46.281,-38.236,-78.011,-69.046,-30.207,-76.326
-125.27,-103.05,-87.908,-97.086,56.319,-121.18,-59.073,-76.831,103.8,-0.94478,46.281,-38.236,-78.011,-69.046,-30.207,-76.326
-125.08,-102.73,-87.591,-96.767,56.235,-120.94,-58.716,-76.644,104.27,-0.39936,46.499,-38.077,-77.712,-68.782,-29.782,-75.818
-125.08,-102.73,-87.591,-96.767,56.235,-120.94,-58.716,-76.644,104.27,-0.39936,46.499,-38.077,-77.712,-68.782,-29.782,-75.818
-124.89,-102.41,-87.271,-96.445,56.151,-120.69,-58.358,-76.453,104.74,0.14899,46.717,-37.916,-77.41,-68.515,-29.357,-75.307
-124.89,-102.41,-87.271,-96.445,56.151,-120.69,-58.358,-76.453,104.74,0.14899,46.717,-37.916,-77.41,-68.515,-29.357,-75.307
-124.7,-102.09,-86.95,-96.121,56.068,-120.44,-57.997,-76.26,105.2,0.70024,46.936,-37.75,-77.105,-68.247,-28.931,-74.794
-124.7,-102.09,-86.95,-96.121,56.068,-120.44,-57.997,-76.26,105.2,0.70024,46.936,-37.75,-77.105,-68.247,-28.931,-74.794
-124.5,-101.76,-86.628,-95.794,55.985,-120.19,-57.634,-76.063,105.67,1.2544,47.155,-37.582,-76.797,-67.976,-28.503,-74.279
-124.5,-101.76,-86.628,-95.794,55.985,-120.19,-57.634,-76.063,105.67,1.2544,47.155,-37.582,-76.797,-67.976,-28.503,-74.279
-124.3,-101.43,-86.303,-95.466,55.902,-119.93,-57.268,-75.863,106.14,1.8114,47.375,-37.41,-76.485,-67.704,-28.075,-73.761
-124.3,-101.43,-86.303,-95.466,55.902,-119.93,-57.268,-75.863,106.14,1.8114,47.375,-37.41,-76.485,-67.704,-28.075,-73.761
-124.3,-101.43,-86.303,-95.466,55.902,-119.93,-57.268,-75.863,106.14,1.8114,47.375,-37.41,-76.485,-67.704,-28.075,-73.761
-123.88,-100.77,-85.648,-94.801,55.738,-119.4,-56.532,-75.454,107.08,2.9338,47.818,-37.056,-75.852,-67.154,-27.215,-72.718
-123.88,-100.77,-85.648,-94.801,55.738,-119.4,-56.532,-75.454,107.08,2.9338,47.818,-37.056,-75.852,-67.154,-27.215,-72.718
-123.88,-100.77,-85.648,-94.801,55.738,-119.4,-56.532,-75.454,107.08,2.9338,47.818,-37.056,-75.852,-67.154,-27.215,-72.718
-123.67,-100.43,-85.318,-94.465,55.656,-119.13,-56.16,-75.245,107.54,3.4992,48.04,-36.874,-75.531,-66.876,-26.784,-72.193
-123.67,-100.43,-85.318,-94.465,55.656,-119.13,-56.16,-75.245,107.54,3.4992,48.04,-36.874,-75.531,-66.876,-26.784,-72.193
-123.45,-100.08,-84.987,-94.127,55.574,-118.86,-55.787,-75.033,108.01,4.0674,48.262,-36.689,-75.207,-66.597,-26.352,-71.665
-123.45,-100.08,-84.987,-94.127,55.574,-118.86,-55.787,-75.033,108.01,4.0674,48.262,-36.689,-75.207,-66.597,-26.352,-71.665
-123.23,-99.738,-84.653,-93.787,55.493,-118.59,-55.412,-74.817,108.48,4.6383,48.486,-36.5,-74.88,-66.315,-25.918,-71.136
-123.23,-99.738,-84.653,-93.787,55.493,-118.59,-55.412,-74.817,108.48,4.6383,48.486,-36.5,-74.88,-66.315,-25.918,-71.136
-123.01,-99.389,-84.318,-93.444,55.412,-118.31,-55.034,-74.599,108.95,5.2119,48.71,-36.308,-74.55,-66.032,-25.484,-70.604
-123.01,-99.389,-84.318,-93.444,55.412,-118.31,-55.034,-74.599,108.95,5.2119,48.71,-36.308,-74.55,-66.032,-25.484,-70.604
-122.78,-99.037,-83.982,-93.1,55.332,-118.02,-54.655,-74.378,109.42,5.7881,48.934,-36.113,-74.216,-65.747,-25.049,-70.069
-122.55,-98.682,-83.643,-92.753,55.252,-117.74,-54.274,-74.154,109.88,6.3671,49.159,-35.915,-73.88,-65.46,-24.614,-69.533
-122.55,-98.682,-83.643,-92.753,55.252,-117.74,-54.274,-74.154,109.88,6.3671,49.159,-35.915,-73.88,-65.46,-24.614,-69.533
-122.32,-98.323,-83.303,-92.404,55.172,-117.45,-53.891,-73.926,110.35,6.9486,49.385,-35.714,-73.541,-65.171,-24.177,-68.995
-122.32,-98.323,-83.303,-92.404,55.172,-117.45,-53.891,-73.926,110.35,6.9486,49.385,-35.714,-73.541,-65.171,-24.177,-68.995
-122.32,-98.323,-83.303,-92.404,55.172,-117.45,-53.891,-73.926,110.35,6.9486,49.385,-35.714,-73.541,-65.171,-24.177,-68.995
-122.08,-97.962,-82.962,-92.053,55.093,-117.15,-53.506,-73.696,110.82,7.5328,49.611,-35.51,-73.199,-64.88,-23.739,-68.454
-122.08,-97.962,-82.962,-92.053,55.093,-117.15,-53.506,-73.696,110.82,7.5328,49.611,-35.51,-73.199,-64.88,-23.739,-68.454
-122.08,-97.962,-82.962,-92.053,55.093,-117.15,-53.506,-73.696,110.82,7.5328,49.611,-35.51,-73.199,-64.88,-23.739,-68.454
-121.84,-97.597,-82.619,-91.699,55.014,-116.86,-53.119,-73.463,111.29,8.1195,49.837,-35.302,-72.854,-64.588,-23.301,-67.911
-121.84,-97.597,-82.619,-91.699,55.014,-116.86,-53.119,-73.463,111.29,8.1195,49.837,-35.302,-72.854,-64.588,-23.301,-67.911
-121.6,-97.229,-82.274,-91.344,54.935,-116.56,-52.73,-73.228,111.76,8.7088,50.064,-35.091,-72.506,-64.294,-22.862,-67.366
-121.35,-96.859,-81.928,-90.987,54.856,-116.26,-52.34,-72.989,112.22,9.3006,50.292,-34.878,-72.156,-63.998,-22.422,-66.819
-121.1,-96.485,-81.58,-90.627,54.779,-115.95,-51.948,-72.747,112.69,9.8948,50.52,-34.661,-71.802,-63.7,-21.982,-66.27
-121.1,-96.485,-81.58,-90.627,54.779,-115.95,-51.948,-72.747,112.69,9.8948,50.52,-34.661,-71.802,-63.7,-21.982,-66.27
-121.1,-96.485,-81.58,-90.627,54.779,-115.95,-51.948,-72.747,112.69,9.8948,50.52,-34.661,-71.802,-63.7,-21.982,-66.27
-120.85,-96.108,-81.23,-90.266,54.701,-115.64,-51.555,-72.503,113.16,10.492,50.748,-34.441,-71.446,-63.401,-21.541,-65.719
-120.85,-96.108,-81.23,-90.266,54.701,-115.64,-51.555,-72.503,113.16,10.492,50.748,-34.441,-71.446,-63.401,-21.541,-65.719
-120.85,-96.108,-81.23,-90.266,54.701,-115.64,-51.555,-72.503,113.16,10.492,50.748,-34.441,-71.446,-63.401,-21.541,-65.719
-120.59,-95.729,-80.879,-89.902,54.624,-115.33,-51.159,-72.256,113.63,11.091,50.977,-34.218,-71.087,-63.1,-21.099,-65.166
-120.59,-95.729,-80.879,-89.902,54.624,-115.33,-51.159,-72.256,113.63,11.091,50.977,-34.218,-71.087,-63.1,-21.099,-65.166
-120.07,-94.961,-80.173,-89.17,54.471,-114.69,-50.364,-71.753,114.56,12.296,51.436,-33.764,-70.361,-62.493,-20.213,-64.054
-120.07,-94.961,-80.173,-89.17,54.471,-114.69,-50.364,-71.753,114.56,12.296,51.436,-33.764,-70.361,-62.493,-20.213,-64.054
-120.07,-94.961,-80.173,-89.17,54.471,-114.69,-50.364,-71.753,114.56,12.296,51.436,-33.764,-70.361,-62.493,-20.213,-64.054
-120.07,-94.961,-80.173,-89.17,54.471,-114.69,-50.364,-71.753,114.56,12.296,51.436,-33.764,-70.361,-62.493,-20.213,-64.054
-119.81,-94.573,-79.818,-88.8,54.395,-114.37,-49.963,-71.498,115.03,12.902,51.666,-33.532,-69.994,-62.186,-19.769,-63.495
-119.81,-94.573,-79.818,-88.8,54.395,-114.37,-49.963,-71.498,115.03,12.902,51.666,-33.532,-69.994,-62.186,-19.769,-63.495
-119.81,-94.573,-79.818,-88.8,54.395,-114.37,-49.963,-71.498,115.03,12.902,51.666,-33.532,-69.994,-62.186,-19.769,-63.495
-119.27,-93.789,-79.103,-88.056,54.244,-113.72,-49.158,-70.98,115.96,14.122,52.127,-33.06,-69.253,-61.569,-18.879,-62.372
-119.27,-93.789,-79.103,-88.056,54.244,-113.72,-49.158,-70.98,115.96,14.122,52.127,-33.06,-69.253,-61.569,-18.879,-62.372
-118.99,-93.393,-78.743,-87.681,54.169,-113.39,-48.754,-70.716,116.42,14.735,52.358,-32.82,-68.878,-61.258,-18.434,-61.808
-118.99,-93.393,-78.743,-87.681,54.169,-113.39,-48.754,-70.716,116.42,14.735,52.358,-32.82,-68.878,-61.258,-18.434,-61.808
-118.71,-92.994,-78.382,-87.304,54.095,-113.06,-48.348,-70.45,116.89,15.35,52.59,-32.577,-68.501,-60.946,-17.987,-61.242
-118.71,-92.994,-78.382,-87.304,54.095,-113.06,-48.348,-70.45,116.89,15.35,52.59,-32.577,-68.501,-60.946,-17.987,-61.242
-118.43,-92.592,-78.02,-86.926,54.021,-112.72,-47.94,-70.182,117.35,15.968,52.822,-32.331,-68.122,-60.632,-17.541,-60.674
-118.43,-92.592,-78.02,-86.926,54.021,-112.72,-47.94,-70.182,117.35,15.968,52.822,-32.331,-68.122,-60.632,-17.541,-60.674
-118.15,-92.188,-77.656,-86.546,53.947,-112.38,-47.531,-69.911,117.82,16.587,53.054,-32.083,-67.74,-60.316,-17.093,-60.105
-118.15,-92.188,-77.656,-86.546,53.947,-112.38,-47.531,-69.911,117.82,16.587,53.054,-32.083,-67.74,-60.316,-17.093,-60.105
-117.86,-91.782,-77.291,-86.164,53.874,-112.04,-47.121,-69.638,118.28,17.209,53.286,-31.831,-67.355,-59.998,-16.646,-59.534
-117.86,-91.782,-77.291,-86.164,53.874,-112.04,-47.121,-69.638,118.28,17.209,53.286,-31.831,-67.355,-59.998,-16.646,-59.534
-117.86,-91.782,-77.291,-86.164,53.874,-112.04,-47.121,-69.638,118.28,17.209,53.286,-31.831,-67.355,-59.998,-16.646,-59.534
-117.57,-91.373,-76.925,-85.78,53.801,-111.7,-46.709,-69.362,118.75,17.833,53.518,-31.577,-66.969,-59.68,-16.197,-58.961
-117.57,-91.373,-76.925,-85.78,53.801,-111.7,-46.709,-69.362,118.75,17.833,53.518,-31.577,-66.969,-59.68,-16.197,-58.961
-117.57,-91.373,-76.925,-85.78,53.801,-111.7,-46.709,-69.362,118.75,17.833,53.518,-31.577,-66.969,-59.68,-16.197,-58.961
-116.98,-90.547,-76.189,-85.008,53.657,-111,-45.882,-68.803,119.67,19.087,53.984,-31.061,-66.188,-59.037,-15.3,-57.811
-116.98,-90.547,-76.189,-85.008,53.657,-111,-45.882,-68.803,119.67,19.087,53.984,-31.061,-66.188,-59.037,-15.3,-57.811
-116.68,-90.131,-75.819,-84.619,53.585,-110.65,-45.466,-68.519,120.13,19.716,54.217,-30.799,-65.795,-58.714,-14.85,-57.234
-116.68,-90.131,-75.819,-84.619,53.585,-110.65,-45.466,-68.519,120.13,19.716,54.217,-30.799,-65.795,-58.714,-14.85,-57.234
-116.38,-89.712,-75.447,-84.229,53.514,-110.29,-45.05,-68.234,120.6,20.348,54.45,-30.535,-65.399,-58.389,-14.4,-56.655
-116.38,-89.712,-75.447,-84.229,53.514,-110.29,-45.05,-68.234,120.6,20.348,54.45,-30.535,-65.399,-58.389,-14.4,-56.655
-116.38,-89.712,-75.447,-84.229,53.514,-110.29,-45.05,-68.234,120.6,20.348,54.45,-30.535,-65.399,-58.389,-14.4,-56.655
-116.08,-89.291,-75.075,-83.837,53.444,-109.94,-44.632,-67.946,121.06,20.982,54.684,-30.268,-65.001,-58.063,-13.95,-56.074
-115.77,-88.867,-74.701,-83.444,53.373,-109.58,-44.213,-67.656,121.52,21.617,54.917,-29.998,-64.601,-57.735,-13.5,-55.493
-115.46,-88.442,-74.326,-83.049,53.303,-109.21,-43.793,-67.363,121.98,22.255,55.151,-29.726,-64.198,-57.406,-13.049,-54.91
-115.46,-88.442,-74.326,-83.049,53.303,-109.21,-43.793,-67.363,121.98,22.255,55.151,-29.726,-64.198,-57.406,-13.049,-54.91
-115.46,-88.442,-74.326,-83.049,53.303,-109.21,-43.793,-67.363,121.98,22.255,55.151,-29.726,-64.198,-57.406,-13.049,-54.91
-115.15,-88.014,-73.951,-82.652,53.234,-108.85,-43.371,-67.069,122.44,22.894,55.385,-29.452,-63.794,-57.076,-12.598,-54.325
-115.15,-88.014,-73.951,-82.652,53.234,-108.85,-43.371,-67.069,122.44,22.894,55.385,-29.452,-63.794,-57.076,-12.598,-54.325
-115.15,-88.014,-73.951,-82.652,53.234,-108.85,-43.371,-67.069,122.44,22.894,55.385,-29.452,-63.794,-57.076,-12.598,-54.325
-114.84,-87.584,-73.574,-82.254,53.165,-108.48,-42.949,-66.772,122.9,23.535,55.619,-29.175,-63.387,-56.744,-12.146,-53.74
-114.84,-87.584,-73.574,-82.254,53.165,-108.48,-42.949,-66.772,122.9,23.535,55.619,-29.175,-63.387,-56.744,-12.146,-53.74
-114.84,-87.584,-73.574,-82.254,53.165,-108.48,-42.949,-66.772,122.9,23.535,55.619,-29.175,-63.387,-56.744,-12.146,-53.74
-114.2,-86.718,-72.816,-81.454,53.028,-107.74,-42.102,-66.171,123.81,24.822,56.087,-28.614,-62.568,-56.077,-11.243,-52.564
-113.88,-86.282,-72.436,-81.052,52.96,-107.37,-41.677,-65.868,124.27,25.468,56.321,-28.33,-62.156,-55.741,-10.791,-51.975
-113.88,-86.282,-72.436,-81.052,52.96,-107.37,-41.677,-65.868,124.27,25.468,56.321,-28.33,-62.156,-55.741,-10.791,-51.975
-113.55,-85.843,-72.055,-80.649,52.893,-106.99,-41.251,-65.562,124.73,26.116,56.555,-28.043,-61.741,-55.404,-10.338,-51.384
-113.55,-85.843,-72.055,-80.649,52.893,-106.99,-41.251,-65.562,124.73,26.116,56.555,-28.043,-61.741,-55.404,-10.338,-51.384
-113.55,-85.843,-72.055,-80.649,52.893,-106.99,-41.251,-65.562,124.73,26.116,56.555,-28.043,-61.741,-55.404,-10.338,-51.384
-113.22,-85.403,-71.673,-80.244,52.825,-106.62,-40.824,-65.255,125.18,26.765,56.789,-27.755,-61.325,-55.066,-9.8858,-50.792
-113.22,-85.403,-71.673,-80.244,52.825,-106.62,-40.824,-65.255,125.18,26.765,56.789,-27.755,-61.325,-55.066,-9.8858,-50.792
-112.89,-84.961,-71.289,-79.838,52.759,-106.24,-40.396,-64.945,125.64,27.416,57.023,-27.464,-60.907,-54.726,-9.4332,-50.2
-112.89,-84.961,-71.289,-79.838,52.759,-106.24,-40.396,-64.945,125.64,27.416,57.023,-27.464,-60.907,-54.726,-9.4332,-50.2
-112.56,-84.517,-70.905,-79.431,52.692,-105.85,-39.967,-64.634,126.09,28.068,57.257,-27.171,-60.487,-54.386,-8.9805,-49.606
-112.22,-84.072,-70.52,-79.022,52.626,-105.47,-39.538,-64.32,126.54,28.722,57.491,-26.876,-60.065,-54.044,-8.5278,-49.011
-112.22,-84.072,-70.52,-79.022,52.626,-105.47,-39.538,-64.32,126.54,28.722,57.491,-26.876,-60.065,-54.044,-8.5278,-49.011
-111.89,-83.624,-70.134,-78.613,52.561,-105.08,-39.108,-64.005,127,29.377,57.725,-26.578,-59.642,-53.701,-8.0749,-48.415
-111.89,-83.624,-70.134,-78.613,52.561,-105.08,-39.108,-64.005,127,29.377,57.725,-26.578,-59.642,-53.701,-8.0749,-48.415
-111.89,-83.624,-70.134,-78.613,52.561,-105.08,-39.108,-64.005,127,29.377,57.725,-26.578,-59.642,-53.701,-8.0749,-48.415
-111.55,-83.175,-69.747,-78.202,52.496,-104.7,-38.677,-63.688,127.45,30.034,57.959,-26.279,-59.216,-53.357,-7.622,-47.818
-111.55,-83.175,-69.747,-78.202,52.496,-104.7,-38.677,-63.688,127.45,30.034,57.959,-26.279,-59.216,-53.357,-7.622,-47.818
-111.55,-83.175,-69.747,-78.202,52.496,-104.7,-38.677,-63.688,127.45,30.034,57.959,-26.279,-59.216,-53.357,-7.622,-47.818
-111.2,-82.724,-69.36,-77.79,52.431,-104.31,-38.246,-63.368,127.9,30.692,58.193,-25.977,-58.79,-53.011,-7.1691,-47.221
-110.86,-82.272,-68.971,-77.377,52.366,-103.92,-37.814,-63.047,128.35,31.351,58.427,-25.674,-58.361,-52.665,-6.7162,-46.622
-110.51,-81.817,-68.582,-76.962,52.302,-103.52,-37.381,-62.725,128.8,32.011,58.66,-25.368,-57.931,-52.318,-6.2633,-46.023
-110.51,-81.817,-68.582,-76.962,52.302,-103.52,-37.381,-62.725,128.8,32.011,58.66,-25.368,-57.931,-52.318,-6.2633,-46.023
-110.16,-81.362,-68.191,-76.547,52.238,-103.13,-36.948,-62.4,129.25,32.673,58.893,-25.061,-57.499,-51.969,-5.8104,-45.422
-110.16,-81.362,-68.191,-76.547,52.238,-103.13,-36.948,-62.4,129.25,32.673,58.893,-25.061,-57.499,-51.969,-5.8104,-45.422
-109.81,-80.905,-67.8,-76.131,52.175,-102.73,-36.514,-62.074,129.69,33.336,59.127,-24.751,-57.066,-51.62,-5.3576,-44.822
-109.81,-80.905,-67.8,-76.131,52.175,-102.73,-36.514,-62.074,129.69,33.336,59.127,-24.751,-57.066,-51.62,-5.3576,-44.822
-109.81,-80.905,-67.8,-76.131,52.175,-102.73,-36.514,-62.074,129.69,33.336,59.127,-24.751,-57.066,-51.62,-5.3576,-44.822
-109.46,-80.446,-67.409,-75.714,52.111,-102.33,-36.08,-61.746,130.14,34,59.359,-24.44,-56.632,-51.27,-4.9049,-44.22
-109.46,-80.446,-67.409,-75.714,52.111,-102.33,-36.08,-61.746,130.14,34,59.359,-24.44,-56.632,-51.27,-4.9049,-44.22
-109.1,-79.986,-67.016,-75.295,52.049,-101.93,-35.645,-61.417,130.59,34.665,59.592,-24.127,-56.195,-50.918,-4.4523,-43.618
-109.1,-79.986,-67.016,-75.295,52.049,-101.93,-35.645,-61.417,130.59,34.665,59.592,-24.127,-56.195,-50.918,-4.4523,-43.618
-108.74,-79.524,-66.623,-74.876,51.986,-101.53,-35.21,-61.086,131.03,35.331,59.825,-23.812,-55.758,-50.566,-3.9998,-43.015
-108.74,-79.524,-66.623,-74.876,51.986,-101.53,-35.21,-61.086,131.03,35.331,59.825,-23.812,-55.758,-50.566,-3.9998,-43.015
-108.39,-79.061,-66.229,-74.456,51.924,-101.13,-34.774,-60.753,131.47,35.998,60.057,-23.495,-55.319,-50.213,-3.5474,-42.411
-108.39,-79.061,-66.229,-74.456,51.924,-101.13,-34.774,-60.753,131.47,35.998,60.057,-23.495,-55.319,-50.213,-3.5474,-42.411
-108.02,-78.597,-65.834,-74.035,51.862,-100.73,-34.338,-60.419,131.91,36.667,60.289,-23.177,-54.879,-49.859,-3.0953,-41.807
-108.02,-78.597,-65.834,-74.035,51.862,-100.73,-34.338,-60.419,131.91,36.667,60.289,-23.177,-54.879,-49.859,-3.0953,-41.807
-107.66,-78.132,-65.439,-73.614,51.8,-100.32,-33.902,-60.083,132.36,37.336,60.52,-22.856,-54.437,-49.504,-2.6433,-41.203
-107.29,-77.665,-65.044,-73.191,51.739,-99.913,-33.466,-59.746,132.8,38.006,60.752,-22.534,-53.994,-49.149,-2.1916,-40.598
-107.29,-77.665,-65.044,-73.191,51.739,-99.913,-33.466,-59.746,132.8,38.006,60.752,-22.534,-53.994,-49.149,-2.1916,-40.598
-106.93,-77.197,-64.647,-72.768,51.678,-99.505,-33.029,-59.407,133.23,38.677,60.983,-22.211,-53.55,-48.792,-1.7401,-39.992
-106.93,-77.197,-64.647,-72.768,51.678,-99.505,-33.029,-59.407,133.23,38.677,60.983,-22.211,-53.55,-48.792,-1.7401,-39.992
-106.56,-76.729,-64.25,-72.344,51.617,-99.096,-32.592,-59.067,133.67,39.348,61.213,-21.886,-53.105,-48.435,-1.2889,-39.387
-106.56,-76.729,-64.25,-72.344,51.617,-99.096,-32.592,-59.067,133.67,39.348,61.213,-21.886,-53.105,-48.435,-1.2889,-39.387
-106.56,-76.729,-64.25,-72.344,51.617,-99.096,-32.592,-59.067,133.67,39.348,61.213,-21.886,-53.105,-48.435,-1.2889,-39.387
-106.19,-76.259,-63.853,-71.919,51.556,-98.686,-32.154,-58.726,134.11,40.021,61.444,-21.559,-52.658,-48.077,-0.83794,-38.781
-106.19,-76.259,-63.853,-71.919,51.556,-98.686,-32.154,-58.726,134.11,40.021,61.444,-21.559,-52.658,-48.077,-0.83794,-38.781
-106.19,-76.259,-63.853,-71.919,51.556,-98.686,-32.154,-58.726,134.11,40.021,61.444,-21.559,-52.658,-48.077,-0.83794,-38.781
-105.81,-75.788,-63.455,-71.494,51.496,-98.274,-31.717,-58.383,134.54,40.694,61.674,-21.231,-52.211,-47.718,-0.38731,-38.174
-105.81,-75.788,-63.455,-71.494,51.496,-98.274,-31.717,-58.383,134.54,40.694,61.674,-21.231,-52.211,-47.718,-0.38731,-38.174
-105.44,-75.316,-63.056,-71.068,51.436,-97.861,-31.279,-58.039,134.98,41.368,61.903,-20.901,-51.762,-47.359,0.062989,-37.567
-105.44,-75.316,-63.056,-71.068,51.436,-97.861,-31.279,-58.039,134.98,41.368,61.903,-20.901,-51.762,-47.359,0.062989,-37.567
-104.68,-74.369,-62.258,-70.214,51.316,-97.033,-30.404,-57.348,135.84,42.717,62.361,-20.237,-50.861,-46.639,0.9625,-36.353
-104.68,-74.369,-62.258,-70.214,51.316,-97.033,-30.404,-57.348,135.84,42.717,62.361,-20.237,-50.861,-46.639,0.9625,-36.353
-104.68,-74.369,-62.258,-70.214,51.316,-97.033,-30.404,-57.348,135.84,42.717,62.361,-20.237,-50.861,-46.639,0.9625,-36.353
-104.3,-73.895,-61.858,-69.786,51.257,-96.617,-29.967,-57,136.27,43.393,62.589,-19.903,-50.409,-46.278,1.4117,-35.746
-104.3,-73.895,-61.858,-69.786,51.257,-96.617,-29.967,-57,136.27,43.393,62.589,-19.903,-50.409,-46.278,1.4117,-35.746
-103.92,-73.42,-61.458,-69.358,51.197,-96.201,-29.529,-56.651,136.7,44.069,62.817,-19.568,-49.957,-45.916,1.8604,-35.139
-103.54,-72.943,-61.057,-68.929,51.138,-95.784,-29.091,-56.302,137.13,44.745,63.044,-19.231,-49.503,-45.554,2.3087,-34.532
-103.54,-72.943,-61.057,-68.929,51.138,-95.784,-29.091,-56.302,137.13,44.745,63.044,-19.231,-49.503,-45.554,2.3087,-34.532
-103.15,-72.467,-60.656,-68.5,51.079,-95.366,-28.654,-55.951,137.56,45.422,63.27,-18.893,-49.049,-45.191,2.7565,-33.924
-103.15,-72.467,-60.656,-68.5,51.079,-95.366,-28.654,-55.951,137.56,45.422,63.27,-18.893,-49.049,-45.191,2.7565,-33.924
-103.15,-72.467,-60.656,-68.5,51.079,-95.366,-28.654,-55.951,137.56,45.422,63.27,-18.893,-49.049,-45.191,2.7565,-33.924
-102.77,-71.989,-60.255,-68.07,51.02,-94.947,-28.216,-55.599,137.98,46.1,63.496,-18.554,-48.593,-44.828,3.2039,-33.317
-102.77,-71.989,-60.255,-68.07,51.02,-94.947,-28.216,-55.599,137.98,46.1,63.496,-18.554,-48.593,-44.828,3.2039,-33.317
-102.38,-71.511,-59.853,-67.64,50.962,-94.527,-27.779,-55.246,138.41,46.777,63.722,-18.214,-48.137,-44.464,3.6507,-32.709
-102.38,-71.511,-59.853,-67.64,50.962,-94.527,-27.779,-55.246,138.41,46.777,63.722,-18.214,-48.137,-44.464,3.6507,-32.709
-101.99,-71.033,-59.451,-67.21,50.903,-94.107,-27.342,-54.893,138.83,47.455,63.947,-17.873,-47.68,-44.1,4.097,-32.102
-101.99,-71.033,-59.451,-67.21,50.903,-94.107,-27.342,-54.893,138.83,47.455,63.947,-17.873,-47.68,-44.1,4.097,-32.102
-101.6,-70.554,-59.049,-66.779,50.845,-93.686,-26.905,-54.538,139.25,48.133,64.171,-17.53,-47.222,-43.736,4.5427,-31.495
-101.6,-70.554,-59.049,-66.779,50.845,-93.686,-26.905,-54.538,139.25,48.133,64.171,-17.53,-47.222,-43.736,4.5427,-31.495
-101.21,-70.074,-58.647,-66.348,50.787,-93.265,-26.469,-54.183,139.67,48.812,64.395,-17.186,-46.764,-43.371,4.9879,-30.889
-100.82,-69.595,-58.244,-65.917,50.729,-92.843,-26.032,-53.826,140.09,49.49,64.618,-16.842,-46.305,-43.006,5.4324,-30.282
-100.82,-69.595,-58.244,-65.917,50.729,-92.843,-26.032,-53.826,140.09,49.49,64.618,-16.842,-46.305,-43.006,5.4324,-30.282
-100.82,-69.595,-58.244,-65.917,50.729,-92.843,-26.032,-53.826,140.09,49.49,64.618,-16.842,-46.305,-43.006,5.4324,-30.282
-100.42,-69.114,-57.841,-65.486,50.67,-92.421,-25.596,-53.469,140.5,50.169,64.841,-16.496,-45.845,-42.641,5.8764,-29.676
-100.42,-69.114,-57.841,-65.486,50.67,-92.421,-25.596,-53.469,140.5,50.169,64.841,-16.496,-45.845,-42.641,5.8764,-29.676
-100.03,-68.634,-57.438,-65.054,50.612,-91.998,-25.161,-53.112,140.92,50.847,65.062,-16.15,-45.385,-42.275,6.3197,-29.07
-100.03,-68.634,-57.438,-65.054,50.612,-91.998,-25.161,-53.112,140.92,50.847,65.062,-16.15,-45.385,-42.275,6.3197,-29.07
-99.629,-68.153,-57.035,-64.623,50.555,-91.575,-24.726,-52.753,141.33,51.526,65.284,-15.802,-44.924,-41.909,6.7623,-28.464
-99.231,-67.672,-56.632,-64.191,50.497,-91.152,-24.291,-52.394,141.75,52.204,65.504,-15.454,-44.463,-41.543,7.2042,-27.859
-99.231,-67.672,-56.632,-64.191,50.497,-91.152,-24.291,-52.394,141.75,52.204,65.504,-15.454,-44.463,-41.543,7.2042,-27.859
-98.832,-67.191,-56.229,-63.759,50.439,-90.729,-23.856,-52.034,142.16,52.883,65.724,-15.105,-44.001,-41.177,7.6454,-27.254
-98.832,-67.191,-56.229,-63.759,50.439,-90.729,-23.856,-52.034,142.16,52.883,65.724,-15.105,-44.001,-41.177,7.6454,-27.254
-98.832,-67.191,-56.229,-63.759,50.439,-90.729,-23.856,-52.034,142.16,52.883,65.724,-15.105,-44.001,-41.177,7.6454,-27.254
-98.431,-66.71,-55.825,-63.327,50.381,-90.305,-23.423,-51.674,142.56,53.561,65.942,-14.755,-43.539,-40.811,8.0859,-26.65
-98.431,-66.71,-55.825,-63.327,50.381,-90.305,-23.423,-51.674,142.56,53.561,65.942,-14.755,-43.539,-40.811,8.0859,-26.65
-98.03,-66.228,-55.422,-62.895,50.323,-89.881,-22.989,-51.313,142.97,54.239,66.161,-14.404,-43.077,-40.445,8.5257,-26.046
-98.03,-66.228,-55.422,-62.895,50.323,-89.881,-22.989,-51.313,142.97,54.239,66.161,-14.404,-43.077,-40.445,8.5257,-26.046
-97.628,-65.747,-55.018,-62.463,50.265,-89.458,-22.557,-50.952,143.38,54.917,66.378,-14.053,-42.614,-40.078,8.9646,-25.443
-97.628,-65.747,-55.018,-62.463,50.265,-89.458,-22.557,-50.952,143.38,54.917,66.378,-14.053,-42.614,-40.078,8.9646,-25.443
-97.224,-65.266,-54.615,-62.032,50.207,-89.034,-22.124,-50.59,143.78,55.595,66.595,-13.701,-42.15,-39.712,9.4028,-24.841
-96.82,-64.784,-54.211,-61.6,50.15,-88.61,-21.693,-50.228,144.18,56.272,66.81,-13.348,-41.687,-39.346,9.8401,-24.239
-96.82,-64.784,-54.211,-61.6,50.15,-88.61,-21.693,-50.228,144.18,56.272,66.81,-13.348,-41.687,-39.346,9.8401,-24.239
-96.82,-64.784,-54.211,-61.6,50.15,-88.61,-21.693,-50.228,144.18,56.272,66.81,-13.348,-41.687,-39.346,9.8401,-24.239
-96.415,-64.303,-53.808,-61.168,50.092,-88.186,-21.262,-49.866,144.59,56.949,67.025,-12.995,-41.223,-38.979,10.277,-23.638
-96.415,-64.303,-53.808,-61.168,50.092,-88.186,-21.262,-49.866,144.59,56.949,67.025,-12.995,-41.223,-38.979,10.277,-23.638
-96.415,-64.303,-53.808,-61.168,50.092,-88.186,-21.262,-49.866,144.59,56.949,67.025,-12.995,-41.223,-38.979,10.277,-23.638
-96.009,-63.822,-53.405,-60.737,50.034,-87.762,-20.832,-49.503,144.98,57.625,67.239,-12.641,-40.759,-38.613,10.712,-23.037
-96.009,-63.822,-53.405,-60.737,50.034,-87.762,-20.832,-49.503,144.98,57.625,67.239,-12.641,-40.759,-38.613,10.712,-23.037
-95.194,-62.861,-52.598,-59.874,49.917,-86.916,-19.974,-48.777,145.78,58.976,67.665,-11.932,-39.83,-37.881,11.581,-21.839
-95.194,-62.861,-52.598,-59.874,49.917,-86.916,-19.974,-48.777,145.78,58.976,67.665,-11.932,-39.83,-37.881,11.581,-21.839
-94.786,-62.381,-52.196,-59.444,49.859,-86.493,-19.546,-48.413,146.17,59.651,67.876,-11.577,-39.365,-37.515,12.014,-21.241
-94.786,-62.381,-52.196,-59.444,49.859,-86.493,-19.546,-48.413,146.17,59.651,67.876,-11.577,-39.365,-37.515,12.014,-21.241
-94.786,-62.381,-52.196,-59.444,49.859,-86.493,-19.546,-48.413,146.17,59.651,67.876,-11.577,-39.365,-37.515,12.014,-21.241
-94.377,-61.901,-51.793,-59.013,49.801,-86.07,-19.119,-48.049,146.56,60.325,68.086,-11.221,-38.901,-37.149,12.446,-20.644
-94.377,-61.901,-51.793,-59.013,49.801,-86.07,-19.119,-48.049,146.56,60.325,68.086,-11.221,-38.901,-37.149,12.446,-20.644
-94.377,-61.901,-51.793,-59.013,49.801,-86.07,-19.119,-48.049,146.56,60.325,68.086,-11.221,-38.901,-37.149,12.446,-20.644
-93.967,-61.422,-51.39,-58.583,49.742,-85.648,-18.693,-47.685,146.95,60.999,68.296,-10.865,-38.436,-36.784,12.877,-20.048
-93.557,-60.943,-50.988,-58.153,49.683,-85.226,-18.268,-47.321,147.34,61.672,68.504,-10.509,-37.971,-36.419,13.307,-19.453
-93.146,-60.465,-50.586,-57.724,49.625,-84.805,-17.843,-46.957,147.73,62.344,68.712,-10.152,-37.507,-36.054,13.736,-18.859
-93.146,-60.465,-50.586,-57.724,49.625,-84.805,-17.843,-46.957,147.73,62.344,68.712,-10.152,-37.507,-36.054,13.736,-18.859
-93.146,-60.465,-50.586,-57.724,49.625,-84.805,-17.843,-46.957,147.73,62.344,68.712,-10.152,-37.507,-36.054,13.736,-18.859
-92.734,-59.987,-50.184,-57.295,49.566,-84.384,-17.42,-46.594,148.11,63.015,68.918,-9.7957,-37.042,-35.69,14.164,-18.266
-92.734,-59.987,-50.184,-57.295,49.566,-84.384,-17.42,-46.594,148.11,63.015,68.918,-9.7957,-37.042,-35.69,14.164,-18.266
-92.322,-59.51,-49.782,-56.866,49.506,-83.964,-16.997,-46.23,148.5,63.685,69.124,-9.4388,-36.577,-35.326,14.591,-17.675
-92.322,-59.51,-49.782,-56.866,49.506,-83.964,-16.997,-46.23,148.5,63.685,69.124,-9.4388,-36.577,-35.326,14.591,-17.675
-91.91,-59.033,-49.381,-56.438,49.447,-83.544,-16.576,-45.866,148.88,64.355,69.328,-9.0818,-36.113,-34.962,15.016,-17.084
-91.91,-59.033,-49.381,-56.438,49.447,-83.544,-16.576,-45.866,148.88,64.355,69.328,-9.0818,-36.113,-34.962,15.016,-17.084
-91.497,-58.557,-48.98,-56.011,49.387,-83.125,-16.156,-45.502,149.26,65.023,69.531,-8.7247,-35.649,-34.599,15.441,-16.495
-91.497,-58.557,-48.98,-56.011,49.387,-83.125,-16.156,-45.502,149.26,65.023,69.531,-8.7247,-35.649,-34.599,15.441,-16.495
-91.083,-58.082,-48.579,-55.584,49.327,-82.707,-15.736,-45.138,149.63,65.691,69.734,-8.3676,-35.185,-34.236,15.865,-15.907
-91.083,-58.082,-48.579,-55.584,49.327,-82.707,-15.736,-45.138,149.63,65.691,69.734,-8.3676,-35.185,-34.236,15.865,-15.907
-90.67,-57.608,-48.179,-55.158,49.267,-82.29,-15.318,-44.775,150.01,66.357,69.935,-8.0104,-34.721,-33.874,16.287,-15.32
-90.67,-57.608,-48.179,-55.158,49.267,-82.29,-15.318,-44.775,150.01,66.357,69.935,-8.0104,-34.721,-33.874,16.287,-15.32
-90.67,-57.608,-48.179,-55.158,49.267,-82.29,-15.318,-44.775,150.01,66.357,69.935,-8.0104,-34.721,-33.874,16.287,-15.32
-90.255,-57.134,-47.779,-54.732,49.207,-81.873,-14.901,-44.412,150.38,67.022,70.135,-7.6533,-34.257,-33.512,16.709,-14.735
-90.255,-57.134,-47.779,-54.732,49.207,-81.873,-14.901,-44.412,150.38,67.022,70.135,-7.6533,-34.257,-33.512,16.709,-14.735
-89.841,-56.662,-47.38,-54.307,49.146,-81.457,-14.486,-44.049,150.75,67.687,70.334,-7.2962,-33.794,-33.151,17.129,-14.15
-89.841,-56.662,-47.38,-54.307,49.146,-81.457,-14.486,-44.049,150.75,67.687,70.334,-7.2962,-33.794,-33.151,17.129,-14.15
-89.426,-56.19,-46.981,-53.883,49.085,-81.043,-14.071,-43.687,151.12,68.35,70.532,-6.9393,-33.331,-32.791,17.548,-13.568
-89.426,-56.19,-46.981,-53.883,49.085,-81.043,-14.071,-43.687,151.12,68.35,70.532,-6.9393,-33.331,-32.791,17.548,-13.568
-89.426,-56.19,-46.981,-53.883,49.085,-81.043,-14.071,-43.687,151.12,68.35,70.532,-6.9393,-33.331,-32.791,17.548,-13.568
-88.597,-55.25,-46.184,-53.036,48.962,-80.216,-13.246,-42.963,151.85,69.672,70.924,-6.2258,-32.406,-32.072,18.382,-12.407
-88.597,-55.25,-46.184,-53.036,48.962,-80.216,-13.246,-42.963,151.85,69.672,70.924,-6.2258,-32.406,-32.072,18.382,-12.407
-88.181,-54.782,-45.787,-52.614,48.9,-79.805,-12.835,-42.602,152.22,70.331,71.118,-5.8695,-31.944,-31.714,18.797,-11.829
-88.181,-54.782,-45.787,-52.614,48.9,-79.805,-12.835,-42.602,152.22,70.331,71.118,-5.8695,-31.944,-31.714,18.797,-11.829
-88.181,-54.782,-45.787,-52.614,48.9,-79.805,-12.835,-42.602,152.22,70.331,71.118,-5.8695,-31.944,-31.714,18.797,-11.829
-87.766,-54.314,-45.39,-52.193,48.837,-79.394,-12.425,-42.241,152.58,70.989,71.311,-5.5134,-31.482,-31.356,19.211,-11.252
-87.351,-53.848,-44.994,-51.772,48.774,-78.985,-12.017,-41.881,152.94,71.645,71.503,-5.1576,-31.022,-30.999,19.624,-10.677
-87.351,-53.848,-44.994,-51.772,48.774,-78.985,-12.017,-41.881,152.94,71.645,71.503,-5.1576,-31.022,-30.999,19.624,-10.677
-86.935,-53.383,-44.598,-51.353,48.711,-78.577,-11.611,-41.521,153.29,72.299,71.693,-4.8022,-30.561,-30.643,20.035,-10.104
-86.52,-52.919,-44.202,-50.934,48.647,-78.17,-11.205,-41.162,153.65,72.953,71.882,-4.4472,-30.101,-30.288,20.445,-9.5325
-86.52,-52.919,-44.202,-50.934,48.647,-78.17,-11.205,-41.162,153.65,72.953,71.882,-4.4472,-30.101,-30.288,20.445,-9.5325
-86.52,-52.919,-44.202,-50.934,48.647,-78.17,-11.205,-41.162,153.65,72.953,71.882,-4.4472,-30.101,-30.288,20.445,-9.5325
-86.52,-52.919,-44.202,-50.934,48.647,-78.17,-11.205,-41.162,153.65,72.953,71.882,-4.4472,-30.101,-30.288,20.445,-9.5325
-86.105,-52.457,-43.808,-50.517,48.583,-77.765,-10.802,-40.804,154,73.604,72.07,-4.0926,-29.642,-29.934,20.854,-8.9627
-86.105,-52.457,-43.808,-50.517,48.583,-77.765,-10.802,-40.804,154,73.604,72.07,-4.0926,-29.642,-29.934,20.854,-8.9627
-85.689,-51.996,-43.414,-50.1,48.519,-77.361,-10.399,-40.446,154.35,74.254,72.257,-3.7385,-29.183,-29.58,21.261,-8.3947
-85.274,-51.537,-43.021,-49.684,48.454,-76.958,-9.9984,-40.089,154.7,74.902,72.442,-3.3849,-28.725,-29.228,21.667,-7.8285
-84.859,-51.078,-42.628,-49.27,48.388,-76.557,-9.5991,-39.733,155.04,75.549,72.626,-3.0319,-28.268,-28.877,22.072,-7.2642
-84.859,-51.078,-42.628,-49.27,48.388,-76.557,-9.5991,-39.733,155.04,75.549,72.626,-3.0319,-28.268,-28.877,22.072,-7.2642
-84.444,-50.622,-42.236,-48.856,48.322,-76.157,-9.2014,-39.377,155.39,76.194,72.809,-2.6794,-27.811,-28.526,22.475,-6.7018
-84.444,-50.622,-42.236,-48.856,48.322,-76.157,-9.2014,-39.377,155.39,76.194,72.809,-2.6794,-27.811,-28.526,22.475,-6.7018
-84.444,-50.622,-42.236,-48.856,48.322,-76.157,-9.2014,-39.377,155.39,76.194,72.809,-2.6794,-27.811,-28.526,22.475,-6.7018
-84.03,-50.167,-41.845,-48.444,48.255,-75.759,-8.8052,-39.023,155.73,76.837,72.99,-2.3276,-27.355,-28.177,22.876,-6.1413
-84.03,-50.167,-41.845,-48.444,48.255,-75.759,-8.8052,-39.023,155.73,76.837,72.99,-2.3276,-27.355,-28.177,22.876,-6.1413
-84.03,-50.167,-41.845,-48.444,48.255,-75.759,-8.8052,-39.023,155.73,76.837,72.99,-2.3276,-27.355,-28.177,22.876,-6.1413
-83.615,-49.713,-41.454,-48.033,48.188,-75.363,-8.4107,-38.669,156.07,77.478,73.17,-1.9765,-26.9,-27.829,23.276,-5.5829
-83.201,-49.261,-41.065,-47.622,48.121,-74.968,-8.0179,-38.316,156.4,78.117,73.349,-1.6262,-26.446,-27.481,23.675,-5.0264
-82.788,-48.811,-40.676,-47.214,48.052,-74.575,-7.6267,-37.965,156.74,78.754,73.526,-1.2765,-25.992,-27.135,24.072,-4.472
-82.788,-48.811,-40.676,-47.214,48.052,-74.575,-7.6267,-37.965,156.74,78.754,73.526,-1.2765,-25.992,-27.135,24.072,-4.472
-82.788,-48.811,-40.676,-47.214,48.052,-74.575,-7.6267,-37.965,156.74,78.754,73.526,-1.2765,-25.992,-27.135,24.072,-4.472
-82.374,-48.363,-40.288,-46.806,47.983,-74.184,-7.2372,-37.614,157.07,79.389,73.701,-0.92773,-25.54,-26.791,24.468,-3.9198
-82.374,-48.363,-40.288,-46.806,47.983,-74.184,-7.2372,-37.614,157.07,79.389,73.701,-0.92773,-25.54,-26.791,24.468,-3.9198
-81.961,-47.916,-39.9,-46.4,47.914,-73.795,-6.8495,-37.264,157.4,80.022,73.875,-0.57975,-25.088,-26.447,24.862,-3.3696
-81.961,-47.916,-39.9,-46.4,47.914,-73.795,-6.8495,-37.264,157.4,80.022,73.875,-0.57975,-25.088,-26.447,24.862,-3.3696
-81.961,-47.916,-39.9,-46.4,47.914,-73.795,-6.8495,-37.264,157.4,80.022,73.875,-0.57975,-25.088,-26.447,24.862,-3.3696
-81.549,-47.471,-39.514,-45.995,47.844,-73.407,-6.4635,-36.916,157.73,80.653,74.048,-0.23266,-24.637,-26.105,25.255,-2.8217
-81.549,-47.471,-39.514,-45.995,47.844,-73.407,-6.4635,-36.916,157.73,80.653,74.048,-0.23266,-24.637,-26.105,25.255,-2.8217
-80.725,-46.587,-38.744,-45.189,47.702,-72.638,-5.6969,-36.222,158.38,81.908,74.389,0.45873,-23.738,-25.424,26.035,-1.7325
-80.725,-46.587,-38.744,-45.189,47.702,-72.638,-5.6969,-36.222,158.38,81.908,74.389,0.45873,-23.738,-25.424,26.035,-1.7325
-80.314,-46.148,-38.36,-44.788,47.63,-72.257,-5.3163,-35.877,158.7,82.533,74.557,0.80295,-23.29,-25.086,26.423,-1.1913
-80.314,-46.148,-38.36,-44.788,47.63,-72.257,-5.3163,-35.877,158.7,82.533,74.557,0.80295,-23.29,-25.086,26.423,-1.1913
-80.314,-46.148,-38.36,-44.788,47.63,-72.257,-5.3163,-35.877,158.7,82.533,74.557,0.80295,-23.29,-25.086,26.423,-1.1913
-79.904,-45.711,-37.977,-44.388,47.557,-71.877,-4.9377,-35.533,159.01,83.155,74.724,1.1461,-22.843,-24.749,26.809,-0.65247
-79.904,-45.711,-37.977,-44.388,47.557,-71.877,-4.9377,-35.533,159.01,83.155,74.724,1.1461,-22.843,-24.749,26.809,-0.65247
-79.494,-45.276,-37.595,-43.99,47.483,-71.5,-4.5609,-35.191,159.33,83.774,74.889,1.4882,-22.398,-24.413,27.193,-0.116
-79.085,-44.842,-37.214,-43.593,47.409,-71.125,-4.186,-34.85,159.64,84.391,75.053,1.8292,-21.953,-24.079,27.576,0.41807
-79.085,-44.842,-37.214,-43.593,47.409,-71.125,-4.186,-34.85,159.64,84.391,75.053,1.8292,-21.953,-24.079,27.576,0.41807
-78.676,-44.412,-36.834,-43.198,47.334,-70.752,-3.813,-34.51,159.95,85.006,75.215,2.169,-21.509,-23.747,27.957,0.94969
-78.676,-44.412,-36.834,-43.198,47.334,-70.752,-3.813,-34.51,159.95,85.006,75.215,2.169,-21.509,-23.747,27.957,0.94969
-78.676,-44.412,-36.834,-43.198,47.334,-70.752,-3.813,-34.51,159.95,85.006,75.215,2.169,-21.509,-23.747,27.957,0.94969
-78.268,-43.983,-36.455,-42.805,47.259,-70.381,-3.442,-34.172,160.26,85.619,75.375,2.5077,-21.067,-23.415,28.337,1.4788
-78.268,-43.983,-36.455,-42.805,47.259,-70.381,-3.442,-34.172,160.26,85.619,75.375,2.5077,-21.067,-23.415,28.337,1.4788
-77.861,-43.556,-36.077,-42.413,47.182,-70.013,-3.073,-33.835,160.57,86.228,75.534,2.8451,-20.625,-23.086,28.715,2.0054
-77.861,-43.556,-36.077,-42.413,47.182,-70.013,-3.073,-33.835,160.57,86.228,75.534,2.8451,-20.625,-23.086,28.715,2.0054
-77.455,-43.132,-35.701,-42.022,47.105,-69.647,-2.7061,-33.499,160.87,86.835,75.691,3.1812,-20.185,-22.758,29.091,2.5295
-77.455,-43.132,-35.701,-42.022,47.105,-69.647,-2.7061,-33.499,160.87,86.835,75.691,3.1812,-20.185,-22.758,29.091,2.5295
-77.049,-42.71,-35.325,-41.634,47.027,-69.283,-2.3411,-33.165,161.17,87.44,75.846,3.516,-19.746,-22.432,29.465,3.051
-76.645,-42.29,-34.95,-41.247,46.948,-68.922,-1.9782,-32.833,161.47,88.042,76,3.8495,-19.309,-22.107,29.837,3.5698
-76.645,-42.29,-34.95,-41.247,46.948,-68.922,-1.9782,-32.833,161.47,88.042,76,3.8495,-19.309,-22.107,29.837,3.5698
-76.645,-42.29,-34.95,-41.247,46.948,-68.922,-1.9782,-32.833,161.47,88.042,76,3.8495,-19.309,-22.107,29.837,3.5698
-76.241,-41.873,-34.576,-40.861,46.868,-68.563,-1.6174,-32.502,161.76,88.641,76.153,4.1816,-18.872,-21.784,30.208,4.086
-76.241,-41.873,-34.576,-40.861,46.868,-68.563,-1.6174,-32.502,161.76,88.641,76.153,4.1816,-18.872,-21.784,30.208,4.086
-75.838,-41.458,-34.204,-40.478,46.788,-68.206,-1.2587,-32.173,162.06,89.237,76.303,4.5122,-18.437,-21.462,30.577,4.5995
-75.838,-41.458,-34.204,-40.478,46.788,-68.206,-1.2587,-32.173,162.06,89.237,76.303,4.5122,-18.437,-21.462,30.577,4.5995
-75.436,-41.045,-33.832,-40.096,46.706,-67.853,-0.90217,-31.846,162.35,89.831,76.452,4.8415,-18.003,-21.143,30.944,5.1103
-75.436,-41.045,-33.832,-40.096,46.706,-67.853,-0.90217,-31.846,162.35,89.831,76.452,4.8415,-18.003,-21.143,30.944,5.1103
-75.035,-40.635,-33.462,-39.716,46.624,-67.502,-0.54775,-31.52,162.63,90.421,76.599,5.1692,-17.571,-20.825,31.31,5.6183
-74.635,-40.228,-33.093,-39.337,46.54,-67.153,-0.19552,-31.196,162.92,91.009,76.745,5.4953,-17.14,-20.509,31.673,6.1235
-74.635,-40.228,-33.093,-39.337,46.54,-67.153,-0.19552,-31.196,162.92,91.009,76.745,5.4953,-17.14,-20.509,31.673,6.1235
-74.236,-39.823,-32.725,-38.961,46.456,-66.808,0.15452,-30.874,163.2,91.594,76.889,5.8199,-16.71,-20.194,32.035,6.6259
-74.236,-39.823,-32.725,-38.961,46.456,-66.808,0.15452,-30.874,163.2,91.594,76.889,5.8199,-16.71,-20.194,32.035,6.6259
-74.236,-39.823,-32.725,-38.961,46.456,-66.808,0.15452,-30.874,163.2,91.594,76.889,5.8199,-16.71,-20.194,32.035,6.6259
-73.838,-39.421,-32.358,-38.586,46.371,-66.465,0.50234,-30.553,163.48,92.176,77.031,6.1429,-16.282,-19.882,32.395,7.1254
-73.838,-39.421,-32.358,-38.586,46.371,-66.465,0.50234,-30.553,163.48,92.176,77.031,6.1429,-16.282,-19.882,32.395,7.1254
-73.441,-39.021,-31.993,-38.213,46.285,-66.124,0.84792,-30.235,163.76,92.755,77.171,6.4643,-15.855,-19.572,32.753,7.622
-73.441,-39.021,-31.993,-38.213,46.285,-66.124,0.84792,-30.235,163.76,92.755,77.171,6.4643,-15.855,-19.572,32.753,7.622
-73.045,-38.624,-31.629,-37.842,46.198,-65.787,1.1912,-29.918,164.03,93.33,77.309,6.784,-15.43,-19.263,33.109,8.1157
-72.65,-38.23,-31.266,-37.473,46.11,-65.452,1.5323,-29.603,164.31,93.903,77.446,7.1019,-15.006,-18.956,33.463,8.6064
-72.65,-38.23,-31.266,-37.473,46.11,-65.452,1.5323,-29.603,164.31,93.903,77.446,7.1019,-15.006,-18.956,33.463,8.6064
-72.65,-38.23,-31.266,-37.473,46.11,-65.452,1.5323,-29.603,164.31,93.903,77.446,7.1019,-15.006,-18.956,33.463,8.6064
-72.257,-37.838,-30.904,-37.107,46.021,-65.121,1.871,-29.291,164.57,94.472,77.581,7.4182,-14.584,-18.651,33.815,9.0941
-72.257,-37.838,-30.904,-37.107,46.021,-65.121,1.871,-29.291,164.57,94.472,77.581,7.4182,-14.584,-18.651,33.815,9.0941
-71.865,-37.449,-30.543,-36.742,45.931,-64.792,2.2074,-28.98,164.84,95.039,77.714,7.7326,-14.163,-18.349,34.165,9.5788
-71.865,-37.449,-30.543,-36.742,45.931,-64.792,2.2074,-28.98,164.84,95.039,77.714,7.7326,-14.163,-18.349,34.165,9.5788
-71.865,-37.449,-30.543,-36.742,45.931,-64.792,2.2074,-28.98,164.84,95.039,77.714,7.7326,-14.163,-18.349,34.165,9.5788
-71.474,-37.064,-30.184,-36.379,45.84,-64.467,2.5415,-28.671,165.1,95.602,77.846,8.0452,-13.744,-18.048,34.514,10.06
-71.474,-37.064,-30.184,-36.379,45.84,-64.467,2.5415,-28.671,165.1,95.602,77.846,8.0452,-13.744,-18.048,34.514,10.06
-70.695,-36.301,-29.47,-35.659,45.654,-63.825,3.2025,-28.06,165.62,96.717,78.103,8.6648,-12.91,-17.453,35.204,11.014
-70.695,-36.301,-29.47,-35.659,45.654,-63.825,3.2025,-28.06,165.62,96.717,78.103,8.6648,-12.91,-17.453,35.204,11.014
-70.695,-36.301,-29.47,-35.659,45.654,-63.825,3.2025,-28.06,165.62,96.717,78.103,8.6648,-12.91,-17.453,35.204,11.014
-70.308,-35.923,-29.115,-35.302,45.56,-63.508,3.5294,-27.758,165.88,97.27,78.229,8.9717,-12.496,-17.158,35.547,11.487
-70.308,-35.923,-29.115,-35.302,45.56,-63.508,3.5294,-27.758,165.88,97.27,78.229,8.9717,-12.496,-17.158,35.547,11.487
-69.922,-35.549,-28.761,-34.947,45.464,-63.195,3.8539,-27.457,166.13,97.82,78.353,9.2767,-12.083,-16.866,35.887,11.956
-69.922,-35.549,-28.761,-34.947,45.464,-63.195,3.8539,-27.457,166.13,97.82,78.353,9.2767,-12.083,-16.866,35.887,11.956
-69.538,-35.178,-28.408,-34.595,45.368,-62.885,4.176,-27.159,166.38,98.366,78.475,9.5796,-11.672,-16.576,36.225,12.421
-69.538,-35.178,-28.408,-34.595,45.368,-62.885,4.176,-27.159,166.38,98.366,78.475,9.5796,-11.672,-16.576,36.225,12.421
-69.154,-34.81,-28.057,-34.245,45.27,-62.578,4.4956,-26.864,166.63,98.908,78.595,9.8806,-11.263,-16.288,36.562,12.884
-69.154,-34.81,-28.057,-34.245,45.27,-62.578,4.4956,-26.864,166.63,98.908,78.595,9.8806,-11.263,-16.288,36.562,12.884
-68.773,-34.445,-27.708,-33.897,45.172,-62.275,4.8127,-26.57,166.87,99.447,78.713,10.179,-10.855,-16.002,36.896,13.343
-68.773,-34.445,-27.708,-33.897,45.172,-62.275,4.8127,-26.57,166.87,99.447,78.713,10.179,-10.855,-16.002,36.896,13.343
-68.392,-34.083,-27.359,-33.551,45.072,-61.975,5.1274,-26.279,167.11,99.983,78.83,10.476,-10.449,-15.719,37.228,13.799
-68.392,-34.083,-27.359,-33.551,45.072,-61.975,5.1274,-26.279,167.11,99.983,78.83,10.476,-10.449,-15.719,37.228,13.799
-68.014,-33.725,-27.012,-33.207,44.971,-61.678,5.4395,-25.99,167.35,100.51,78.944,10.771,-10.045,-15.437,37.558,14.252
-68.014,-33.725,-27.012,-33.207,44.971,-61.678,5.4395,-25.99,167.35,100.51,78.944,10.771,-10.045,-15.437,37.558,14.252
-68.014,-33.725,-27.012,-33.207,44.971,-61.678,5.4395,-25.99,167.35,100.51,78.944,10.771,-10.045,-15.437,37.558,14.252
-67.636,-33.369,-26.667,-32.866,44.868,-61.384,5.7491,-25.704,167.59,101.04,79.057,11.063,-9.6428,-15.158,37.886,14.701
-67.636,-33.369,-26.667,-32.866,44.868,-61.384,5.7491,-25.704,167.59,101.04,79.057,11.063,-9.6428,-15.158,37.886,14.701
-67.636,-33.369,-26.667,-32.866,44.868,-61.384,5.7491,-25.704,167.59,101.04,79.057,11.063,-9.6428,-15.158,37.886,14.701
-66.886,-32.668,-25.98,-32.19,44.66,-60.808,6.3606,-25.138,168.05,102.09,79.276,11.642,-8.8435,-14.608,38.536,15.59
-66.886,-32.668,-25.98,-32.19,44.66,-60.808,6.3606,-25.138,168.05,102.09,79.276,11.642,-8.8435,-14.608,38.536,15.59
-66.513,-32.322,-25.639,-31.855,44.554,-60.525,6.6625,-24.859,168.28,102.6,79.383,11.928,-8.4465,-14.336,38.858,16.029
-66.513,-32.322,-25.639,-31.855,44.554,-60.525,6.6625,-24.859,168.28,102.6,79.383,11.928,-8.4465,-14.336,38.858,16.029
-66.513,-32.322,-25.639,-31.855,44.554,-60.525,6.6625,-24.859,168.28,102.6,79.383,11.928,-8.4465,-14.336,38.858,16.029
-66.142,-31.98,-25.3,-31.523,44.447,-60.246,6.9619,-24.583,168.5,103.12,79.487,12.211,-8.0514,-14.066,39.178,16.464
-66.142,-31.98,-25.3,-31.523,44.447,-60.246,6.9619,-24.583,168.5,103.12,79.487,12.211,-8.0514,-14.066,39.178,16.464
-65.773,-31.64,-24.962,-31.193,44.339,-59.97,7.2586,-24.309,168.72,103.63,79.59,12.492,-7.6582,-13.799,39.495,16.897
-65.773,-31.64,-24.962,-31.193,44.339,-59.97,7.2586,-24.309,168.72,103.63,79.59,12.492,-7.6582,-13.799,39.495,16.897
-65.405,-31.305,-24.625,-30.866,44.229,-59.698,7.5527,-24.037,168.94,104.13,79.691,12.771,-7.2668,-13.534,39.81,17.325
-65.405,-31.305,-24.625,-30.866,44.229,-59.698,7.5527,-24.037,168.94,104.13,79.691,12.771,-7.2668,-13.534,39.81,17.325
-64.674,-30.644,-23.957,-30.218,44.006,-59.164,8.133,-23.502,169.37,105.13,79.887,13.322,-6.4898,-13.012,40.435,18.172
-64.674,-30.644,-23.957,-30.218,44.006,-59.164,8.133,-23.502,169.37,105.13,79.887,13.322,-6.4898,-13.012,40.435,18.172
-64.674,-30.644,-23.957,-30.218,44.006,-59.164,8.133,-23.502,169.37,105.13,79.887,13.322,-6.4898,-13.012,40.435,18.172
-64.311,-30.318,-23.625,-29.898,43.892,-58.903,8.4191,-23.239,169.58,105.62,79.982,13.593,-6.1042,-12.755,40.744,18.589
-64.311,-30.318,-23.625,-29.898,43.892,-58.903,8.4191,-23.239,169.58,105.62,79.982,13.593,-6.1042,-12.755,40.744,18.589
-64.311,-30.318,-23.625,-29.898,43.892,-58.903,8.4191,-23.239,169.58,105.62,79.982,13.593,-6.1042,-12.755,40.744,18.589
-63.95,-29.996,-23.295,-29.581,43.778,-58.646,8.7026,-22.978,169.79,106.11,80.074,13.863,-5.7205,-12.501,41.05,19.004
-63.95,-29.996,-23.295,-29.581,43.778,-58.646,8.7026,-22.978,169.79,106.11,80.074,13.863,-5.7205,-12.501,41.05,19.004
-63.591,-29.678,-22.966,-29.266,43.661,-58.392,8.9833,-22.72,169.99,106.6,80.165,14.129,-5.3388,-12.249,41.355,19.414
-63.591,-29.678,-22.966,-29.266,43.661,-58.392,8.9833,-22.72,169.99,106.6,80.165,14.129,-5.3388,-12.249,41.355,19.414
-63.233,-29.363,-22.639,-28.953,43.544,-58.143,9.2614,-22.464,170.19,107.08,80.254,14.393,-4.9591,-11.999,41.657,19.821
-62.877,-29.052,-22.313,-28.643,43.425,-57.897,9.5367,-22.212,170.39,107.56,80.341,14.655,-4.5814,-11.752,41.957,20.224
-62.877,-29.052,-22.313,-28.643,43.425,-57.897,9.5367,-22.212,170.39,107.56,80.341,14.655,-4.5814,-11.752,41.957,20.224
-62.523,-28.745,-21.989,-28.336,43.305,-57.655,9.8094,-21.962,170.59,108.03,80.425,14.914,-4.2056,-11.508,42.255,20.624
-62.523,-28.745,-21.989,-28.336,43.305,-57.655,9.8094,-21.962,170.59,108.03,80.425,14.914,-4.2056,-11.508,42.255,20.624
-62.171,-28.441,-21.667,-28.031,43.183,-57.417,10.079,-21.715,170.78,108.5,80.508,15.17,-3.8319,-11.266,42.55,21.019
-62.171,-28.441,-21.667,-28.031,43.183,-57.417,10.079,-21.715,170.78,108.5,80.508,15.17,-3.8319,-11.266,42.55,21.019
-62.171,-28.441,-21.667,-28.031,43.183,-57.417,10.079,-21.715,170.78,108.5,80.508,15.17,-3.8319,-11.266,42.55,21.019
-61.821,-28.141,-21.346,-27.729,43.06,-57.183,10.346,-21.471,170.97,108.96,80.588,15.424,-3.4602,-11.027,42.844,21.411
-61.472,-27.844,-21.027,-27.429,42.936,-56.953,10.611,-21.23,171.15,109.42,80.667,15.675,-3.0906,-10.791,43.135,21.799
-61.125,-27.551,-20.709,-27.132,42.81,-56.727,10.872,-20.992,171.33,109.88,80.743,15.923,-2.7231,-10.557,43.424,22.184
-61.125,-27.551,-20.709,-27.132,42.81,-56.727,10.872,-20.992,171.33,109.88,80.743,15.923,-2.7231,-10.557,43.424,22.184
-60.781,-27.262,-20.393,-26.838,42.683,-56.505,11.131,-20.757,171.51,110.33,80.817,16.169,-2.3576,-10.326,43.71,22.564
-60.781,-27.262,-20.393,-26.838,42.683,-56.505,11.131,-20.757,171.51,110.33,80.817,16.169,-2.3576,-10.326,43.71,22.564
-60.781,-27.262,-20.393,-26.838,42.683,-56.505,11.131,-20.757,171.51,110.33,80.817,16.169,-2.3576,-10.326,43.71,22.564
-60.438,-26.977,-20.079,-26.546,42.554,-56.287,11.387,-20.524,171.69,110.77,80.89,16.412,-1.9942,-10.098,43.994,22.941
-60.438,-26.977,-20.079,-26.546,42.554,-56.287,11.387,-20.524,171.69,110.77,80.89,16.412,-1.9942,-10.098,43.994,22.941
-60.438,-26.977,-20.079,-26.546,42.554,-56.287,11.387,-20.524,171.69,110.77,80.89,16.412,-1.9942,-10.098,43.994,22.941
-60.097,-26.696,-19.767,-26.258,42.424,-56.073,11.64,-20.295,171.87,111.22,80.96,16.652,-1.6329,-9.8729,44.276,23.314
-59.758,-26.418,-19.456,-25.971,42.292,-55.863,11.891,-20.069,172.04,111.65,81.028,16.889,-1.2737,-9.6503,44.556,23.683
-59.421,-26.144,-19.147,-25.688,42.159,-55.658,12.138,-19.846,172.2,112.09,81.094,17.124,-0.91663,-9.4305,44.833,24.048
-59.421,-26.144,-19.147,-25.688,42.159,-55.658,12.138,-19.846,172.2,112.09,81.094,17.124,-0.91663,-9.4305,44.833,24.048
-59.086,-25.874,-18.839,-25.407,42.025,-55.457,12.383,-19.626,172.37,112.51,81.157,17.355,-0.5617,-9.2135,45.108,24.409
-59.086,-25.874,-18.839,-25.407,42.025,-55.457,12.383,-19.626,172.37,112.51,81.157,17.355,-0.5617,-9.2135,45.108,24.409
-59.086,-25.874,-18.839,-25.407,42.025,-55.457,12.383,-19.626,172.37,112.51,81.157,17.355,-0.5617,-9.2135,45.108,24.409
-58.753,-25.608,-18.533,-25.129,41.889,-55.26,12.625,-19.409,172.53,112.94,81.219,17.584,-0.20892,-8.9993,45.381,24.766
-58.753,-25.608,-18.533,-25.129,41.889,-55.26,12.625,-19.409,172.53,112.94,81.219,17.584,-0.20892,-8.9993,45.381,24.766
-58.753,-25.608,-18.533,-25.129,41.889,-55.26,12.625,-19.409,172.53,112.94,81.219,17.584,-0.20892,-8.9993,45.381,24.766
-58.422,-25.346,-18.229,-24.854,41.751,-55.067,12.864,-19.196,172.69,113.36,81.279,17.81,0.14171,-8.788,45.652,25.119
-58.422,-25.346,-18.229,-24.854,41.751,-55.067,12.864,-19.196,172.69,113.36,81.279,17.81,0.14171,-8.788,45.652,25.119
-58.093,-25.088,-17.927,-24.581,41.612,-54.879,13.1,-18.985,172.84,113.77,81.336,18.033,0.49017,-8.5796,45.92,25.468
-58.093,-25.088,-17.927,-24.581,41.612,-54.879,13.1,-18.985,172.84,113.77,81.336,18.033,0.49017,-8.5796,45.92,25.468
-58.093,-25.088,-17.927,-24.581,41.612,-54.879,13.1,-18.985,172.84,113.77,81.336,18.033,0.49017,-8.5796,45.92,25.468
-57.441,-24.584,-17.327,-24.045,41.33,-54.515,13.563,-18.574,173.14,114.59,81.444,18.47,1.1805,-8.1714,46.449,26.154
-57.441,-24.584,-17.327,-24.045,41.33,-54.515,13.563,-18.574,173.14,114.59,81.444,18.47,1.1805,-8.1714,46.449,26.154
-57.118,-24.338,-17.03,-23.781,41.186,-54.34,13.791,-18.373,173.29,114.99,81.495,18.684,1.5224,-7.9717,46.71,26.491
-57.118,-24.338,-17.03,-23.781,41.186,-54.34,13.791,-18.373,173.29,114.99,81.495,18.684,1.5224,-7.9717,46.71,26.491
-56.798,-24.096,-16.735,-23.52,41.041,-54.169,14.015,-18.176,173.43,115.39,81.544,18.895,1.8621,-7.7749,46.969,26.824
-56.798,-24.096,-16.735,-23.52,41.041,-54.169,14.015,-18.176,173.43,115.39,81.544,18.895,1.8621,-7.7749,46.969,26.824
-56.798,-24.096,-16.735,-23.52,41.041,-54.169,14.015,-18.176,173.43,115.39,81.544,18.895,1.8621,-7.7749,46.969,26.824
-56.479,-23.858,-16.441,-23.262,40.894,-54.002,14.237,-17.981,173.57,115.78,81.591,19.102,2.1996,-7.581,47.225,27.153
-56.479,-23.858,-16.441,-23.262,40.894,-54.002,14.237,-17.981,173.57,115.78,81.591,19.102,2.1996,-7.581,47.225,27.153
-55.848,-23.394,-15.859,-22.754,40.596,-53.683,14.672,-17.603,173.84,116.54,81.678,19.509,2.8679,-7.2022,47.731,27.799
-55.848,-23.394,-15.859,-22.754,40.596,-53.683,14.672,-17.603,173.84,116.54,81.678,19.509,2.8679,-7.2022,47.731,27.799
-55.848,-23.394,-15.859,-22.754,40.596,-53.683,14.672,-17.603,173.84,116.54,81.678,19.509,2.8679,-7.2022,47.731,27.799
-55.536,-23.168,-15.57,-22.504,40.445,-53.53,14.884,-17.419,173.97,116.92,81.718,19.708,3.1987,-7.0173,47.98,28.115
-55.536,-23.168,-15.57,-22.504,40.445,-53.53,14.884,-17.419,173.97,116.92,81.718,19.708,3.1987,-7.0173,47.98,28.115
-55.536,-23.168,-15.57,-22.504,40.445,-53.53,14.884,-17.419,173.97,116.92,81.718,19.708,3.1987,-7.0173,47.98,28.115
-55.225,-22.946,-15.283,-22.258,40.292,-53.381,15.094,-17.238,174.1,117.29,81.756,19.903,3.5273,-6.8353,48.227,28.428
-55.225,-22.946,-15.283,-22.258,40.292,-53.381,15.094,-17.238,174.1,117.29,81.756,19.903,3.5273,-6.8353,48.227,28.428
-54.917,-22.729,-14.999,-22.014,40.137,-53.237,15.302,-17.061,174.23,117.66,81.792,20.096,3.8536,-6.6564,48.471,28.736
-54.917,-22.729,-14.999,-22.014,40.137,-53.237,15.302,-17.061,174.23,117.66,81.792,20.096,3.8536,-6.6564,48.471,28.736
-54.917,-22.729,-14.999,-22.014,40.137,-53.237,15.302,-17.061,174.23,117.66,81.792,20.096,3.8536,-6.6564,48.471,28.736
-54.308,-22.306,-14.434,-21.535,39.823,-52.963,15.707,-16.716,174.46,118.38,81.857,20.471,4.4995,-6.3076,48.953,29.34
-54.308,-22.306,-14.434,-21.535,39.823,-52.963,15.707,-16.716,174.46,118.38,81.857,20.471,4.4995,-6.3076,48.953,29.34
-54.006,-22.101,-14.154,-21.3,39.664,-52.833,15.905,-16.549,174.58,118.73,81.887,20.654,4.819,-6.1378,49.19,29.636
-54.006,-22.101,-14.154,-21.3,39.664,-52.833,15.905,-16.549,174.58,118.73,81.887,20.654,4.819,-6.1378,49.19,29.636
-53.707,-21.901,-13.876,-21.068,39.503,-52.708,16.1,-16.386,174.69,119.08,81.914,20.834,5.1363,-5.971,49.425,29.928
-53.707,-21.901,-13.876,-21.068,39.503,-52.708,16.1,-16.386,174.69,119.08,81.914,20.834,5.1363,-5.971,49.425,29.928
-53.41,-21.704,-13.6,-20.839,39.34,-52.587,16.293,-16.226,174.8,119.42,81.939,21.01,5.4513,-5.8073,49.658,30.215
-53.115,-21.512,-13.326,-20.613,39.176,-52.471,16.482,-16.07,174.9,119.76,81.962,21.183,5.764,-5.6467,49.888,30.499
-53.115,-21.512,-13.326,-20.613,39.176,-52.471,16.482,-16.07,174.9,119.76,81.962,21.183,5.764,-5.6467,49.888,30.499
-53.115,-21.512,-13.326,-20.613,39.176,-52.471,16.482,-16.07,174.9,119.76,81.962,21.183,5.764,-5.6467,49.888,30.499
-52.822,-21.324,-13.053,-20.39,39.01,-52.359,16.669,-15.917,175.01,120.09,81.982,21.353,6.0744,-5.4892,50.115,30.778
-52.822,-21.324,-13.053,-20.39,39.01,-52.359,16.669,-15.917,175.01,120.09,81.982,21.353,6.0744,-5.4892,50.115,30.778
-52.532,-21.14,-12.783,-20.171,38.842,-52.252,16.852,-15.768,175.1,120.41,82.001,21.52,6.3825,-5.3347,50.341,31.052
-52.532,-21.14,-12.783,-20.171,38.842,-52.252,16.852,-15.768,175.1,120.41,82.001,21.52,6.3825,-5.3347,50.341,31.052
-52.243,-20.961,-12.514,-19.954,38.673,-52.15,17.033,-15.622,175.2,120.73,82.017,21.683,6.6884,-5.1834,50.563,31.323
-52.243,-20.961,-12.514,-19.954,38.673,-52.15,17.033,-15.622,175.2,120.73,82.017,21.683,6.6884,-5.1834,50.563,31.323
-51.957,-20.786,-12.246,-19.74,38.502,-52.053,17.21,-15.48,175.29,121.05,82.031,21.843,6.9919,-5.0352,50.784,31.589
-51.957,-20.786,-12.246,-19.74,38.502,-52.053,17.21,-15.48,175.29,121.05,82.031,21.843,6.9919,-5.0352,50.784,31.589
-51.673,-20.615,-11.981,-19.529,38.33,-51.961,17.385,-15.342,175.38,121.36,82.043,21.999,7.2931,-4.8901,51.002,31.851
-51.673,-20.615,-11.981,-19.529,38.33,-51.961,17.385,-15.342,175.38,121.36,82.043,21.999,7.2931,-4.8901,51.002,31.851
-51.392,-20.448,-11.717,-19.321,38.155,-51.873,17.556,-15.207,175.47,121.67,82.053,22.153,7.5921,-4.7481,51.217,32.109
-51.392,-20.448,-11.717,-19.321,38.155,-51.873,17.556,-15.207,175.47,121.67,82.053,22.153,7.5921,-4.7481,51.217,32.109
-51.392,-20.448,-11.717,-19.321,38.155,-51.873,17.556,-15.207,175.47,121.67,82.053,22.153,7.5921,-4.7481,51.217,32.109
-51.112,-20.286,-11.456,-19.116,37.98,-51.79,17.725,-15.076,175.55,121.97,82.06,22.303,7.8887,-4.6093,51.431,32.363
-51.112,-20.286,-11.456,-19.116,37.98,-51.79,17.725,-15.076,175.55,121.97,82.06,22.303,7.8887,-4.6093,51.431,32.363
-50.835,-20.128,-11.196,-18.915,37.802,-51.712,17.891,-14.949,175.63,122.26,82.065,22.449,8.1831,-4.4736,51.641,32.612
-50.561,-19.975,-10.937,-18.716,37.623,-51.639,18.054,-14.825,175.71,122.55,82.068,22.592,8.4751,-4.341,51.85,32.857
-50.561,-19.975,-10.937,-18.716,37.623,-51.639,18.054,-14.825,175.71,122.55,82.068,22.592,8.4751,-4.341,51.85,32.857
-50.561,-19.975,-10.937,-18.716,37.623,-51.639,18.054,-14.825,175.71,122.55,82.068,22.592,8.4751,-4.341,51.85,32.857
-50.288,-19.826,-10.681,-18.52,37.442,-51.57,18.213,-14.705,175.78,122.84,82.069,22.732,8.7648,-4.2117,52.055,33.097
-50.288,-19.826,-10.681,-18.52,37.442,-51.57,18.213,-14.705,175.78,122.84,82.069,22.732,8.7648,-4.2117,52.055,33.097
-50.288,-19.826,-10.681,-18.52,37.442,-51.57,18.213,-14.705,175.78,122.84,82.069,22.732,8.7648,-4.2117,52.055,33.097
-49.75,-19.541,-10.173,-18.138,37.075,-51.448,18.524,-14.477,175.92,123.39,82.065,23.001,9.3374,-3.9624,52.46,33.566
-49.75,-19.541,-10.173,-18.138,37.075,-51.448,18.524,-14.477,175.92,123.39,82.065,23.001,9.3374,-3.9624,52.46,33.566
-49.484,-19.405,-9.9223,-17.952,36.889,-51.395,18.675,-14.368,175.98,123.66,82.059,23.131,9.6202,-3.8425,52.658,33.793
-49.484,-19.405,-9.9223,-17.952,36.889,-51.395,18.675,-14.368,175.98,123.66,82.059,23.131,9.6202,-3.8425,52.658,33.793
-49.22,-19.274,-9.673,-17.769,36.701,-51.346,18.823,-14.264,176.04,123.92,82.051,23.257,9.9007,-3.7258,52.855,34.017
-48.959,-19.146,-9.4255,-17.589,36.512,-51.302,18.968,-14.163,176.1,124.18,82.041,23.379,10.179,-3.6122,53.048,34.236
-48.959,-19.146,-9.4255,-17.589,36.512,-51.302,18.968,-14.163,176.1,124.18,82.041,23.379,10.179,-3.6122,53.048,34.236
-48.959,-19.146,-9.4255,-17.589,36.512,-51.302,18.968,-14.163,176.1,124.18,82.041,23.379,10.179,-3.6122,53.048,34.236
-48.7,-19.024,-9.1797,-17.412,36.321,-51.263,19.11,-14.066,176.15,124.44,82.029,23.498,10.455,-3.5019,53.24,34.45
-48.7,-19.024,-9.1797,-17.412,36.321,-51.263,19.11,-14.066,176.15,124.44,82.029,23.498,10.455,-3.5019,53.24,34.45
-48.7,-19.024,-9.1797,-17.412,36.321,-51.263,19.11,-14.066,176.15,124.44,82.029,23.498,10.455,-3.5019,53.24,34.45
-48.443,-18.905,-8.9358,-17.238,36.128,-51.23,19.249,-13.972,176.2,124.68,82.015,23.614,10.728,-3.3947,53.428,34.661
-48.443,-18.905,-8.9358,-17.238,36.128,-51.23,19.249,-13.972,176.2,124.68,82.015,23.614,10.728,-3.3947,53.428,34.661
-48.189,-18.792,-8.6936,-17.067,35.934,-51.201,19.385,-13.883,176.25,124.92,81.998,23.726,11,-3.2907,53.615,34.867
-47.936,-18.682,-8.4532,-16.899,35.738,-51.177,19.518,-13.797,176.3,125.16,81.98,23.834,11.269,-3.1899,53.799,35.069
-47.936,-18.682,-8.4532,-16.899,35.738,-51.177,19.518,-13.797,176.3,125.16,81.98,23.834,11.269,-3.1899,53.799,35.069
-47.687,-18.577,-8.2146,-16.735,35.54,-51.158,19.648,-13.716,176.34,125.39,81.959,23.939,11.535,-3.0923,53.98,35.266
-47.687,-18.577,-8.2146,-16.735,35.54,-51.158,19.648,-13.716,176.34,125.39,81.959,23.939,11.535,-3.0923,53.98,35.266
-47.439,-18.477,-7.9778,-16.573,35.34,-51.144,19.776,-13.638,176.37,125.62,81.936,24.041,11.8,-2.9979,54.16,35.459
-47.439,-18.477,-7.9778,-16.573,35.34,-51.144,19.776,-13.638,176.37,125.62,81.936,24.041,11.8,-2.9979,54.16,35.459
-47.193,-18.381,-7.7427,-16.415,35.139,-51.135,19.9,-13.564,176.41,125.84,81.911,24.139,12.062,-2.9067,54.336,35.648
-47.193,-18.381,-7.7427,-16.415,35.139,-51.135,19.9,-13.564,176.41,125.84,81.911,24.139,12.062,-2.9067,54.336,35.648
-46.95,-18.289,-7.5093,-16.259,34.936,-51.131,20.021,-13.494,176.44,126.05,81.883,24.233,12.322,-2.8186,54.511,35.832
-46.95,-18.289,-7.5093,-16.259,34.936,-51.131,20.021,-13.494,176.44,126.05,81.883,24.233,12.322,-2.8186,54.511,35.832
-46.709,-18.202,-7.2778,-16.107,34.732,-51.132,20.14,-13.428,176.47,126.26,81.854,24.324,12.579,-2.7338,54.682,36.012
-46.709,-18.202,-7.2778,-16.107,34.732,-51.132,20.14,-13.428,176.47,126.26,81.854,24.324,12.579,-2.7338,54.682,36.012
-46.471,-18.119,-7.048,-15.958,34.525,-51.138,20.255,-13.366,176.49,126.46,81.822,24.412,12.834,-2.6521,54.852,36.188
-46.471,-18.119,-7.048,-15.958,34.525,-51.138,20.255,-13.366,176.49,126.46,81.822,24.412,12.834,-2.6521,54.852,36.188
-46.234,-18.041,-6.8199,-15.812,34.317,-51.149,20.368,-13.307,176.52,126.66,81.788,24.495,13.087,-2.5736,55.019,36.36
-46.234,-18.041,-6.8199,-15.812,34.317,-51.149,20.368,-13.307,176.52,126.66,81.788,24.495,13.087,-2.5736,55.019,36.36
-46,-17.967,-6.5936,-15.67,34.107,-51.165,20.478,-13.253,176.54,126.86,81.753,24.576,13.338,-2.4983,55.184,36.527
-46,-17.967,-6.5936,-15.67,34.107,-51.165,20.478,-13.253,176.54,126.86,81.753,24.576,13.338,-2.4983,55.184,36.527
-45.768,-17.898,-6.369,-15.53,33.896,-51.186,20.585,-13.203,176.55,127.04,81.715,24.652,13.587,-2.4262,55.346,36.689
-45.768,-17.898,-6.369,-15.53,33.896,-51.186,20.585,-13.203,176.55,127.04,81.715,24.652,13.587,-2.4262,55.346,36.689
-45.539,-17.833,-6.1461,-15.393,33.683,-51.213,20.688,-13.156,176.56,127.22,81.674,24.725,13.833,-2.3572,55.506,36.848
-45.539,-17.833,-6.1461,-15.393,33.683,-51.213,20.688,-13.156,176.56,127.22,81.674,24.725,13.833,-2.3572,55.506,36.848
-45.311,-17.773,-5.925,-15.26,33.468,-51.244,20.79,-13.114,176.57,127.4,81.632,24.795,14.077,-2.2915,55.663,37.002
-45.311,-17.773,-5.925,-15.26,33.468,-51.244,20.79,-13.114,176.57,127.4,81.632,24.795,14.077,-2.2915,55.663,37.002
-45.086,-17.717,-5.7056,-15.129,33.252,-51.281,20.888,-13.076,176.58,127.57,81.588,24.861,14.318,-2.2289,55.818,37.152
-45.086,-17.717,-5.7056,-15.129,33.252,-51.281,20.888,-13.076,176.58,127.57,81.588,24.861,14.318,-2.2289,55.818,37.152
-44.863,-17.665,-5.4878,-15.002,33.033,-51.322,20.983,-13.041,176.58,127.73,81.541,24.923,14.558,-2.1695,55.971,37.297
-44.863,-17.665,-5.4878,-15.002,33.033,-51.322,20.983,-13.041,176.58,127.73,81.541,24.923,14.558,-2.1695,55.971,37.297
-44.642,-17.619,-5.2719,-14.878,32.813,-51.369,21.075,-13.011,176.58,127.89,81.492,24.982,14.795,-2.1132,56.121,37.439
-44.642,-17.619,-5.2719,-14.878,32.813,-51.369,21.075,-13.011,176.58,127.89,81.492,24.982,14.795,-2.1132,56.121,37.439
-44.423,-17.576,-5.0576,-14.757,32.592,-51.42,21.165,-12.985,176.58,128.05,81.442,25.037,15.03,-2.0601,56.269,37.575
-44.423,-17.576,-5.0576,-14.757,32.592,-51.42,21.165,-12.985,176.58,128.05,81.442,25.037,15.03,-2.0601,56.269,37.575
-44.207,-17.538,-4.845,-14.639,32.369,-51.477,21.252,-12.962,176.57,128.19,81.389,25.089,15.263,-2.0101,56.415,37.708
-44.207,-17.538,-4.845,-14.639,32.369,-51.477,21.252,-12.962,176.57,128.19,81.389,25.089,15.263,-2.0101,56.415,37.708
-43.993,-17.504,-4.634,-14.524,32.144,-51.539,21.335,-12.944,176.56,128.34,81.334,25.137,15.493,-1.9633,56.558,37.836
-43.993,-17.504,-4.634,-14.524,32.144,-51.539,21.335,-12.944,176.56,128.34,81.334,25.137,15.493,-1.9633,56.558,37.836
-43.781,-17.475,-4.4248,-14.412,31.917,-51.606,21.416,-12.93,176.55,128.47,81.277,25.181,15.722,-1.9196,56.698,37.96
-43.781,-17.475,-4.4248,-14.412,31.917,-51.606,21.416,-12.93,176.55,128.47,81.277,25.181,15.722,-1.9196,56.698,37.96
-43.571,-17.45,-4.2172,-14.304,31.689,-51.678,21.495,-12.919,176.53,128.6,81.218,25.222,15.948,-1.8791,56.837,38.08
-43.571,-17.45,-4.2172,-14.304,31.689,-51.678,21.495,-12.919,176.53,128.6,81.218,25.222,15.948,-1.8791,56.837,38.08
-43.363,-17.43,-4.0113,-14.198,31.459,-51.755,21.57,-12.913,176.51,128.73,81.156,25.259,16.172,-1.8417,56.973,38.196
-43.363,-17.43,-4.0113,-14.198,31.459,-51.755,21.57,-12.913,176.51,128.73,81.156,25.259,16.172,-1.8417,56.973,38.196
-43.158,-17.414,-3.8071,-14.096,31.227,-51.837,21.643,-12.911,176.49,128.85,81.093,25.293,16.394,-1.8074,57.107,38.307
-43.158,-17.414,-3.8071,-14.096,31.227,-51.837,21.643,-12.911,176.49,128.85,81.093,25.293,16.394,-1.8074,57.107,38.307
-42.954,-17.403,-3.6044,-13.996,30.994,-51.924,21.712,-12.913,176.46,128.96,81.028,25.323,16.613,-1.7762,57.238,38.414
-42.954,-17.403,-3.6044,-13.996,30.994,-51.924,21.712,-12.913,176.46,128.96,81.028,25.323,16.613,-1.7762,57.238,38.414
-42.753,-17.396,-3.4035,-13.9,30.759,-52.016,21.779,-12.919,176.43,129.07,80.96,25.349,16.831,-1.7481,57.367,38.517
-42.753,-17.396,-3.4035,-13.9,30.759,-52.016,21.779,-12.919,176.43,129.07,80.96,25.349,16.831,-1.7481,57.367,38.517
-42.554,-17.393,-3.2041,-13.807,30.523,-52.114,21.844,-12.928,176.4,129.17,80.891,25.372,17.046,-1.7231,57.494,38.615
-42.554,-17.393,-3.2041,-13.807,30.523,-52.114,21.844,-12.928,176.4,129.17,80.891,25.372,17.046,-1.7231,57.494,38.615
-42.357,-17.395,-3.0064,-13.716,30.284,-52.216,21.905,-12.942,176.37,129.27,80.82,25.391,17.259,-1.7012,57.618,38.71
-42.162,-17.401,-2.8102,-13.629,30.045,-52.324,21.964,-12.96,176.33,129.36,80.746,25.407,17.47,-1.6823,57.74,38.8
-42.162,-17.401,-2.8102,-13.629,30.045,-52.324,21.964,-12.96,176.33,129.36,80.746,25.407,17.47,-1.6823,57.74,38.8
-41.969,-17.412,-2.6157,-13.545,29.803,-52.436,22.02,-12.983,176.28,129.45,80.671,25.419,17.679,-1.6666,57.86,38.886
-41.969,-17.412,-2.6157,-13.545,29.803,-52.436,22.02,-12.983,176.28,129.45,80.671,25.419,17.679,-1.6666,57.86,38.886
-41.969,-17.412,-2.6157,-13.545,29.803,-52.436,22.02,-12.983,176.28,129.45,80.671,25.419,17.679,-1.6666,57.86,38.886
-41.778,-17.427,-2.4227,-13.464,29.56,-52.554,22.073,-13.009,176.24,129.53,80.593,25.428,17.886,-1.6538,57.977,38.967
-41.778,-17.427,-2.4227,-13.464,29.56,-52.554,22.073,-13.009,176.24,129.53,80.593,25.428,17.886,-1.6538,57.977,38.967
-41.589,-17.446,-2.2313,-13.385,29.315,-52.676,22.123,-13.039,176.19,129.6,80.514,25.433,18.091,-1.6441,58.093,39.045
-41.589,-17.446,-2.2313,-13.385,29.315,-52.676,22.123,-13.039,176.19,129.6,80.514,25.433,18.091,-1.6441,58.093,39.045
-41.589,-17.446,-2.2313,-13.385,29.315,-52.676,22.123,-13.039,176.19,129.6,80.514,25.433,18.091,-1.6441,58.093,39.045
-41.402,-17.47,-2.0415,-13.31,29.069,-52.804,22.171,-13.073,176.14,129.67,80.432,25.434,18.293,-1.6374,58.205,39.118
-41.402,-17.47,-2.0415,-13.31,29.069,-52.804,22.171,-13.073,176.14,129.67,80.432,25.434,18.293,-1.6374,58.205,39.118
-41.402,-17.47,-2.0415,-13.31,29.069,-52.804,22.171,-13.073,176.14,129.67,80.432,25.434,18.293,-1.6374,58.205,39.118
-41.035,-17.53,-1.6665,-13.169,28.572,-53.075,22.259,-13.154,176.03,129.79,80.263,25.427,18.692,-1.6331,58.424,39.253
-41.035,-17.53,-1.6665,-13.169,28.572,-53.075,22.259,-13.154,176.03,129.79,80.263,25.427,18.692,-1.6331,58.424,39.253
-40.854,-17.567,-1.4813,-13.103,28.321,-53.217,22.299,-13.2,175.97,129.85,80.176,25.418,18.889,-1.6354,58.531,39.314
-40.854,-17.567,-1.4813,-13.103,28.321,-53.217,22.299,-13.2,175.97,129.85,80.176,25.418,18.889,-1.6354,58.531,39.314
-40.854,-17.567,-1.4813,-13.103,28.321,-53.217,22.299,-13.2,175.97,129.85,80.176,25.418,18.889,-1.6354,58.531,39.314
-40.675,-17.608,-1.2976,-13.039,28.068,-53.365,22.336,-13.251,175.9,129.89,80.086,25.405,19.083,-1.6406,58.634,39.371
-40.499,-17.654,-1.1154,-12.979,27.814,-53.518,22.37,-13.305,175.84,129.93,79.995,25.389,19.276,-1.6489,58.736,39.423
-40.324,-17.703,-0.93475,-12.922,27.559,-53.676,22.402,-13.364,175.77,129.97,79.902,25.369,19.466,-1.66,58.835,39.472
-40.324,-17.703,-0.93475,-12.922,27.559,-53.676,22.402,-13.364,175.77,129.97,79.902,25.369,19.466,-1.66,58.835,39.472
-40.151,-17.757,-0.75554,-12.867,27.302,-53.839,22.431,-13.426,175.69,130,79.807,25.346,19.654,-1.6741,58.933,39.517
-40.151,-17.757,-0.75554,-12.867,27.302,-53.839,22.431,-13.426,175.69,130,79.807,25.346,19.654,-1.6741,58.933,39.517
-40.151,-17.757,-0.75554,-12.867,27.302,-53.839,22.431,-13.426,175.69,130,79.807,25.346,19.654,-1.6741,58.933,39.517
-39.98,-17.815,-0.57779,-12.816,27.043,-54.007,22.458,-13.493,175.62,130.02,79.71,25.319,19.841,-1.6912,59.027,39.557
-39.98,-17.815,-0.57779,-12.816,27.043,-54.007,22.458,-13.493,175.62,130.02,79.71,25.319,19.841,-1.6912,59.027,39.557
-39.98,-17.815,-0.57779,-12.816,27.043,-54.007,22.458,-13.493,175.62,130.02,79.71,25.319,19.841,-1.6912,59.027,39.557
-39.811,-17.878,-0.4015,-12.767,26.783,-54.179,22.482,-13.564,175.54,130.04,79.611,25.288,20.025,-1.7111,59.12,39.594
-39.644,-17.944,-0.22664,-12.721,26.521,-54.357,22.504,-13.638,175.46,130.05,79.51,25.255,20.208,-1.7338,59.211,39.627
-39.478,-18.015,-0.053214,-12.679,26.258,-54.54,22.523,-13.717,175.37,130.06,79.407,25.217,20.388,-1.7595,59.299,39.655
-39.478,-18.015,-0.053214,-12.679,26.258,-54.54,22.523,-13.717,175.37,130.06,79.407,25.217,20.388,-1.7595,59.299,39.655
-39.315,-18.09,0.1188,-12.639,25.993,-54.728,22.539,-13.8,175.28,130.06,79.302,25.177,20.567,-1.788,59.385,39.68
-39.315,-18.09,0.1188,-12.639,25.993,-54.728,22.539,-13.8,175.28,130.06,79.302,25.177,20.567,-1.788,59.385,39.68
-39.315,-18.09,0.1188,-12.639,25.993,-54.728,22.539,-13.8,175.28,130.06,79.302,25.177,20.567,-1.788,59.385,39.68
-39.153,-18.17,0.28943,-12.601,25.727,-54.92,22.553,-13.887,175.19,130.06,79.196,25.133,20.744,-1.8193,59.469,39.701
-39.153,-18.17,0.28943,-12.601,25.727,-54.92,22.553,-13.887,175.19,130.06,79.196,25.133,20.744,-1.8193,59.469,39.701
-39.153,-18.17,0.28943,-12.601,25.727,-54.92,22.553,-13.887,175.19,130.06,79.196,25.133,20.744,-1.8193,59.469,39.701
-38.993,-18.253,0.45866,-12.567,25.459,-55.118,22.565,-13.978,175.1,130.05,79.088,25.085,20.919,-1.8534,59.551,39.717
-38.835,-18.341,0.62654,-12.536,25.19,-55.32,22.574,-14.072,175,130.03,78.978,25.034,21.092,-1.8903,59.631,39.73
-38.679,-18.432,0.79305,-12.507,24.92,-55.527,22.58,-14.171,174.9,130.01,78.866,24.98,21.263,-1.93,59.709,39.739
-38.679,-18.432,0.79305,-12.507,24.92,-55.527,22.58,-14.171,174.9,130.01,78.866,24.98,21.263,-1.93,59.709,39.739
-38.524,-18.528,0.95823,-12.481,24.648,-55.739,22.584,-14.274,174.79,129.99,78.752,24.922,21.432,-1.9724,59.784,39.744
-38.524,-18.528,0.95823,-12.481,24.648,-55.739,22.584,-14.274,174.79,129.99,78.752,24.922,21.432,-1.9724,59.784,39.744
-38.524,-18.528,0.95823,-12.481,24.648,-55.739,22.584,-14.274,174.79,129.99,78.752,24.922,21.432,-1.9724,59.784,39.744
-38.372,-18.628,1.1221,-12.458,24.374,-55.956,22.586,-14.381,174.69,129.96,78.636,24.861,21.6,-2.0175,59.858,39.745
-38.372,-18.628,1.1221,-12.458,24.374,-55.956,22.586,-14.381,174.69,129.96,78.636,24.861,21.6,-2.0175,59.858,39.745
-38.372,-18.628,1.1221,-12.458,24.374,-55.956,22.586,-14.381,174.69,129.96,78.636,24.861,21.6,-2.0175,59.858,39.745
-38.22,-18.732,1.2846,-12.438,24.1,-56.178,22.585,-14.491,174.58,129.92,78.519,24.796,21.765,-2.0654,59.929,39.743
-38.22,-18.732,1.2846,-12.438,24.1,-56.178,22.585,-14.491,174.58,129.92,78.519,24.796,21.765,-2.0654,59.929,39.743
-38.071,-18.84,1.4459,-12.42,23.824,-56.404,22.582,-14.606,174.46,129.88,78.4,24.728,21.929,-2.1159,59.999,39.736
-38.071,-18.84,1.4459,-12.42,23.824,-56.404,22.582,-14.606,174.46,129.88,78.4,24.728,21.929,-2.1159,59.999,39.736
-37.923,-18.952,1.6059,-12.405,23.546,-56.636,22.577,-14.725,174.35,129.83,78.279,24.657,22.091,-2.1691,60.066,39.726
-37.923,-18.952,1.6059,-12.405,23.546,-56.636,22.577,-14.725,174.35,129.83,78.279,24.657,22.091,-2.1691,60.066,39.726
-37.923,-18.952,1.6059,-12.405,23.546,-56.636,22.577,-14.725,174.35,129.83,78.279,24.657,22.091,-2.1691,60.066,39.726
-37.632,-19.188,1.9221,-12.383,22.987,-57.113,22.559,-14.974,174.11,129.71,78.032,24.505,22.41,-2.2835,60.194,39.694
-37.632,-19.188,1.9221,-12.383,22.987,-57.113,22.559,-14.974,174.11,129.71,78.032,24.505,22.41,-2.2835,60.194,39.694
-37.489,-19.312,2.0784,-12.376,22.706,-57.358,22.546,-15.104,173.98,129.65,77.906,24.423,22.567,-2.3445,60.256,39.673
-37.489,-19.312,2.0784,-12.376,22.706,-57.358,22.546,-15.104,173.98,129.65,77.906,24.423,22.567,-2.3445,60.256,39.673
-37.489,-19.312,2.0784,-12.376,22.706,-57.358,22.546,-15.104,173.98,129.65,77.906,24.423,22.567,-2.3445,60.256,39.673
-37.348,-19.44,2.2334,-12.372,22.423,-57.609,22.531,-15.238,173.86,129.58,77.779,24.339,22.722,-2.4082,60.315,39.648
-37.348,-19.44,2.2334,-12.372,22.423,-57.609,22.531,-15.238,173.86,129.58,77.779,24.339,22.722,-2.4082,60.315,39.648
-37.348,-19.44,2.2334,-12.372,22.423,-57.609,22.531,-15.238,173.86,129.58,77.779,24.339,22.722,-2.4082,60.315,39.648
-37.07,-19.708,2.54,-12.371,21.854,-58.123,22.495,-15.519,173.59,129.42,77.518,24.16,23.027,-2.5431,60.427,39.587
-37.07,-19.708,2.54,-12.371,21.854,-58.123,22.495,-15.519,173.59,129.42,77.518,24.16,23.027,-2.5431,60.427,39.587
-37.07,-19.708,2.54,-12.371,21.854,-58.123,22.495,-15.519,173.59,129.42,77.518,24.16,23.027,-2.5431,60.427,39.587
-36.933,-19.848,2.6915,-12.375,21.567,-58.388,22.474,-15.664,173.45,129.34,77.386,24.066,23.177,-2.6143,60.48,39.551
-36.933,-19.848,2.6915,-12.375,21.567,-58.388,22.474,-15.664,173.45,129.34,77.386,24.066,23.177,-2.6143,60.48,39.551
-36.933,-19.848,2.6915,-12.375,21.567,-58.388,22.474,-15.664,173.45,129.34,77.386,24.066,23.177,-2.6143,60.48,39.551
-36.664,-20.138,2.9912,-12.389,20.99,-58.93,22.424,-15.968,173.17,129.15,77.115,23.868,23.473,-2.7642,60.581,39.468
-36.664,-20.138,2.9912,-12.389,20.99,-58.93,22.424,-15.968,173.17,129.15,77.115,23.868,23.473,-2.7642,60.581,39.468
-36.531,-20.29,3.1394,-12.401,20.7,-59.208,22.396,-16.125,173.03,129.04,76.978,23.765,23.618,-2.8428,60.629,39.421
-36.531,-20.29,3.1394,-12.401,20.7,-59.208,22.396,-16.125,173.03,129.04,76.978,23.765,23.618,-2.8428,60.629,39.421
-36.4,-20.444,3.2865,-12.414,20.409,-59.491,22.366,-16.287,172.88,128.94,76.838,23.658,23.762,-2.9238,60.674,39.371
-36.4,-20.444,3.2865,-12.414,20.409,-59.491,22.366,-16.287,172.88,128.94,76.838,23.658,23.762,-2.9238,60.674,39.371
-36.27,-20.603,3.4325,-12.43,20.116,-59.778,22.333,-16.452,172.73,128.82,76.698,23.548,23.904,-3.0072,60.718,39.317
-36.27,-20.603,3.4325,-12.43,20.116,-59.778,22.333,-16.452,172.73,128.82,76.698,23.548,23.904,-3.0072,60.718,39.317
-36.27,-20.603,3.4325,-12.43,20.116,-59.778,22.333,-16.452,172.73,128.82,76.698,23.548,23.904,-3.0072,60.718,39.317
-36.142,-20.765,3.5775,-12.449,19.822,-60.07,22.299,-16.62,172.57,128.7,76.555,23.435,24.045,-3.0929,60.76,39.26
-36.015,-20.931,3.7214,-12.47,19.527,-60.366,22.262,-16.793,172.41,128.58,76.412,23.319,24.184,-3.1809,60.8,39.199
-35.889,-21.101,3.8644,-12.493,19.231,-60.667,22.223,-16.969,172.25,128.45,76.266,23.199,24.322,-3.2713,60.838,39.135
-35.889,-21.101,3.8644,-12.493,19.231,-60.667,22.223,-16.969,172.25,128.45,76.266,23.199,24.322,-3.2713,60.838,39.135
-35.764,-21.274,4.0063,-12.519,18.934,-60.972,22.183,-17.149,172.09,128.32,76.119,23.077,24.458,-3.3639,60.874,39.067
-35.764,-21.274,4.0063,-12.519,18.934,-60.972,22.183,-17.149,172.09,128.32,76.119,23.077,24.458,-3.3639,60.874,39.067
-35.764,-21.274,4.0063,-12.519,18.934,-60.972,22.183,-17.149,172.09,128.32,76.119,23.077,24.458,-3.3639,60.874,39.067
-35.764,-21.274,4.0063,-12.519,18.934,-60.972,22.183,-17.149,172.09,128.32,76.119,23.077,24.458,-3.3639,60.874,39.067
-35.641,-21.451,4.1473,-12.547,18.636,-61.282,22.14,-17.333,171.93,128.18,75.971,22.952,24.592,-3.4587,60.909,38.997
-35.641,-21.451,4.1473,-12.547,18.636,-61.282,22.14,-17.333,171.93,128.18,75.971,22.952,24.592,-3.4587,60.909,38.997
-35.519,-21.632,4.2874,-12.578,18.337,-61.596,22.095,-17.521,171.76,128.03,75.821,22.824,24.726,-3.5558,60.942,38.922
-35.519,-21.632,4.2874,-12.578,18.337,-61.596,22.095,-17.521,171.76,128.03,75.821,22.824,24.726,-3.5558,60.942,38.922
-35.398,-21.816,4.4265,-12.61,18.037,-61.914,22.049,-17.712,171.58,127.88,75.67,22.692,24.858,-3.655,60.973,38.845
-35.398,-21.816,4.4265,-12.61,18.037,-61.914,22.049,-17.712,171.58,127.88,75.67,22.692,24.858,-3.655,60.973,38.845
-35.278,-22.003,4.5647,-12.645,17.735,-62.236,22,-17.907,171.41,127.73,75.517,22.558,24.988,-3.7564,61.002,38.764
-35.278,-22.003,4.5647,-12.645,17.735,-62.236,22,-17.907,171.41,127.73,75.517,22.558,24.988,-3.7564,61.002,38.764
-35.278,-22.003,4.5647,-12.645,17.735,-62.236,22,-17.907,171.41,127.73,75.517,22.558,24.988,-3.7564,61.002,38.764
-35.042,-22.389,4.8385,-12.722,17.13,-62.894,21.897,-18.307,171.05,127.4,75.207,22.281,25.245,-3.9655,61.055,38.593
-35.042,-22.389,4.8385,-12.722,17.13,-62.894,21.897,-18.307,171.05,127.4,75.207,22.281,25.245,-3.9655,61.055,38.593
-35.042,-22.389,4.8385,-12.722,17.13,-62.894,21.897,-18.307,171.05,127.4,75.207,22.281,25.245,-3.9655,61.055,38.593
-34.925,-22.587,4.9741,-12.764,16.826,-63.23,21.843,-18.513,170.87,127.23,75.05,22.139,25.371,-4.0732,61.079,38.503
-34.925,-22.587,4.9741,-12.764,16.826,-63.23,21.843,-18.513,170.87,127.23,75.05,22.139,25.371,-4.0732,61.079,38.503
-34.81,-22.788,5.1089,-12.808,16.52,-63.569,21.787,-18.722,170.68,127.06,74.891,21.993,25.497,-4.1829,61.102,38.41
-34.81,-22.788,5.1089,-12.808,16.52,-63.569,21.787,-18.722,170.68,127.06,74.891,21.993,25.497,-4.1829,61.102,38.41
-34.81,-22.788,5.1089,-12.808,16.52,-63.569,21.787,-18.722,170.68,127.06,74.891,21.993,25.497,-4.1829,61.102,38.41
-34.581,-23.201,5.3761,-12.902,15.907,-64.261,21.669,-19.151,170.3,126.69,74.57,21.693,25.743,-4.4083,61.141,38.214
-34.581,-23.201,5.3761,-12.902,15.907,-64.261,21.669,-19.151,170.3,126.69,74.57,21.693,25.743,-4.4083,61.141,38.214
-34.469,-23.412,5.5085,-12.952,15.599,-64.613,21.607,-19.371,170.11,126.5,74.408,21.539,25.864,-4.5239,61.159,38.111
-34.469,-23.412,5.5085,-12.952,15.599,-64.613,21.607,-19.371,170.11,126.5,74.408,21.539,25.864,-4.5239,61.159,38.111
-34.357,-23.626,5.6402,-13.005,15.291,-64.968,21.544,-19.594,169.91,126.3,74.244,21.383,25.984,-4.6414,61.175,38.005
-34.357,-23.626,5.6402,-13.005,15.291,-64.968,21.544,-19.594,169.91,126.3,74.244,21.383,25.984,-4.6414,61.175,38.005
-34.246,-23.844,5.7712,-13.059,14.981,-65.328,21.479,-19.821,169.71,126.1,74.079,21.223,26.103,-4.7608,61.189,37.897
-34.246,-23.844,5.7712,-13.059,14.981,-65.328,21.479,-19.821,169.71,126.1,74.079,21.223,26.103,-4.7608,61.189,37.897
-34.136,-24.065,5.9014,-13.115,14.671,-65.692,21.412,-20.051,169.51,125.9,73.912,21.061,26.221,-4.8821,61.202,37.785
-34.136,-24.065,5.9014,-13.115,14.671,-65.692,21.412,-20.051,169.51,125.9,73.912,21.061,26.221,-4.8821,61.202,37.785
-34.027,-24.289,6.031,-13.174,14.36,-66.06,21.344,-20.285,169.31,125.69,73.745,20.896,26.338,-5.0051,61.213,37.671
-34.027,-24.289,6.031,-13.174,14.36,-66.06,21.344,-20.285,169.31,125.69,73.745,20.896,26.338,-5.0051,61.213,37.671
-33.919,-24.516,6.16,-13.234,14.048,-66.432,21.274,-20.522,169.1,125.47,73.576,20.729,26.453,-5.1299,61.223,37.554
-33.919,-24.516,6.16,-13.234,14.048,-66.432,21.274,-20.522,169.1,125.47,73.576,20.729,26.453,-5.1299,61.223,37.554
-33.811,-24.746,6.2883,-13.296,13.735,-66.808,21.202,-20.762,168.89,125.25,73.406,20.559,26.568,-5.2565,61.231,37.433
-33.811,-24.746,6.2883,-13.296,13.735,-66.808,21.202,-20.762,168.89,125.25,73.406,20.559,26.568,-5.2565,61.231,37.433
-33.704,-24.979,6.416,-13.36,13.422,-67.187,21.129,-21.006,168.67,125.03,73.234,20.386,26.681,-5.3848,61.237,37.311
-33.704,-24.979,6.416,-13.36,13.422,-67.187,21.129,-21.006,168.67,125.03,73.234,20.386,26.681,-5.3848,61.237,37.311
-33.598,-25.216,6.5431,-13.426,13.108,-67.571,21.054,-21.253,168.46,124.8,73.062,20.211,26.793,-5.5147,61.242,37.185
-33.492,-25.455,6.6697,-13.494,12.793,-67.958,20.978,-21.503,168.24,124.56,72.888,20.034,26.904,-5.6463,61.246,37.056
-33.492,-25.455,6.6697,-13.494,12.793,-67.958,20.978,-21.503,168.24,124.56,72.888,20.034,26.904,-5.6463,61.246,37.056
-33.492,-25.455,6.6697,-13.494,12.793,-67.958,20.978,-21.503,168.24,124.56,72.888,20.034,26.904,-5.6463,61.246,37.056
-33.492,-25.455,6.6697,-13.494,12.793,-67.958,20.978,-21.503,168.24,124.56,72.888,20.034,26.904,-5.6463,61.246,37.056
-33.387,-25.697,6.7957,-13.564,12.478,-68.349,20.9,-21.756,168.02,124.32,72.713,19.854,27.014,-5.7795,61.248,36.925
-33.387,-25.697,6.7957,-13.564,12.478,-68.349,20.9,-21.756,168.02,124.32,72.713,19.854,27.014,-5.7795,61.248,36.925
-33.387,-25.697,6.7957,-13.564,12.478,-68.349,20.9,-21.756,168.02,124.32,72.713,19.854,27.014,-5.7795,61.248,36.925
-33.179,-26.19,7.0462,-13.708,11.845,-69.142,20.739,-22.273,167.57,123.83,72.36,19.487,27.232,-6.0505,61.249,36.655
-33.179,-26.19,7.0462,-13.708,11.845,-69.142,20.739,-22.273,167.57,123.83,72.36,19.487,27.232,-6.0505,61.249,36.655
-33.179,-26.19,7.0462,-13.708,11.845,-69.142,20.739,-22.273,167.57,123.83,72.36,19.487,27.232,-6.0505,61.249,36.655
-33.075,-26.44,7.1708,-13.783,11.528,-69.544,20.657,-22.536,167.34,123.58,72.182,19.299,27.339,-6.1883,61.247,36.516
-33.075,-26.44,7.1708,-13.783,11.528,-69.544,20.657,-22.536,167.34,123.58,72.182,19.299,27.339,-6.1883,61.247,36.516
-32.87,-26.95,7.4185,-13.938,10.893,-70.358,20.488,-23.072,166.87,123.06,71.822,18.918,27.551,-6.4683,61.239,36.231
-32.87,-26.95,7.4185,-13.938,10.893,-70.358,20.488,-23.072,166.87,123.06,71.822,18.918,27.551,-6.4683,61.239,36.231
-32.87,-26.95,7.4185,-13.938,10.893,-70.358,20.488,-23.072,166.87,123.06,71.822,18.918,27.551,-6.4683,61.239,36.231
-32.768,-27.209,7.5418,-14.017,10.574,-70.771,20.401,-23.345,166.63,122.79,71.641,18.724,27.655,-6.6103,61.233,36.084
-32.768,-27.209,7.5418,-14.017,10.574,-70.771,20.401,-23.345,166.63,122.79,71.641,18.724,27.655,-6.6103,61.233,36.084
-32.666,-27.47,7.6646,-14.099,10.255,-71.187,20.313,-23.62,166.39,122.52,71.459,18.527,27.759,-6.7538,61.226,35.936
-32.666,-27.47,7.6646,-14.099,10.255,-71.187,20.313,-23.62,166.39,122.52,71.459,18.527,27.759,-6.7538,61.226,35.936
-32.565,-27.734,7.7872,-14.182,9.9352,-71.606,20.224,-23.899,166.15,122.24,71.275,18.329,27.862,-6.8985,61.217,35.784
-32.565,-27.734,7.7872,-14.182,9.9352,-71.606,20.224,-23.899,166.15,122.24,71.275,18.329,27.862,-6.8985,61.217,35.784
-32.464,-28.001,7.9094,-14.266,9.6152,-72.029,20.134,-24.18,165.91,121.96,71.091,18.128,27.964,-7.0445,61.207,35.631
-32.464,-28.001,7.9094,-14.266,9.6152,-72.029,20.134,-24.18,165.91,121.96,71.091,18.128,27.964,-7.0445,61.207,35.631
-32.364,-28.27,8.0313,-14.352,9.2948,-72.455,20.042,-24.465,165.66,121.67,70.906,17.925,28.065,-7.1918,61.197,35.475
-32.364,-28.27,8.0313,-14.352,9.2948,-72.455,20.042,-24.465,165.66,121.67,70.906,17.925,28.065,-7.1918,61.197,35.475
-32.263,-28.542,8.1529,-14.439,8.9741,-72.884,19.949,-24.752,165.41,121.39,70.719,17.72,28.166,-7.3403,61.184,35.316
-32.263,-28.542,8.1529,-14.439,8.9741,-72.884,19.949,-24.752,165.41,121.39,70.719,17.72,28.166,-7.3403,61.184,35.316
-32.163,-28.816,8.2742,-14.528,8.653,-73.317,19.855,-25.043,165.15,121.09,70.532,17.513,28.265,-7.4899,61.171,35.156
-32.163,-28.816,8.2742,-14.528,8.653,-73.317,19.855,-25.043,165.15,121.09,70.532,17.513,28.265,-7.4899,61.171,35.156
-32.063,-29.092,8.3953,-14.618,8.3316,-73.753,19.76,-25.336,164.9,120.79,70.344,17.304,28.364,-7.6407,61.156,34.993
-32.063,-29.092,8.3953,-14.618,8.3316,-73.753,19.76,-25.336,164.9,120.79,70.344,17.304,28.364,-7.6407,61.156,34.993
-31.963,-29.371,8.5162,-14.709,8.0099,-74.192,19.663,-25.632,164.64,120.49,70.155,17.093,28.463,-7.7925,61.141,34.828
-31.963,-29.371,8.5162,-14.709,8.0099,-74.192,19.663,-25.632,164.64,120.49,70.155,17.093,28.463,-7.7925,61.141,34.828
-31.863,-29.652,8.6369,-14.802,7.688,-74.634,19.566,-25.931,164.38,120.18,69.965,16.88,28.561,-7.9455,61.124,34.661
-31.863,-29.652,8.6369,-14.802,7.688,-74.634,19.566,-25.931,164.38,120.18,69.965,16.88,28.561,-7.9455,61.124,34.661
-31.863,-29.652,8.6369,-14.802,7.688,-74.634,19.566,-25.931,164.38,120.18,69.965,16.88,28.561,-7.9455,61.124,34.661
-31.764,-29.935,8.7575,-14.896,7.3658,-75.079,19.467,-26.233,164.12,119.87,69.775,16.665,28.658,-8.0994,61.106,34.492
-31.664,-30.221,8.8779,-14.991,7.0435,-75.527,19.367,-26.537,163.85,119.56,69.583,16.448,28.754,-8.2543,61.087,34.321
-31.564,-30.509,8.9982,-15.087,6.7209,-75.978,19.267,-26.844,163.58,119.24,69.391,16.23,28.85,-8.4101,61.067,34.148
-31.564,-30.509,8.9982,-15.087,6.7209,-75.978,19.267,-26.844,163.58,119.24,69.391,16.23,28.85,-8.4101,61.067,34.148
-31.465,-30.799,9.1184,-15.185,6.3983,-76.432,19.165,-27.154,163.31,118.91,69.198,16.009,28.945,-8.5669,61.046,33.973
-31.465,-30.799,9.1184,-15.185,6.3983,-76.432,19.165,-27.154,163.31,118.91,69.198,16.009,28.945,-8.5669,61.046,33.973
-31.365,-31.091,9.2385,-15.283,6.0754,-76.889,19.062,-27.467,163.04,118.59,69.004,15.787,29.04,-8.7245,61.024,33.796
-31.365,-31.091,9.2385,-15.283,6.0754,-76.889,19.062,-27.467,163.04,118.59,69.004,15.787,29.04,-8.7245,61.024,33.796
-31.265,-31.385,9.3586,-15.383,5.7525,-77.349,18.959,-27.782,162.77,118.26,68.809,15.563,29.134,-8.8829,61.001,33.618
-31.265,-31.385,9.3586,-15.383,5.7525,-77.349,18.959,-27.782,162.77,118.26,68.809,15.563,29.134,-8.8829,61.001,33.618
-31.265,-31.385,9.3586,-15.383,5.7525,-77.349,18.959,-27.782,162.77,118.26,68.809,15.563,29.134,-8.8829,61.001,33.618
-31.165,-31.681,9.4787,-15.484,5.4296,-77.811,18.854,-28.099,162.49,117.92,68.614,15.337,29.228,-9.0421,60.977,33.437
-31.165,-31.681,9.4787,-15.484,5.4296,-77.811,18.854,-28.099,162.49,117.92,68.614,15.337,29.228,-9.0421,60.977,33.437
-31.165,-31.681,9.4787,-15.484,5.4296,-77.811,18.854,-28.099,162.49,117.92,68.614,15.337,29.228,-9.0421,60.977,33.437
-31.065,-31.979,9.5988,-15.586,5.1066,-78.277,18.749,-28.419,162.21,117.58,68.418,15.11,29.321,-9.202,60.952,33.254
-31.065,-31.979,9.5988,-15.586,5.1066,-78.277,18.749,-28.419,162.21,117.58,68.418,15.11,29.321,-9.202,60.952,33.254
-30.863,-32.58,9.8392,-15.792,4.4606,-79.215,18.535,-29.067,161.64,116.89,68.024,14.65,29.506,-9.5239,60.899,32.884
-30.863,-32.58,9.8392,-15.792,4.4606,-79.215,18.535,-29.067,161.64,116.89,68.024,14.65,29.506,-9.5239,60.899,32.884
-30.863,-32.58,9.8392,-15.792,4.4606,-79.215,18.535,-29.067,161.64,116.89,68.024,14.65,29.506,-9.5239,60.899,32.884
-30.762,-32.884,9.9594,-15.897,4.1376,-79.688,18.427,-29.395,161.35,116.54,67.826,14.418,29.598,-9.6858,60.872,32.697
-30.762,-32.884,9.9594,-15.897,4.1376,-79.688,18.427,-29.395,161.35,116.54,67.826,14.418,29.598,-9.6858,60.872,32.697
-30.661,-33.189,10.08,-16.002,3.8148,-80.164,18.319,-29.725,161.06,116.18,67.628,14.184,29.689,-9.8483,60.843,32.508
-30.661,-33.189,10.08,-16.002,3.8148,-80.164,18.319,-29.725,161.06,116.18,67.628,14.184,29.689,-9.8483,60.843,32.508
-30.559,-33.496,10.2,-16.109,3.492,-80.642,18.209,-30.057,160.77,115.82,67.428,13.949,29.78,-10.011,60.814,32.317
-30.559,-33.496,10.2,-16.109,3.492,-80.642,18.209,-30.057,160.77,115.82,67.428,13.949,29.78,-10.011,60.814,32.317
-30.457,-33.805,10.321,-16.216,3.1694,-81.123,18.099,-30.391,160.47,115.46,67.229,13.712,29.871,-10.175,60.783,32.125
-30.457,-33.805,10.321,-16.216,3.1694,-81.123,18.099,-30.391,160.47,115.46,67.229,13.712,29.871,-10.175,60.783,32.125
-30.355,-34.115,10.442,-16.323,2.847,-81.606,17.988,-30.728,160.18,115.09,67.028,13.474,29.961,-10.339,60.752,31.931
-30.355,-34.115,10.442,-16.323,2.847,-81.606,17.988,-30.728,160.18,115.09,67.028,13.474,29.961,-10.339,60.752,31.931
-30.252,-34.427,10.563,-16.432,2.5247,-82.091,17.877,-31.067,159.88,114.72,66.827,13.235,30.052,-10.503,60.721,31.736
-30.252,-34.427,10.563,-16.432,2.5247,-82.091,17.877,-31.067,159.88,114.72,66.827,13.235,30.052,-10.503,60.721,31.736
-30.148,-34.74,10.684,-16.541,2.2027,-82.579,17.765,-31.409,159.58,114.35,66.626,12.994,30.142,-10.668,60.688,31.539
-30.148,-34.74,10.684,-16.541,2.2027,-82.579,17.765,-31.409,159.58,114.35,66.626,12.994,30.142,-10.668,60.688,31.539
-30.148,-34.74,10.684,-16.541,2.2027,-82.579,17.765,-31.409,159.58,114.35,66.626,12.994,30.142,-10.668,60.688,31.539
-30.044,-35.055,10.806,-16.651,1.8809,-83.068,17.652,-31.752,159.27,113.97,66.424,12.752,30.231,-10.833,60.655,31.341
-30.044,-35.055,10.806,-16.651,1.8809,-83.068,17.652,-31.752,159.27,113.97,66.424,12.752,30.231,-10.833,60.655,31.341
-30.044,-35.055,10.806,-16.651,1.8809,-83.068,17.652,-31.752,159.27,113.97,66.424,12.752,30.231,-10.833,60.655,31.341
-29.835,-35.689,11.05,-16.873,1.2382,-84.054,17.425,-32.445,158.66,113.2,66.019,12.265,30.41,-11.164,60.587,30.941
-29.835,-35.689,11.05,-16.873,1.2382,-84.054,17.425,-32.445,158.66,113.2,66.019,12.265,30.41,-11.164,60.587,30.941
-29.729,-36.008,11.172,-16.984,0.91737,-84.551,17.311,-32.795,158.35,112.82,65.816,12.02,30.499,-11.33,60.551,30.739
-29.729,-36.008,11.172,-16.984,0.91737,-84.551,17.311,-32.795,158.35,112.82,65.816,12.02,30.499,-11.33,60.551,30.739
-29.622,-36.328,11.295,-17.096,0.5969,-85.049,17.196,-33.146,158.03,112.42,65.612,11.773,30.588,-11.496,60.516,30.536
-29.622,-36.328,11.295,-17.096,0.5969,-85.049,17.196,-33.146,158.03,112.42,65.612,11.773,30.588,-11.496,60.516,30.536
-29.515,-36.649,11.418,-17.208,0.27683,-85.549,17.081,-33.5,157.72,112.03,65.408,11.525,30.676,-11.662,60.479,30.332
-29.515,-36.649,11.418,-17.208,0.27683,-85.549,17.081,-33.5,157.72,112.03,65.408,11.525,30.676,-11.662,60.479,30.332
-29.407,-36.972,11.542,-17.321,-0.042817,-86.051,16.965,-33.855,157.4,111.63,65.203,11.277,30.765,-11.828,60.442,30.127
-29.407,-36.972,11.542,-17.321,-0.042817,-86.051,16.965,-33.855,157.4,111.63,65.203,11.277,30.765,-11.828,60.442,30.127
-29.407,-36.972,11.542,-17.321,-0.042817,-86.051,16.965,-33.855,157.4,111.63,65.203,11.277,30.765,-11.828,60.442,30.127
-29.298,-37.296,11.666,-17.434,-0.362,-86.555,16.849,-34.212,157.08,111.23,64.999,11.027,30.854,-11.994,60.405,29.92
-29.298,-37.296,11.666,-17.434,-0.362,-86.555,16.849,-34.212,157.08,111.23,64.999,11.027,30.854,-11.994,60.405,29.92
-29.298,-37.296,11.666,-17.434,-0.362,-86.555,16.849,-34.212,157.08,111.23,64.999,11.027,30.854,-11.994,60.405,29.92
-29.078,-37.946,11.916,-17.662,-0.99886,-87.568,16.616,-34.932,156.43,110.42,64.588,10.525,31.031,-12.327,60.328,29.505
-29.078,-37.946,11.916,-17.662,-0.99886,-87.568,16.616,-34.932,156.43,110.42,64.588,10.525,31.031,-12.327,60.328,29.505
-28.966,-38.273,12.041,-17.776,-1.3165,-88.077,16.499,-35.295,156.1,110,64.382,10.273,31.119,-12.493,60.289,29.295
-28.966,-38.273,12.041,-17.776,-1.3165,-88.077,16.499,-35.295,156.1,110,64.382,10.273,31.119,-12.493,60.289,29.295
-28.854,-38.6,12.167,-17.89,-1.6335,-88.588,16.381,-35.659,155.78,109.59,64.176,10.019,31.207,-12.659,60.249,29.085
-28.74,-38.929,12.294,-18.004,-1.95,-89.1,16.264,-36.025,155.44,109.17,63.97,9.7655,31.296,-12.825,60.209,28.874
-28.74,-38.929,12.294,-18.004,-1.95,-89.1,16.264,-36.025,155.44,109.17,63.97,9.7655,31.296,-12.825,60.209,28.874
-28.74,-38.929,12.294,-18.004,-1.95,-89.1,16.264,-36.025,155.44,109.17,63.97,9.7655,31.296,-12.825,60.209,28.874
-28.626,-39.258,12.421,-18.119,-2.2657,-89.614,16.146,-36.393,155.11,108.75,63.764,9.5108,31.384,-12.99,60.169,28.662
-28.626,-39.258,12.421,-18.119,-2.2657,-89.614,16.146,-36.393,155.11,108.75,63.764,9.5108,31.384,-12.99,60.169,28.662
-28.626,-39.258,12.421,-18.119,-2.2657,-89.614,16.146,-36.393,155.11,108.75,63.764,9.5108,31.384,-12.99,60.169,28.662
-28.51,-39.588,12.549,-18.233,-2.5809,-90.129,16.028,-36.762,154.78,108.33,63.557,9.2555,31.473,-13.155,60.128,28.45
-28.51,-39.588,12.549,-18.233,-2.5809,-90.129,16.028,-36.762,154.78,108.33,63.557,9.2555,31.473,-13.155,60.128,28.45
-28.394,-39.919,12.677,-18.348,-2.8953,-90.645,15.91,-37.133,154.44,107.9,63.35,8.9995,31.561,-13.32,60.087,28.237
-28.394,-39.919,12.677,-18.348,-2.8953,-90.645,15.91,-37.133,154.44,107.9,63.35,8.9995,31.561,-13.32,60.087,28.237
-28.157,-40.582,12.936,-18.577,-3.5219,-91.683,15.674,-37.878,153.75,107.04,62.936,8.4857,31.739,-13.649,60.004,27.808
-28.157,-40.582,12.936,-18.577,-3.5219,-91.683,15.674,-37.878,153.75,107.04,62.936,8.4857,31.739,-13.649,60.004,27.808
-28.157,-40.582,12.936,-18.577,-3.5219,-91.683,15.674,-37.878,153.75,107.04,62.936,8.4857,31.739,-13.649,60.004,27.808
