-3.0857,-0.8467,-1.4761,-0.6951,-4.4384,-0.0144,-0.6584,1.3317,2.2534,1.3799,-0.4658,-0.3749,-4.7265,1.8523,-0.4529,1.2949
-3.0857,-0.8467,-1.4761,-0.6951,-4.4384,-0.0144,-0.6584,1.3317,2.2534,1.3799,-0.4658,-0.3749,-4.7265,1.8523,-0.4529,1.2949
-2.9744,-0.95,-1.5167,-0.6367,-4.4852,0.0022,-0.6584,1.3317,2.5098,1.3228,-0.4412,-0.3893,-4.8651,1.9347,-0.3532,1.2597
-2.9744,-0.95,-1.5167,-0.6367,-4.4852,0.0022,-0.6584,1.3317,2.5098,1.3228,-0.4412,-0.3893,-4.8651,1.9347,-0.3532,1.2597
-2.9744,-0.95,-1.5167,-0.6367,-4.4852,0.0022,-0.6584,1.3317,2.5098,1.3228,-0.4412,-0.3893,-4.8651,1.9347,-0.3532,1.2597
-2.9216,-0.9686,-1.5845,-0.5388,-4.4384,-0.0144,-0.4966,1.2529,2.4151,1.6962,-0.4132,-0.3877,-4.9879,1.9949,-0.0036,1.1572
-2.9216,-0.9686,-1.5845,-0.5388,-4.4384,-0.0144,-0.4966,1.2529,2.4151,1.6962,-0.4132,-0.3877,-4.9879,1.9949,-0.0036,1.1572
-2.9804,-0.8839,-1.6118,-0.4995,-4.2032,-0.0975,-0.4851,1.3139,2.3107,1.7676,-0.4132,-0.3877,-4.9572,1.9505,-0.0424,1.2131
-2.9804,-0.8839,-1.6118,-0.4995,-4.2032,-0.0975,-0.4851,1.3139,2.3107,1.7676,-0.4132,-0.3877,-4.9572,1.9505,-0.0424,1.2131
-2.9275,-0.9026,-1.6197,-0.5264,-4.1085,-0.1309,-0.5563,1.3391,2.1571,1.753,-0.3781,-0.4173,-5.0029,1.8999,-0.1966,1.2887
-2.9275,-0.9026,-1.6197,-0.5264,-4.1085,-0.1309,-0.5563,1.3391,2.1571,1.753,-0.3781,-0.4173,-5.0029,1.8999,-0.1966,1.2887
-2.8549,-0.9496,-1.5573,-0.5781,-4.1364,-0.0907,-0.6074,1.3354,2.1391,1.6226,-0.3377,-0.4545,-5.1167,1.8903,-0.3446,1.3199
-2.8549,-0.9496,-1.5573,-0.5781,-4.1364,-0.0907,-0.6074,1.3354,2.1391,1.6226,-0.3377,-0.4545,-5.1167,1.8903,-0.3446,1.3199
-2.6757,-1.0342,-1.5167,-0.6367,-4.2731,0.0033,-0.729,1.3567,2.2014,1.5328,-0.3325,-0.4621,-5.1167,1.8903,-0.4113,1.3434
-2.6757,-1.0342,-1.5167,-0.6367,-4.2731,0.0033,-0.729,1.3567,2.2014,1.5328,-0.3325,-0.4621,-5.1167,1.8903,-0.4113,1.3434
-2.5687,-1.072,-1.5167,-0.6367,-4.3815,0.0569,-0.7092,1.328,2.2014,1.5328,-0.3535,-0.4317,-5.132,1.9123,-0.4348,1.3412
-2.5687,-1.072,-1.5167,-0.6367,-4.3815,0.0569,-0.7092,1.328,2.2014,1.5328,-0.3535,-0.4317,-5.132,1.9123,-0.4348,1.3412
-2.6276,-0.9872,-1.5383,-0.6438,-4.4943,0.0662,-0.4569,1.1957,2.1391,1.6226,-0.3921,-0.4181,-5.0941,1.9155,-0.4252,1.3273
-2.6276,-0.9872,-1.5383,-0.6438,-4.4943,0.0662,-0.4569,1.1957,2.1391,1.6226,-0.3921,-0.4181,-5.0941,1.9155,-0.4252,1.3273
-2.7065,-0.8734,-1.5167,-0.6367,-4.4803,0.046,-0.334,1.1738,2.1795,1.6424,-0.4114,-0.4113,-4.8575,1.8652,-0.3919,1.3155
-2.7065,-0.8734,-1.5167,-0.6367,-4.4803,0.046,-0.334,1.1738,2.1795,1.6424,-0.4114,-0.4113,-4.8575,1.8652,-0.3919,1.3155
-2.7065,-0.8734,-1.5167,-0.6367,-4.4803,0.046,-0.334,1.1738,2.1795,1.6424,-0.4114,-0.4113,-4.8575,1.8652,-0.3919,1.3155
-2.8805,-0.8549,-1.5329,-0.6898,-4.5506,-0.005,-0.5988,1.2458,2.1481,1.6876,-0.4202,-0.4197,-4.6958,1.8081,-0.3822,1.3015
-3.0991,-0.8847,-1.4792,-0.7673,-4.6206,-0.0558,-0.8605,1.3167,2.0676,1.6479,-0.4429,-0.4288,-4.7805,1.8714,-0.4155,1.3133
-3.0991,-0.8847,-1.4792,-0.7673,-4.6206,-0.0558,-0.8605,1.3167,2.0676,1.6479,-0.4429,-0.4288,-4.7805,1.8714,-0.4155,1.3133
-3.1647,-0.904,-1.4307,-0.799,-4.6854,-0.063,-1.03,1.3337,2.2826,1.5719,-0.4568,-0.4296,-4.8575,1.9824,-0.4155,1.3133
-3.1647,-0.904,-1.4307,-0.799,-4.6854,-0.063,-1.03,1.3337,2.2826,1.5719,-0.4568,-0.4296,-4.8575,1.9824,-0.4155,1.3133
-3.178,-0.9417,-1.4575,-0.7603,-4.7314,-0.0467,-1.1487,1.3542,2.4582,1.4759,-0.4847,-0.4312,-4.9806,2.0427,-0.4487,1.325
-3.178,-0.9417,-1.4575,-0.7603,-4.7314,-0.0467,-1.1487,1.3542,2.4582,1.4759,-0.4847,-0.4312,-4.9806,2.0427,-0.4487,1.325
-3.1258,-0.9601,-1.4896,-0.6757,-4.713,-0.0232,-1.1487,1.3542,2.4582,1.4759,-0.5265,-0.4335,-5.0724,2.0583,-0.3155,1.278
-3.1258,-0.9601,-1.4896,-0.6757,-4.713,-0.0232,-1.1487,1.3542,2.4582,1.4759,-0.5265,-0.4335,-5.0724,2.0583,-0.3155,1.278
-3.0541,-1.0066,-1.5518,-0.6243,-4.6668,-0.0395,-0.9907,1.2769,2.3235,1.5915,-0.5352,-0.4419,-5.0034,2.0171,-0.2055,1.2286
-3.0541,-1.0066,-1.5518,-0.6243,-4.6668,-0.0395,-0.9907,1.2769,2.3235,1.5915,-0.5352,-0.4419,-5.0034,2.0171,-0.2055,1.2286
-3.0541,-1.0066,-1.5518,-0.6243,-4.6668,-0.0395,-0.9907,1.2769,2.3235,1.5915,-0.5352,-0.4419,-5.0034,2.0171,-0.2055,1.2286
-3.087,-1.0161,-1.63,-0.6261,-4.5466,-0.112,-1.0703,1.2411,2.1391,1.6226,-0.6045,-0.4458,-5.0868,1.9629,-0.2628,1.2383
-3.087,-1.0161,-1.63,-0.6261,-4.5466,-0.112,-1.0703,1.2411,2.1391,1.6226,-0.6045,-0.4458,-5.0868,1.9629,-0.2628,1.2383
-3.087,-1.0161,-1.6863,-0.6209,-4.514,-0.1085,-1.0703,1.2411,1.8375,1.5939,-0.663,-0.4649,-5.2753,1.9464,-0.4529,1.2949
-3.1719,-1.0072,-1.6943,-0.6474,-4.5555,-0.0487,-1.1197,1.2373,1.5418,1.5646,-0.6698,-0.4965,-5.4396,1.9548,-0.5988,1.3255
-3.1719,-1.0072,-1.6943,-0.6474,-4.5555,-0.0487,-1.1197,1.2373,1.5418,1.5646,-0.6698,-0.4965,-5.4396,1.9548,-0.5988,1.3255
-2.9823,-1.0531,-1.6594,-0.6597,-4.6111,0.0315,-1.1392,1.2655,1.5723,1.5206,-0.6646,-0.504,-5.4767,1.9514,-0.6317,1.3371
-2.9823,-1.0531,-1.6594,-0.6597,-4.6111,0.0315,-1.1392,1.2655,1.5723,1.5206,-0.6646,-0.504,-5.4767,1.9514,-0.6317,1.3371
-2.8437,-1.0809,-1.6379,-0.6527,-4.5458,0.0388,-0.9515,1.2204,1.7415,1.4277,-0.6388,-0.4791,-5.4396,1.9548,-0.5755,1.3277
-2.8437,-1.0809,-1.6379,-0.6527,-4.5458,0.0388,-0.9515,1.2204,1.7415,1.4277,-0.6388,-0.4791,-5.4396,1.9548,-0.5755,1.3277
-2.7627,-1.0248,-1.6085,-0.619,-4.5411,0.0828,-0.5513,1.1003,1.8811,1.3784,-0.6045,-0.4458,-5.3653,1.9616,-0.4625,1.3089
-2.7627,-1.0248,-1.6085,-0.619,-4.5411,0.0828,-0.5513,1.1003,1.8811,1.3784,-0.6045,-0.4458,-5.3653,1.9616,-0.4625,1.3089
-2.7627,-1.0248,-1.6085,-0.619,-4.5411,0.0828,-0.5513,1.1003,1.8811,1.3784,-0.6045,-0.4458,-5.3653,1.9616,-0.4625,1.3089
-2.7937,-0.8641,-1.5654,-0.6048,-4.4755,0.0901,-0.3264,1.0851,2.0003,1.4359,-0.5283,-0.41,-5.1625,1.9563,-0.3446,1.3199
-2.7937,-0.8641,-1.5654,-0.6048,-4.4755,0.0901,-0.3264,1.0851,2.0003,1.4359,-0.5283,-0.41,-5.1625,1.9563,-0.3446,1.3199
-2.7937,-0.8641,-1.5654,-0.6048,-4.4755,0.0901,-0.3264,1.0851,2.0003,1.4359,-0.5283,-0.41,-5.1625,1.9563,-0.3446,1.3199
-2.9065,-0.7595,-1.4244,-0.6545,-4.3675,0.0367,-0.5875,1.3067,2.1299,1.5581,-0.3817,-0.3701,-4.6488,1.8583,-0.1975,1.3633
-2.9065,-0.7595,-1.4244,-0.6545,-4.3675,0.0367,-0.5875,1.3067,2.1299,1.5581,-0.3817,-0.3701,-4.6488,1.8583,-0.1975,1.3633
-2.9533,-0.8077,-1.2557,-0.7436,-4.3725,-0.0073,-0.7995,1.3816,2.1299,1.5581,-0.3254,-0.3669,-4.6407,1.9058,-0.1931,1.3938
-2.9533,-0.8077,-1.2557,-0.7436,-4.3725,-0.0073,-0.7995,1.3816,2.1299,1.5581,-0.3254,-0.3669,-4.6407,1.9058,-0.1931,1.3938
-2.9533,-0.8077,-1.2557,-0.7436,-4.3725,-0.0073,-0.7995,1.3816,2.1299,1.5581,-0.3254,-0.3669,-4.6407,1.9058,-0.1931,1.3938
-2.9139,-0.8646,-1.1845,-0.7688,-4.3725,-0.0073,-0.8698,1.4064,2.3859,1.5015,-0.2583,-0.3791,-4.7026,1.9951,-0.2029,1.4079
-2.7542,-0.921,-1.1673,-0.7159,-4.3063,-0.0002,-0.8698,1.4064,2.823,1.347,-0.2105,-0.3844,-4.8193,2.1041,-0.1452,1.3982
-2.7542,-0.921,-1.1673,-0.7159,-4.3063,-0.0002,-0.8698,1.4064,2.823,1.347,-0.2105,-0.3844,-4.8193,2.1041,-0.1452,1.3982
-2.7542,-0.921,-1.1673,-0.7159,-4.3063,-0.0002,-0.8698,1.4064,2.823,1.347,-0.2105,-0.3844,-4.8193,2.1041,-0.1452,1.3982
-2.7065,-0.8734,-1.227,-0.5908,-4.2872,0.0236,-0.749,1.3854,2.9392,1.3399,-0.2069,-0.3684,-4.8579,2.1008,-0.0774,1.3742
-2.7065,-0.8734,-1.227,-0.5908,-4.2872,0.0236,-0.749,1.3854,2.9392,1.3399,-0.2069,-0.3684,-4.8579,2.1008,-0.0774,1.3742
-2.6925,-0.8351,-1.2682,-0.5315,-4.1255,-0.0029,-0.6274,1.3642,2.9304,1.5142,-0.1927,-0.3676,-4.9121,2.1199,0.0246,1.3382
-2.6925,-0.8351,-1.2682,-0.5315,-4.1255,-0.0029,-0.6274,1.3642,2.9304,1.5142,-0.1927,-0.3676,-4.9121,2.1199,0.0246,1.3382
-2.5906,-0.806,-1.2378,-0.4973,-3.8662,-0.0638,-0.4336,1.3175,2.7082,1.5927,-0.2211,-0.3691,-4.8884,2.027,-0.0337,1.3481
-2.5906,-0.806,-1.2378,-0.4973,-3.8662,-0.0638,-0.4336,1.3175,2.7082,1.5927,-0.2211,-0.3691,-4.8884,2.027,-0.0337,1.3481
-2.6985,-0.7679,-1.224,-0.5172,-3.8662,-0.0638,-0.505,1.3427,2.3547,1.5464,-0.2424,-0.402,-5.1021,1.985,-0.1975,1.3633
-2.6985,-0.7679,-1.224,-0.5172,-3.8662,-0.0638,-0.505,1.3427,2.3547,1.5464,-0.2424,-0.402,-5.1021,1.985,-0.1975,1.3633
-2.6786,-0.7967,-1.2323,-0.5442,-3.9228,0.0177,-0.505,1.3427,2.1609,1.5134,-0.1965,-0.447,-5.1625,1.9563,-0.3221,1.3967
-2.6786,-0.7967,-1.2323,-0.5442,-3.9228,0.0177,-0.505,1.3427,2.1609,1.5134,-0.1965,-0.447,-5.1625,1.9563,-0.3221,1.3967
-2.6387,-0.8541,-1.2628,-0.5782,-4.0136,0.0962,-0.5563,1.3391,2.0495,1.519,-0.1717,-0.4615,-5.2308,1.9971,-0.3891,1.4204
-2.6387,-0.8541,-1.2628,-0.5782,-4.0136,0.0962,-0.5563,1.3391,2.0495,1.519,-0.1717,-0.4615,-5.2308,1.9971,-0.3891,1.4204
-2.4026,-0.9592,-1.2544,-0.5513,-4.0564,0.1579,-0.5563,1.3391,2.1514,1.4494,-0.1734,-0.4379,-5.2461,2.0192,-0.4225,1.4322
-2.4026,-0.9592,-1.2544,-0.5513,-4.0564,0.1579,-0.5563,1.3391,2.1514,1.4494,-0.1734,-0.4379,-5.2461,2.0192,-0.4225,1.4322
-2.2739,-1.0262,-1.3039,-0.5189,-4.1044,0.1749,-0.4851,1.3139,2.2227,1.4243,-0.2247,-0.3852,-5.2084,2.0226,-0.3793,1.4063
-2.2739,-1.0262,-1.3039,-0.5189,-4.1044,0.1749,-0.4851,1.3139,2.2227,1.4243,-0.2247,-0.3852,-5.2084,2.0226,-0.3793,1.4063
-2.2739,-1.0262,-1.3039,-0.5189,-4.1044,0.1749,-0.4851,1.3139,2.2227,1.4243,-0.2247,-0.3852,-5.2084,2.0226,-0.3793,1.4063
-2.3587,-0.8444,-1.3177,-0.499,-3.9797,0.0997,0.1458,1.1128,2.3449,1.4821,-0.2654,-0.3477,-4.9189,1.9537,-0.2258,1.3308
-2.5564,-0.7964,-1.3835,-0.5207,-4.019,0.0517,-0.0731,1.1901,2.3449,1.4821,-0.3131,-0.3424,-4.6181,1.814,-0.216,1.3168
-2.5564,-0.7964,-1.3835,-0.5207,-4.019,0.0517,-0.0731,1.1901,2.3449,1.4821,-0.3131,-0.3424,-4.6181,1.814,-0.216,1.3168
-2.5564,-0.7964,-1.3835,-0.5207,-4.019,0.0517,-0.0731,1.1901,2.3449,1.4821,-0.3131,-0.3424,-4.6181,1.814,-0.216,1.3168
-2.8532,-0.7783,-1.3862,-0.5941,-4.1872,0.0342,-0.4136,1.2886,2.273,1.5075,-0.3307,-0.3593,-4.5246,1.7977,-0.2496,1.3287
-2.8532,-0.7783,-1.3862,-0.5941,-4.1872,0.0342,-0.4136,1.2886,2.273,1.5075,-0.3307,-0.3593,-4.5246,1.7977,-0.2496,1.3287
-3.0725,-0.8086,-1.3537,-0.6795,-4.3344,0.0403,-0.729,1.3567,2.3041,1.4628,-0.3483,-0.3761,-4.5862,1.8865,-0.2831,1.3405
-3.0725,-0.8086,-1.3537,-0.6795,-4.3344,0.0403,-0.729,1.3567,2.3041,1.4628,-0.3483,-0.3761,-4.5862,1.8865,-0.2831,1.3405
-3.1187,-0.8564,-1.2912,-0.7311,-4.4145,0.0533,-0.9199,1.4025,2.4481,1.4119,-0.3606,-0.4006,-4.7026,1.9951,-0.3069,1.3383
-3.1187,-0.8564,-1.2912,-0.7311,-4.4145,0.0533,-0.9199,1.4025,2.4481,1.4119,-0.3606,-0.4006,-4.7026,1.9951,-0.3069,1.3383
-3.0795,-0.9129,-1.3182,-0.6921,-4.4145,0.0533,-0.83,1.3491,2.6765,1.3988,-0.3693,-0.4089,-4.7881,2.0592,-0.2399,1.3146
-3.0795,-0.9129,-1.3182,-0.6921,-4.4145,0.0533,-0.83,1.3491,2.6765,1.3988,-0.3693,-0.4089,-4.7881,2.0592,-0.2399,1.3146
-2.9744,-0.95,-1.3454,-0.653,-4.3344,0.0403,-0.7598,1.3243,2.6558,1.5082,-0.3781,-0.4173,-4.8809,2.075,-0.139,1.279
-2.9744,-0.95,-1.3454,-0.653,-4.3344,0.0403,-0.7598,1.3243,2.6558,1.5082,-0.3781,-0.4173,-4.8809,2.075,-0.139,1.279
-2.9607,-0.9122,-1.3944,-0.6208,-4.1925,-0.0099,-0.7092,1.328,2.4783,1.6052,-0.3764,-0.4409,-4.9423,2.046,-0.1824,1.3049
-2.9607,-0.9122,-1.3944,-0.6208,-4.1925,-0.0099,-0.7092,1.328,2.4783,1.6052,-0.3764,-0.4409,-4.9423,2.046,-0.1824,1.3049
-2.9607,-0.9122,-1.3944,-0.6208,-4.1925,-0.0099,-0.7092,1.328,2.4783,1.6052,-0.3764,-0.4409,-4.9423,2.046,-0.1824,1.3049
-2.8549,-0.9496,-1.4298,-0.6083,-4.159,-0.0064,-0.7092,1.328,2.3958,1.566,-0.3746,-0.4644,-5.0795,2.0105,-0.2734,1.3265
-2.8549,-0.9496,-1.4298,-0.6083,-4.159,-0.0064,-0.7092,1.328,2.3958,1.566,-0.3746,-0.4644,-5.0795,2.0105,-0.2734,1.3265
-2.8549,-0.9496,-1.4298,-0.6083,-4.159,-0.0064,-0.7092,1.328,2.3958,1.566,-0.3746,-0.4644,-5.0795,2.0105,-0.2734,1.3265
-2.5739,-1.0061,-1.4869,-0.6029,-4.2821,0.0677,-0.6186,1.2744,2.3235,1.5915,-0.4044,-0.4424,-5.14,1.9817,-0.3974,1.3597
-2.5739,-1.0061,-1.4869,-0.6029,-4.2821,0.0677,-0.6186,1.2744,2.3235,1.5915,-0.4044,-0.4424,-5.14,1.9817,-0.3974,1.3597
-2.6331,-0.9208,-1.4869,-0.6029,-4.3625,0.0808,-0.4767,1.2243,2.2514,1.617,-0.4429,-0.4288,-5.0182,1.922,-0.3877,1.3457
-2.6331,-0.9208,-1.4869,-0.6029,-4.3625,0.0808,-0.4767,1.2243,2.2514,1.617,-0.4429,-0.4288,-5.0182,1.922,-0.3877,1.3457
-2.6331,-0.9208,-1.4869,-0.6029,-4.3625,0.0808,-0.4767,1.2243,2.2514,1.617,-0.4429,-0.4288,-5.0182,1.922,-0.3877,1.3457
-2.8273,-0.8737,-1.5383,-0.6438,-4.4803,0.046,-0.6497,1.2423,2.1886,1.7075,-0.4621,-0.422,-4.7498,1.8272,-0.3543,1.3339
-2.8273,-0.8737,-1.5383,-0.6438,-4.4803,0.046,-0.6497,1.2423,2.1886,1.7075,-0.4621,-0.422,-4.7498,1.8272,-0.3543,1.3339
-3.0331,-0.8653,-1.4844,-0.7216,-4.5971,0.0114,-0.9106,1.3129,2.1795,1.6424,-0.5039,-0.4244,-4.7805,1.8714,-0.4016,1.3295
-3.0331,-0.8653,-1.4844,-0.7216,-4.5971,0.0114,-0.9106,1.3129,2.1795,1.6424,-0.5039,-0.4244,-4.7805,1.8714,-0.4016,1.3295
-3.1319,-0.8943,-1.4844,-0.7216,-4.6019,-0.0323,-1.1487,1.3542,2.2826,1.5719,-0.5456,-0.4268,-4.7958,1.8935,-0.4487,1.325
-3.1452,-0.9321,-1.5113,-0.6827,-4.6019,-0.0323,-1.1783,1.3219,2.3235,1.5915,-0.5543,-0.4351,-4.8112,1.9157,-0.3392,1.2758
-3.1452,-0.9321,-1.5113,-0.6827,-4.6019,-0.0323,-1.1783,1.3219,2.3235,1.5915,-0.5543,-0.4351,-4.8112,1.9157,-0.3392,1.2758
-3.1452,-0.9321,-1.5113,-0.6827,-4.6019,-0.0323,-1.1783,1.3219,2.3235,1.5915,-0.5543,-0.4351,-4.8112,1.9157,-0.3392,1.2758
-3.1258,-0.9601,-1.5248,-0.6633,-4.4624,-0.0816,-1.1392,1.2655,2.2921,1.6367,-0.5734,-0.4284,-4.8112,1.9157,-0.2821,1.2662
-3.1258,-0.9601,-1.5248,-0.6633,-4.4624,-0.0816,-1.1392,1.2655,2.2921,1.6367,-0.5734,-0.4284,-4.8112,1.9157,-0.2821,1.2662
-3.1258,-0.9601,-1.5248,-0.6633,-4.4624,-0.0816,-1.1392,1.2655,2.2921,1.6367,-0.5734,-0.4284,-4.8112,1.9157,-0.2821,1.2662
-3.0405,-0.9691,-1.5302,-0.6172,-4.2451,-0.0371,-1.0403,1.2731,2.0186,1.5636,-0.4516,-0.4372,-4.9572,1.9505,-0.3306,1.3361
-3.0405,-0.9691,-1.5302,-0.6172,-4.2451,-0.0371,-1.0403,1.2731,2.0186,1.5636,-0.4516,-0.4372,-4.9572,1.9505,-0.3306,1.3361
-2.7627,-1.0248,-1.4869,-0.6029,-4.1872,0.0342,-0.8712,1.2561,2.0495,1.519,-0.3834,-0.4097,-4.9343,1.9759,-0.2593,1.3427
-2.7627,-1.0248,-1.4869,-0.6029,-4.1872,0.0342,-0.8712,1.2561,2.0495,1.519,-0.3834,-0.4097,-4.9343,1.9759,-0.2593,1.3427
-2.6276,-0.9872,-1.408,-0.6012,-4.1961,0.0989,-0.4174,1.1387,2.1206,1.4939,-0.3342,-0.3753,-4.8959,1.9792,-0.2116,1.3471
-2.6276,-0.9872,-1.408,-0.6012,-4.1961,0.0989,-0.4174,1.1387,2.1206,1.4939,-0.3342,-0.3753,-4.8959,1.9792,-0.2116,1.3471
-2.5507,-0.8636,-1.3643,-0.587,-4.0954,0.1096,-0.2102,1.1517,2.1609,1.5134,-0.2742,-0.3561,-4.6716,1.9504,-0.1496,1.3677
-2.5507,-0.8636,-1.3643,-0.587,-4.0954,0.1096,-0.2102,1.1517,2.1609,1.5134,-0.2742,-0.3561,-4.6716,1.9504,-0.1496,1.3677
-2.5507,-0.8636,-1.3643,-0.587,-4.0954,0.1096,-0.2102,1.1517,2.1609,1.5134,-0.2742,-0.3561,-4.6716,1.9504,-0.1496,1.3677
-2.5906,-0.806,-1.378,-0.5673,-4.0954,0.1096,-0.2179,1.2413,2.3138,1.5269,-0.2424,-0.3385,-4.3739,1.8789,-0.0873,1.3884
-2.5906,-0.806,-1.378,-0.5673,-4.0954,0.1096,-0.2179,1.2413,2.3138,1.5269,-0.2424,-0.3385,-4.3739,1.8789,-0.0873,1.3884
-2.6786,-0.7967,-1.3151,-0.6192,-4.1484,0.082,-0.4737,1.3753,2.3547,1.5464,-0.214,-0.3369,-4.2788,1.8623,-0.039,1.3928
-2.7601,-0.8544,-1.2387,-0.6906,-4.2488,0.0713,-0.6875,1.4508,2.5308,1.4503,-0.1891,-0.3515,-4.3653,1.9268,-0.0631,1.3906
-2.7601,-0.8544,-1.2387,-0.6906,-4.2488,0.0713,-0.6875,1.4508,2.5308,1.4503,-0.1891,-0.3515,-4.3653,1.9268,-0.0631,1.3906
-2.7601,-0.8544,-1.2387,-0.6906,-4.2488,0.0713,-0.6875,1.4508,2.5308,1.4503,-0.1891,-0.3515,-4.3653,1.9268,-0.0631,1.3906
-2.7403,-0.883,-1.1809,-0.6963,-4.2821,0.0677,-0.829,1.5008,2.8342,1.4111,-0.1642,-0.3661,-4.4674,2.0138,-0.0631,1.3906
-2.7403,-0.883,-1.1809,-0.6963,-4.2821,0.0677,-0.829,1.5008,2.8342,1.4111,-0.1642,-0.3661,-4.4674,2.0138,-0.0631,1.3906
-2.7403,-0.883,-1.1809,-0.6963,-4.2821,0.0677,-0.829,1.5008,2.8342,1.4111,-0.1642,-0.3661,-4.4674,2.0138,-0.0631,1.3906
-2.6189,-0.8827,-1.2323,-0.5442,-4.2629,0.0917,-0.7583,1.4758,3.1112,1.4159,-0.1589,-0.3737,-4.7574,2.1333,0.1026,1.3
-2.6189,-0.8827,-1.2323,-0.5442,-4.2629,0.0917,-0.7583,1.4758,3.1112,1.4159,-0.1589,-0.3737,-4.7574,2.1333,0.1026,1.3
-2.6189,-0.8827,-1.2323,-0.5442,-4.2629,0.0917,-0.7583,1.4758,3.1112,1.4159,-0.1589,-0.3737,-4.7574,2.1333,0.1026,1.3
-2.6047,-0.8445,-1.224,-0.5172,-4.0386,0.0278,-0.5964,1.3968,2.9202,1.6912,-0.1536,-0.3814,-4.7962,2.13,0.171,1.2758
-2.6047,-0.8445,-1.224,-0.5172,-4.0386,0.0278,-0.5964,1.3968,2.9202,1.6912,-0.1536,-0.3814,-4.7962,2.13,0.171,1.2758
-2.6446,-0.787,-1.1659,-0.5227,-3.7495,-0.0743,-0.5251,1.3716,2.6547,1.7502,-0.1767,-0.3906,-4.8268,2.0559,0.0783,1.2979
-2.6446,-0.787,-1.1659,-0.5227,-3.7495,-0.0743,-0.5251,1.3716,2.6547,1.7502,-0.1767,-0.3906,-4.8268,2.0559,0.0783,1.2979
-2.6786,-0.7967,-1.1521,-0.5426,-3.7152,-0.0711,-0.505,1.3427,2.3015,1.702,-0.1893,-0.415,-4.9725,1.9727,-0.1202,1.3254
-2.6925,-0.8351,-1.1468,-0.5893,-3.8063,0.0075,-0.5364,1.3103,2.1078,1.6677,-0.1592,-0.4372,-5.0488,1.9662,-0.2355,1.3449
-2.6925,-0.8351,-1.1468,-0.5893,-3.8063,0.0075,-0.5364,1.3103,2.1078,1.6677,-0.1592,-0.4372,-5.0488,1.9662,-0.2355,1.3449
-2.5452,-0.9304,-1.1468,-0.5893,-3.8347,0.0485,-0.5875,1.3067,2.0275,1.6281,-0.1645,-0.4296,-5.0868,1.9629,-0.3835,1.376
-2.5452,-0.9304,-1.1468,-0.5893,-3.8347,0.0485,-0.5875,1.3067,2.0275,1.6281,-0.1645,-0.4296,-5.0868,1.9629,-0.3835,1.376
-2.4714,-0.978,-1.1827,-0.5766,-3.9457,0.1033,-0.4966,1.2529,2.1299,1.5581,-0.1857,-0.399,-5.0642,1.9883,-0.4071,1.3737
-2.4714,-0.978,-1.1827,-0.5766,-3.9457,0.1033,-0.4966,1.2529,2.1299,1.5581,-0.1857,-0.399,-5.0642,1.9883,-0.4071,1.3737
-2.4714,-0.978,-1.2544,-0.5513,-3.9797,0.0997,-0.1183,1.0976,2.2324,1.4881,-0.2406,-0.3622,-5.0107,1.9694,-0.3543,1.3339
-2.4714,-0.978,-1.2544,-0.5513,-3.9797,0.0997,-0.1183,1.0976,2.2324,1.4881,-0.2406,-0.3622,-5.0107,1.9694,-0.3543,1.3339
-2.5308,-0.8922,-1.2902,-0.5387,-3.9315,0.0827,0.0794,1.0494,2.2324,1.4881,-0.2548,-0.363,-4.8112,1.9157,-0.3015,1.2941
-2.5308,-0.8922,-1.2902,-0.5387,-3.9315,0.0827,0.0794,1.0494,2.2324,1.4881,-0.2548,-0.363,-4.8112,1.9157,-0.3015,1.2941
-2.7263,-0.8448,-1.3424,-0.5799,-3.9852,0.0552,-0.0857,1.1294,2.2324,1.4881,-0.3113,-0.3661,-4.5944,1.8391,-0.3155,1.278
-2.7263,-0.8448,-1.3424,-0.5799,-3.9852,0.0552,-0.0857,1.1294,2.2324,1.4881,-0.3113,-0.3661,-4.5944,1.8391,-0.3155,1.278
-2.7263,-0.8448,-1.3424,-0.5799,-3.9852,0.0552,-0.0857,1.1294,2.2324,1.4881,-0.3113,-0.3661,-4.5944,1.8391,-0.3155,1.278
-2.7263,-0.8448,-1.3424,-0.5799,-3.9852,0.0552,-0.0857,1.1294,2.2324,1.4881,-0.3113,-0.3661,-4.5944,1.8391,-0.3155,1.278
-2.7263,-0.8448,-1.3424,-0.5799,-3.9852,0.0552,-0.0857,1.1294,2.2324,1.4881,-0.3113,-0.3661,-4.5944,1.8391,-0.3155,1.278
-3.1842,-0.8759,-1.3485,-0.7255,-4.3484,0.0605,-0.7995,1.3816,2.0186,1.5636,-0.3658,-0.3929,-4.6407,1.9058,-0.4155,1.3133
-3.1842,-0.8759,-1.3485,-0.7255,-4.3484,0.0605,-0.7995,1.3816,2.0186,1.5636,-0.3658,-0.3929,-4.6407,1.9058,-0.4155,1.3133
-3.1842,-0.8759,-1.3485,-0.7255,-4.3484,0.0605,-0.7995,1.3816,2.0186,1.5636,-0.3658,-0.3929,-4.6407,1.9058,-0.4155,1.3133
-3.1064,-0.9882,-1.3839,-0.7131,-4.4286,0.0735,-0.9199,1.4025,2.6238,1.3161,-0.4062,-0.4189,-4.8965,2.0975,-0.3822,1.3015
-3.1064,-0.9882,-1.3839,-0.7131,-4.4286,0.0735,-0.9199,1.4025,2.6238,1.3161,-0.4062,-0.4189,-4.8965,2.0975,-0.3822,1.3015
-3.1064,-0.9882,-1.3839,-0.7131,-4.4286,0.0735,-0.9199,1.4025,2.6238,1.3161,-0.4062,-0.4189,-4.8965,2.0975,-0.3822,1.3015
-3.0735,-0.9786,-1.4244,-0.6545,-4.3956,0.0772,-0.7796,1.3529,2.7076,1.354,-0.4149,-0.4272,-4.9505,2.1165,-0.239,1.2404
-3.0735,-0.9786,-1.4244,-0.6545,-4.3956,0.0772,-0.7796,1.3529,2.7076,1.354,-0.4149,-0.4272,-4.9505,2.1165,-0.239,1.2404
-3.0735,-0.9786,-1.4244,-0.6545,-4.3956,0.0772,-0.7796,1.3529,2.7076,1.354,-0.4149,-0.4272,-4.9505,2.1165,-0.239,1.2404
-3.027,-0.9314,-1.5518,-0.6243,-4.145,-0.0267,-0.7995,1.3816,2.4564,1.7162,-0.4463,-0.4447,-4.9961,2.065,-0.1816,1.2307
-3.027,-0.9314,-1.5518,-0.6243,-4.145,-0.0267,-0.7995,1.3816,2.4564,1.7162,-0.4463,-0.4447,-4.9961,2.065,-0.1816,1.2307
-3.027,-0.9314,-1.5734,-0.6314,-4.0833,-0.0637,-0.7995,1.3816,2.2607,1.6821,-0.483,-0.4546,-5.0642,1.9883,-0.3252,1.2919
-3.027,-0.9314,-1.5734,-0.6314,-4.0833,-0.0637,-0.7995,1.3816,2.2607,1.6821,-0.483,-0.4546,-5.0642,1.9883,-0.3252,1.2919
-3.027,-0.9314,-1.5734,-0.6314,-4.0833,-0.0637,-0.7995,1.3816,2.2607,1.6821,-0.483,-0.4546,-5.0642,1.9883,-0.3252,1.2919
-3.0795,-0.9129,-1.5464,-0.6703,-4.1309,-0.0469,-0.83,1.3491,1.9875,1.6084,-0.4655,-0.5006,-5.2378,1.9497,-0.5287,1.3323
-3.0795,-0.9129,-1.5464,-0.6703,-4.1309,-0.0469,-0.83,1.3491,1.9875,1.6084,-0.4655,-0.5006,-5.2378,1.9497,-0.5287,1.3323
-3.0075,-0.9596,-1.5545,-0.6968,-4.2065,0.0104,-0.8803,1.3453,2.0095,1.4996,-0.4203,-0.545,-5.2449,1.9025,-0.5658,1.3138
-3.0075,-0.9596,-1.5545,-0.6968,-4.2065,0.0104,-0.8803,1.3453,2.0095,1.4996,-0.4203,-0.545,-5.2449,1.9025,-0.5658,1.3138
-2.8631,-1.0529,-1.5411,-0.7162,-4.3625,0.0808,-0.9106,1.3129,2.1111,1.4302,-0.4446,-0.5307,-5.2601,1.9245,-0.6125,1.3093
-2.8631,-1.0529,-1.5411,-0.7162,-4.3625,0.0808,-0.9106,1.3129,2.1111,1.4302,-0.4446,-0.5307,-5.2601,1.9245,-0.6125,1.3093
-2.8631,-1.0529,-1.5411,-0.7162,-4.3625,0.0808,-0.9106,1.3129,2.1111,1.4302,-0.4446,-0.5307,-5.2601,1.9245,-0.6125,1.3093
-2.8297,-1.0436,-1.6245,-0.6721,-4.5224,0.1067,-0.661,1.1819,2.1609,1.5134,-0.5056,-0.4637,-5.2002,1.953,-0.5466,1.2861
-2.8297,-1.0436,-1.6245,-0.6721,-4.5224,0.1067,-0.661,1.1819,2.1609,1.5134,-0.5056,-0.4637,-5.2002,1.953,-0.5466,1.2861
-2.8297,-1.0436,-1.6245,-0.6721,-4.5224,0.1067,-0.661,1.1819,2.1609,1.5134,-0.5056,-0.4637,-5.2002,1.953,-0.5466,1.2861
-2.9275,-0.9026,-1.63,-0.6261,-4.4755,0.0901,-0.5396,1.1604,2.2826,1.5719,-0.4656,-0.4379,-4.9035,1.9316,-0.4432,1.281
-2.9275,-0.9026,-1.63,-0.6261,-4.4755,0.0901,-0.5396,1.1604,2.2826,1.5719,-0.4656,-0.4379,-4.9035,1.9316,-0.4432,1.281
-2.9668,-0.8459,-1.63,-0.6261,-4.3815,0.0569,-0.6299,1.2138,2.3644,1.6112,-0.4062,-0.4189,-4.5161,1.845,-0.3155,1.278
-2.9668,-0.8459,-1.63,-0.6261,-4.3815,0.0569,-0.6299,1.2138,2.3644,1.6112,-0.4062,-0.4189,-4.5161,1.845,-0.3155,1.278
-3.1319,-0.8943,-1.4275,-0.727,-4.4005,0.0331,-0.9803,1.3376,2.437,1.5856,-0.2566,-0.4028,-4.3653,1.9268,-0.1966,1.2887
-3.1319,-0.8943,-1.4275,-0.727,-4.4005,0.0331,-0.9803,1.3376,2.437,1.5856,-0.2566,-0.4028,-4.3653,1.9268,-0.1966,1.2887
-3.1319,-0.8943,-1.4275,-0.727,-4.4005,0.0331,-0.9803,1.3376,2.437,1.5856,-0.2566,-0.4028,-4.3653,1.9268,-0.1966,1.2887
-3.1319,-0.8943,-1.3839,-0.7131,-4.3344,0.0403,-1.0497,1.3621,2.6558,1.5082,-0.1963,-0.3837,-4.4593,2.0622,-0.1584,1.307
-3.1319,-0.8943,-1.3839,-0.7131,-4.3344,0.0403,-1.0497,1.3621,2.6558,1.5082,-0.1963,-0.3837,-4.4593,2.0622,-0.1584,1.307
-3.1319,-0.8943,-1.3839,-0.7131,-4.3344,0.0403,-1.0497,1.3621,2.6558,1.5082,-0.1963,-0.3837,-4.4593,2.0622,-0.1584,1.307
-3.1319,-0.8943,-1.3839,-0.7131,-4.3344,0.0403,-1.0497,1.3621,2.6558,1.5082,-0.1963,-0.3837,-4.4593,2.0622,-0.1584,1.307
-2.9216,-0.9686,-1.506,-0.5369,-4.3153,0.0641,-0.9605,1.3091,2.7714,1.5016,-0.1785,-0.3668,-4.5459,2.1271,-0.0187,1.2895
-2.9216,-0.9686,-1.506,-0.5369,-4.3153,0.0641,-0.9605,1.3091,2.7714,1.5016,-0.1785,-0.3668,-4.5459,2.1271,-0.0187,1.2895
-2.9216,-0.9686,-1.5413,-0.5244,-4.1255,-0.0029,-0.8712,1.2561,2.7082,1.5927,-0.1927,-0.3676,-4.5145,2.0817,0.0395,1.2796
-2.9216,-0.9686,-1.5413,-0.5244,-4.1255,-0.0029,-0.8712,1.2561,2.7082,1.5927,-0.1927,-0.3676,-4.5145,2.0817,0.0395,1.2796
-2.9216,-0.9686,-1.5413,-0.5244,-4.1255,-0.0029,-0.8712,1.2561,2.7082,1.5927,-0.1927,-0.3676,-4.5145,2.0817,0.0395,1.2796
-2.9021,-0.9968,-1.563,-0.5316,-3.9202,-0.0908,-0.8712,1.2561,2.4783,1.6052,-0.23,-0.3776,-4.6167,2.0496,-0.0284,1.3036
-2.9021,-0.9968,-1.563,-0.5316,-3.9202,-0.0908,-0.8712,1.2561,2.4783,1.6052,-0.23,-0.3776,-4.6167,2.0496,-0.0284,1.3036
-2.9021,-0.9968,-1.563,-0.5316,-3.9202,-0.0908,-0.8712,1.2561,2.4783,1.6052,-0.23,-0.3776,-4.6167,2.0496,-0.0284,1.3036
-3.0075,-0.9596,-1.5654,-0.6048,-3.9202,-0.0908,-0.9803,1.3376,1.9696,1.4802,-0.2778,-0.4355,-4.9497,1.9982,-0.3459,1.3945
-3.0075,-0.9596,-1.5654,-0.6048,-3.9202,-0.0908,-0.9803,1.3376,1.9696,1.4802,-0.2778,-0.4355,-4.9497,1.9982,-0.3459,1.3945
-3.0075,-0.9596,-1.5654,-0.6048,-3.9202,-0.0908,-0.9803,1.3376,1.9696,1.4802,-0.2778,-0.4355,-4.9497,1.9982,-0.3459,1.3945
-2.988,-0.9877,-1.5383,-0.6438,-4.0724,0.0243,-0.9803,1.3376,1.8506,1.4223,-0.2814,-0.4515,-5.0949,2.0327,-0.4266,1.4018
-2.988,-0.9877,-1.5383,-0.6438,-4.0724,0.0243,-0.9803,1.3376,1.8506,1.4223,-0.2814,-0.4515,-5.0949,2.0327,-0.4266,1.4018
-2.988,-0.9877,-1.5383,-0.6438,-4.0724,0.0243,-0.9803,1.3376,1.8506,1.4223,-0.2814,-0.4515,-5.0949,2.0327,-0.4266,1.4018
-2.988,-0.9877,-1.5383,-0.6438,-4.0724,0.0243,-0.9803,1.3376,1.8506,1.4223,-0.2814,-0.4515,-5.0949,2.0327,-0.4266,1.4018
-2.5101,-1.1565,-1.4896,-0.6757,-4.2387,0.1602,-0.9106,1.3129,2.2129,1.3608,-0.3042,-0.3975,-5.0724,2.0583,-0.2929,1.3545
-2.5101,-1.1565,-1.4896,-0.6757,-4.2387,0.1602,-0.9106,1.3129,2.2129,1.3608,-0.3042,-0.3975,-5.0724,2.0583,-0.2929,1.3545
-2.3878,-1.1572,-1.4462,-0.6616,-4.2529,0.1807,-0.5082,1.1923,2.3556,1.3104,-0.3448,-0.3601,-5.0878,2.0806,-0.1584,1.307
-2.3878,-1.1572,-1.4462,-0.6616,-4.2529,0.1807,-0.5082,1.1923,2.3556,1.3104,-0.3448,-0.3601,-5.0878,2.0806,-0.1584,1.307
-2.5201,-1.0251,-1.4598,-0.6421,-4.3195,0.1733,-0.2029,1.0629,2.4069,1.3928,-0.3554,-0.3448,-4.9961,2.065,-0.091,1.2832
-2.5201,-1.0251,-1.4598,-0.6421,-4.3195,0.1733,-0.2029,1.0629,2.4069,1.3928,-0.3554,-0.3448,-4.9961,2.065,-0.091,1.2832
-2.6387,-0.8541,-1.4652,-0.5958,-4.2103,0.1193,-0.0064,1.015,2.4582,1.4759,-0.3554,-0.3448,-4.726,1.9696,-0.0669,1.2853
-2.6387,-0.8541,-1.4652,-0.5958,-4.2103,0.1193,-0.0064,1.015,2.4582,1.4759,-0.3554,-0.3448,-4.726,1.9696,-0.0669,1.2853
-2.9533,-0.8077,-1.5031,-0.6562,-4.2731,0.0033,-0.5478,1.2494,2.2921,1.6367,-0.3571,-0.3845,-4.4529,1.8731,-0.154,1.3373
-2.9533,-0.8077,-1.5031,-0.6562,-4.2731,0.0033,-0.5478,1.2494,2.2921,1.6367,-0.3571,-0.3845,-4.4529,1.8731,-0.154,1.3373
-2.9533,-0.8077,-1.5031,-0.6562,-4.2731,0.0033,-0.5478,1.2494,2.2921,1.6367,-0.3571,-0.3845,-4.4529,1.8731,-0.154,1.3373
-3.0331,-0.8653,-1.4492,-0.734,-4.3255,-0.0239,-0.8605,1.3167,2.3958,1.566,-0.35,-0.4158,-4.5543,1.9596,-0.2019,1.333
-3.0331,-0.8653,-1.4492,-0.734,-4.3255,-0.0239,-0.8605,1.3167,2.3958,1.566,-0.35,-0.4158,-4.5543,1.9596,-0.2019,1.333
-2.9548,-0.9782,-1.4709,-0.741,-4.3586,-0.0274,-1.0993,1.3582,2.7496,1.373,-0.3623,-0.4401,-4.7337,2.04,-0.2734,1.3265
-2.9353,-1.0063,-1.5113,-0.6827,-4.3725,-0.0073,-1.2373,1.4069,3.0325,1.2054,-0.4044,-0.4424,-4.9194,2.0717,-0.2778,1.2963
-2.9353,-1.0063,-1.5113,-0.6827,-4.3725,-0.0073,-1.2373,1.4069,3.0325,1.2054,-0.4044,-0.4424,-4.9194,2.0717,-0.2778,1.2963
-2.9353,-1.0063,-1.5113,-0.6827,-4.3725,-0.0073,-1.2373,1.4069,3.0325,1.2054,-0.4044,-0.4424,-4.9194,2.0717,-0.2778,1.2963
-2.8492,-1.0155,-1.5789,-0.5852,-4.4005,0.0331,-1.1684,1.3826,3.0015,1.2501,-0.4568,-0.4296,-5.0497,2.084,-0.1913,1.2446
-2.8492,-1.0155,-1.5789,-0.5852,-4.4005,0.0331,-1.1684,1.3826,3.0015,1.2501,-0.4568,-0.4296,-5.0497,2.084,-0.1913,1.2446
-2.8492,-1.0155,-1.5789,-0.5852,-4.4005,0.0331,-1.1684,1.3826,3.0015,1.2501,-0.4568,-0.4296,-5.0497,2.084,-0.1913,1.2446
-2.8883,-0.9591,-1.6061,-0.546,-4.3344,0.0403,-0.9409,1.2807,2.8028,1.4563,-0.4708,-0.4304,-5.1412,2.0995,-0.0711,1.1811
-2.9079,-0.9309,-1.5709,-0.5585,-4.0974,-0.0435,-0.8013,1.2314,2.4881,1.6704,-0.4934,-0.4395,-5.1483,2.0515,-0.1048,1.193
-2.9079,-0.9309,-1.5709,-0.5585,-4.0974,-0.0435,-0.8013,1.2314,2.4881,1.6704,-0.4934,-0.4395,-5.1483,2.0515,-0.1048,1.193
-3.0135,-0.8936,-1.5221,-0.5905,-4.016,-0.0569,-0.821,1.2598,2.1078,1.6677,-0.5386,-0.4577,-5.1849,1.931,-0.3102,1.234
-3.0135,-0.8936,-1.5221,-0.5905,-4.016,-0.0569,-0.821,1.2598,2.1078,1.6677,-0.5386,-0.4577,-5.1849,1.931,-0.3102,1.234
-3.0135,-0.8936,-1.5221,-0.5905,-4.016,-0.0569,-0.821,1.2598,2.1078,1.6677,-0.5386,-0.4577,-5.1849,1.931,-0.3102,1.234
-3.0075,-0.9596,-1.5518,-0.6243,-4.1114,-0.0232,-0.8515,1.2278,1.9167,1.6334,-0.5316,-0.4886,-5.2975,1.9211,-0.4902,1.2766
-3.0075,-0.9596,-1.5518,-0.6243,-4.1114,-0.0232,-0.8515,1.2278,1.9167,1.6334,-0.5316,-0.4886,-5.2975,1.9211,-0.4902,1.2766
-3.0075,-0.9596,-1.5518,-0.6243,-4.1114,-0.0232,-0.8515,1.2278,1.9167,1.6334,-0.5316,-0.4886,-5.2975,1.9211,-0.4902,1.2766
-3.0075,-0.9596,-1.5518,-0.6243,-4.1114,-0.0232,-0.8515,1.2278,1.9167,1.6334,-0.5316,-0.4886,-5.2975,1.9211,-0.4902,1.2766
-2.9159,-1.0343,-1.63,-0.6261,-4.268,0.0474,-0.692,1.1501,1.8289,1.5299,-0.6131,-0.4542,-5.3198,1.896,-0.6397,1.2771
-2.9159,-1.0343,-1.63,-0.6261,-4.268,0.0474,-0.692,1.1501,1.8289,1.5299,-0.6131,-0.4542,-5.3198,1.896,-0.6397,1.2771
-3.0075,-0.9596,-1.6729,-0.6403,-4.2399,0.0069,-0.5513,1.1003,1.8595,1.4857,-0.6649,-0.4415,-5.1618,1.8402,-0.6206,1.2495
-3.2107,-0.9513,-1.7448,-0.688,-4.3725,-0.0073,-0.7425,1.1466,1.8902,1.4415,-0.7062,-0.444,-4.9878,1.7622,-0.6669,1.2451
-3.2107,-0.9513,-1.7448,-0.688,-4.3725,-0.0073,-0.7425,1.1466,1.8902,1.4415,-0.7062,-0.444,-4.9878,1.7622,-0.6669,1.2451
-3.4948,-0.9351,-1.7607,-0.7406,-4.5645,0.015,-1.0703,1.2411,1.8595,1.4857,-0.6872,-0.4507,-4.9267,1.7901,-0.6861,1.2727
-3.4948,-0.9351,-1.7607,-0.7406,-4.5645,0.015,-1.0703,1.2411,1.8595,1.4857,-0.6872,-0.4507,-4.9267,1.7901,-0.6861,1.2727
-3.6097,-0.9364,-1.6781,-0.7843,-4.625,0.0515,-1.1392,1.2655,1.9696,1.4802,-0.6407,-0.4558,-4.98,1.9252,-0.6629,1.2749
-3.6097,-0.9364,-1.6781,-0.7843,-4.625,0.0515,-1.1392,1.2655,1.9696,1.4802,-0.6407,-0.4558,-4.98,1.9252,-0.6629,1.2749
-3.5395,-0.9821,-1.6353,-0.7704,-4.5924,0.0552,-1.1587,1.2936,2.4069,1.3928,-0.549,-0.4427,-4.9806,2.0427,-0.5466,1.2861
-3.5395,-0.9821,-1.6353,-0.7704,-4.5924,0.0552,-1.1587,1.2936,2.4069,1.3928,-0.549,-0.4427,-4.9806,2.0427,-0.5466,1.2861
-3.3858,-1.0364,-1.6325,-0.6985,-4.5411,0.0828,-0.9409,1.2807,2.7076,1.354,-0.4429,-0.4288,-4.9505,2.1165,-0.3865,1.2715
-3.3858,-1.0364,-1.6325,-0.6985,-4.5411,0.0828,-0.9409,1.2807,2.7076,1.354,-0.4429,-0.4288,-4.9505,2.1165,-0.3865,1.2715
-3.2179,-1.0539,-1.63,-0.6261,-4.4145,0.0533,-0.8407,1.2883,2.7714,1.5016,-0.3693,-0.4089,-4.9277,2.1424,-0.1481,1.2188
-3.2179,-1.0539,-1.63,-0.6261,-4.4145,0.0533,-0.8407,1.2883,2.7714,1.5016,-0.3693,-0.4089,-4.9277,2.1424,-0.1481,1.2188
-3.0676,-1.044,-1.6491,-0.5604,-4.2065,0.0104,-0.7598,1.3243,2.6029,1.6644,-0.3377,-0.3914,-4.8735,2.1233,-0.0858,1.239
-3.0676,-1.044,-1.6491,-0.5604,-4.2065,0.0104,-0.7598,1.3243,2.6029,1.6644,-0.3377,-0.3914,-4.8735,2.1233,-0.0858,1.239
-2.9685,-1.0157,-1.6412,-0.5336,-3.9822,-0.0536,-0.6783,1.3604,2.4151,1.6962,-0.3236,-0.3906,-4.8809,2.075,-0.115,1.2811
-2.9685,-1.0157,-1.6412,-0.5336,-3.9822,-0.0536,-0.6783,1.3604,2.4151,1.6962,-0.3236,-0.3906,-4.8809,2.075,-0.115,1.2811
-2.9685,-1.0157,-1.6276,-0.5532,-3.9483,-0.0502,-0.749,1.3854,2.1481,1.6876,-0.2549,-0.4264,-5.0188,2.0394,-0.2734,1.3265
-2.9685,-1.0157,-1.6276,-0.5532,-3.9483,-0.0502,-0.749,1.3854,2.1481,1.6876,-0.2549,-0.4264,-5.0188,2.0394,-0.2734,1.3265
-2.9685,-1.0157,-1.6005,-0.5923,-4.0386,0.0278,-0.7995,1.3816,2.0988,1.6029,-0.186,-0.4622,-5.0795,2.0105,-0.2972,1.3243
-2.9685,-1.0157,-1.6005,-0.5923,-4.0386,0.0278,-0.7995,1.3816,2.0988,1.6029,-0.186,-0.4622,-5.0795,2.0105,-0.2972,1.3243
-2.8103,-1.0716,-1.5734,-0.6314,-4.1626,0.1024,-0.7796,1.3529,2.1299,1.5581,-0.186,-0.4622,-5.0642,1.9883,-0.3543,1.3339
-2.8103,-1.0716,-1.5734,-0.6314,-4.1626,0.1024,-0.7796,1.3529,2.1299,1.5581,-0.186,-0.4622,-5.0642,1.9883,-0.3543,1.3339
-2.8103,-1.0716,-1.5734,-0.6314,-4.1626,0.1024,-0.7796,1.3529,2.1299,1.5581,-0.186,-0.4622,-5.0642,1.9883,-0.3543,1.3339
-2.7042,-1.1091,-1.595,-0.6385,-4.2912,0.1325,-0.7092,1.328,2.1391,1.6226,-0.2071,-0.4318,-5.0107,1.9694,-0.3446,1.3199
-2.7042,-1.1091,-1.595,-0.6385,-4.2912,0.1325,-0.7092,1.328,2.1391,1.6226,-0.2071,-0.4318,-5.0107,1.9694,-0.3446,1.3199
-2.7042,-1.1091,-1.595,-0.6385,-4.2912,0.1325,-0.7092,1.328,2.1391,1.6226,-0.2071,-0.4318,-5.0107,1.9694,-0.3446,1.3199
-2.9139,-0.8646,-1.6165,-0.6456,-4.5177,0.151,-0.4371,1.1672,2.2292,1.7275,-0.2619,-0.3951,-4.7726,1.9188,-0.3015,1.2941
-2.9139,-0.8646,-1.6165,-0.6456,-4.5177,0.151,-0.4371,1.1672,2.2292,1.7275,-0.2619,-0.3951,-4.7726,1.9188,-0.3015,1.2941
-2.9866,-0.8174,-1.6514,-0.6332,-4.4755,0.0901,-0.4569,1.1957,2.374,1.6763,-0.2672,-0.3875,-4.4768,1.8479,-0.2778,1.2963
-2.9866,-0.8174,-1.6514,-0.6332,-4.4755,0.0901,-0.4569,1.1957,2.374,1.6763,-0.2672,-0.3875,-4.4768,1.8479,-0.2778,1.2963
-2.9866,-0.8174,-1.6514,-0.6332,-4.4755,0.0901,-0.4569,1.1957,2.374,1.6763,-0.2672,-0.3875,-4.4768,1.8479,-0.2778,1.2963
-3.1054,-0.8184,-1.6245,-0.6721,-4.4991,0.0223,-0.7598,1.3243,2.374,1.6763,-0.2424,-0.402,-4.3119,1.7896,-0.2443,1.2844
-3.1054,-0.8184,-1.6245,-0.6721,-4.4991,0.0223,-0.7598,1.3243,2.374,1.6763,-0.2424,-0.402,-4.3119,1.7896,-0.2443,1.2844
-3.3015,-0.8769,-1.5708,-0.7495,-4.6621,0.0041,-1.1388,1.4151,2.374,1.6763,-0.2566,-0.4028,-4.3979,1.8537,-0.2443,1.2844
-3.3469,-0.9243,-1.5574,-0.7688,-4.6945,0.0005,-1.2373,1.4069,2.4783,1.6052,-0.2707,-0.4035,-4.5306,1.9852,-0.2778,1.2963
-3.3598,-0.9618,-1.5842,-0.7302,-4.7268,-0.0032,-1.3548,1.427,2.6978,1.5276,-0.2901,-0.3967,-4.6871,2.0915,-0.3112,1.3081
-3.3598,-0.9618,-1.5842,-0.7302,-4.7268,-0.0032,-1.3548,1.427,2.6978,1.5276,-0.2901,-0.3967,-4.6871,2.0915,-0.3112,1.3081
-3.3598,-0.9618,-1.5842,-0.7302,-4.7268,-0.0032,-1.3548,1.427,2.6978,1.5276,-0.2901,-0.3967,-4.6871,2.0915,-0.3112,1.3081
-3.2889,-1.0079,-1.6649,-0.6138,-4.7407,0.0168,-1.4035,1.4228,2.8766,1.4302,-0.3236,-0.3906,-4.7805,2.1075,-0.2443,1.2844
-3.2889,-1.0079,-1.6649,-0.6138,-4.7407,0.0168,-1.4035,1.4228,2.8766,1.4302,-0.3236,-0.3906,-4.7805,2.1075,-0.2443,1.2844
-3.2889,-1.0079,-1.6649,-0.6138,-4.7407,0.0168,-1.4035,1.4228,2.8766,1.4302,-0.3236,-0.3906,-4.7805,2.1075,-0.2443,1.2844
-3.2504,-1.0634,-1.7191,-0.5357,-4.7407,0.0168,-1.247,1.3462,2.7714,1.5016,-0.3518,-0.3922,-4.9121,2.1199,-0.0567,1.1971
-3.166,-1.0723,-1.7191,-0.5357,-4.6807,-0.0195,-1.1392,1.2655,2.5612,1.6446,-0.3746,-0.4013,-4.8809,2.075,0.0641,1.1333
-3.166,-1.0723,-1.7191,-0.5357,-4.6807,-0.0195,-1.1392,1.2655,2.5612,1.6446,-0.3746,-0.4013,-4.8809,2.075,0.0641,1.1333
-3.1853,-1.0445,-1.7191,-0.5357,-4.4951,-0.0851,-1.0508,1.213,2.3198,1.8337,-0.4114,-0.4113,-4.8344,2.0079,0.0495,1.1174
-3.1853,-1.0445,-1.7191,-0.5357,-4.4951,-0.0851,-1.0508,1.213,2.3198,1.8337,-0.4114,-0.4113,-4.8344,2.0079,0.0495,1.1174
-3.2179,-1.0539,-1.8043,-0.5645,-4.2668,-0.2109,-1.0807,1.1812,2.0301,1.9361,-0.4673,-0.4144,-4.842,1.9601,-0.0951,1.179
-3.2179,-1.0539,-1.8043,-0.5645,-4.2668,-0.2109,-1.0807,1.1812,2.0301,1.9361,-0.4673,-0.4144,-4.842,1.9601,-0.0951,1.179
-3.2829,-1.0728,-1.8332,-0.5983,-4.206,-0.2473,-1.2863,1.2538,1.7603,1.8588,-0.5074,-0.4403,-4.9647,1.9031,-0.3102,1.234
-3.2829,-1.0728,-1.8332,-0.5983,-4.206,-0.2473,-1.2863,1.2538,1.7603,1.8588,-0.5074,-0.4403,-4.9647,1.9031,-0.3102,1.234
-3.2829,-1.0728,-1.8275,-0.6442,-4.2944,-0.1711,-1.3544,1.2779,1.5654,1.7575,-0.5334,-0.4653,-5.1697,1.9091,-0.5232,1.2883
-3.2829,-1.0728,-1.8275,-0.6442,-4.2944,-0.1711,-1.3544,1.2779,1.5654,1.7575,-0.5334,-0.4653,-5.1697,1.9091,-0.5232,1.2883
-3.0235,-1.1644,-1.8141,-0.6635,-4.4434,-0.058,-1.3544,1.2779,1.6582,1.6237,-0.5663,-0.4593,-5.2601,1.9245,-0.6125,1.3093
-2.8283,-1.2751,-1.8353,-0.6706,-4.5971,0.0114,-1.2179,1.2296,1.7808,1.4469,-0.6287,-0.4316,-5.2975,1.9211,-0.6261,1.2932
-2.8283,-1.2751,-1.8353,-0.6706,-4.5971,0.0114,-1.2179,1.2296,1.7808,1.4469,-0.6287,-0.4316,-5.2975,1.9211,-0.6261,1.2932
-2.8283,-1.2751,-1.8353,-0.6706,-4.5971,0.0114,-1.2179,1.2296,1.7808,1.4469,-0.6287,-0.4316,-5.2975,1.9211,-0.6261,1.2932
-2.8333,-1.2108,-1.7929,-0.6564,-4.6297,0.0078,-0.8735,1.1079,1.9114,1.3346,-0.672,-0.4106,-5.3501,1.9397,-0.574,1.2539
-2.8333,-1.2108,-1.7929,-0.6564,-4.6297,0.0078,-0.8735,1.1079,1.9114,1.3346,-0.672,-0.4106,-5.3501,1.9397,-0.574,1.2539
-2.9104,-1.0996,-1.8409,-0.6249,-4.6621,0.0041,-0.5241,0.9845,2.0214,1.3288,-0.71,-0.3972,-5.2449,1.9025,-0.5315,1.2285
-2.9104,-1.0996,-1.8409,-0.6249,-4.6621,0.0041,-0.5241,0.9845,2.0214,1.3288,-0.71,-0.3972,-5.2449,1.9025,-0.5315,1.2285
-3.0929,-0.9506,-1.8966,-0.6198,-4.6807,-0.0195,-0.5631,1.0407,2.0309,1.3918,-0.7375,-0.3989,-5.0484,1.8497,-0.5411,1.2423
-3.0929,-0.9506,-1.8966,-0.6198,-4.6807,-0.0195,-0.5631,1.0407,2.0309,1.3918,-0.7375,-0.3989,-5.0484,1.8497,-0.5411,1.2423
-3.0929,-0.9506,-1.8966,-0.6198,-4.6807,-0.0195,-0.5631,1.0407,2.0309,1.3918,-0.7375,-0.3989,-5.0484,1.8497,-0.5411,1.2423
-3.3145,-0.9146,-1.9387,-0.6341,-4.7637,-0.0503,-0.9016,1.2241,1.9696,1.4802,-0.7734,-0.4089,-4.8885,1.7931,-0.5507,1.2561
-3.3145,-0.9146,-1.9387,-0.6341,-4.7637,-0.0503,-0.9016,1.2241,1.9696,1.4802,-0.7734,-0.4089,-4.8885,1.7931,-0.5507,1.2561
-3.3145,-0.9146,-1.9387,-0.6341,-4.7637,-0.0503,-0.9016,1.2241,1.9696,1.4802,-0.7734,-0.4089,-4.8885,1.7931,-0.5507,1.2561
-3.3145,-0.9146,-1.9387,-0.6341,-4.7637,-0.0503,-0.9016,1.2241,1.9696,1.4802,-0.7734,-0.4089,-4.8885,1.7931,-0.5507,1.2561
-3.5076,-0.9725,-1.7553,-0.7859,-4.8325,-0.1008,-1.4035,1.4228,1.9604,1.4167,-0.7832,-0.4564,-5.0636,1.8716,-0.6861,1.2727
-3.5076,-0.9725,-1.7553,-0.7859,-4.8325,-0.1008,-1.4035,1.4228,1.9604,1.4167,-0.7832,-0.4564,-5.0636,1.8716,-0.6861,1.2727
-3.5076,-0.9725,-1.7553,-0.7859,-4.8325,-0.1008,-1.4035,1.4228,1.9604,1.4167,-0.7832,-0.4564,-5.0636,1.8716,-0.6861,1.2727
-3.4372,-1.0183,-1.7261,-0.7528,-4.8141,-0.0774,-1.4231,1.4511,2.3453,1.2475,-0.7369,-0.4614,-5.1625,1.9563,-0.6533,1.2611
-3.4372,-1.0183,-1.7261,-0.7528,-4.8141,-0.0774,-1.4231,1.4511,2.3453,1.2475,-0.7369,-0.4614,-5.1625,1.9563,-0.6533,1.2611
-3.3082,-0.9801,-1.7347,-0.5891,-4.7268,-0.0032,-1.2373,1.4069,2.4582,1.4759,-0.5839,-0.4133,-5.1329,2.0293,-0.3147,1.2041
-3.1258,-0.9601,-1.6841,-0.548,-4.4106,-0.0545,-0.9303,1.3414,2.2382,1.7933,-0.5023,-0.3849,-5.0569,2.036,-0.2293,1.2265
-3.1258,-0.9601,-1.6841,-0.548,-4.4106,-0.0545,-0.9303,1.3414,2.2382,1.7933,-0.5023,-0.3849,-5.0569,2.036,-0.2293,1.2265
-3.1258,-0.9601,-1.6841,-0.548,-4.4106,-0.0545,-0.9303,1.3414,2.2382,1.7933,-0.5023,-0.3849,-5.0569,2.036,-0.2293,1.2265
-3.027,-0.9314,-1.5845,-0.5388,-4.0889,-0.1075,-0.7796,1.3529,2.1341,1.8646,-0.4518,-0.3741,-4.9497,1.9982,-0.2681,1.2823
-3.027,-0.9314,-1.5845,-0.5388,-4.0889,-0.1075,-0.7796,1.3529,2.1341,1.8646,-0.4518,-0.3741,-4.9497,1.9982,-0.2681,1.2823
-3.027,-0.9314,-1.5845,-0.5388,-4.0889,-0.1075,-0.7796,1.3529,2.1341,1.8646,-0.4518,-0.3741,-4.9497,1.9982,-0.2681,1.2823
-3.1319,-0.8943,-1.5357,-0.5709,-3.9319,-0.1781,-0.7598,1.3243,1.8626,1.7885,-0.4027,-0.4029,-5.0715,1.9408,-0.4348,1.3412
-3.1319,-0.8943,-1.5357,-0.5709,-3.9319,-0.1781,-0.7598,1.3243,1.8626,1.7885,-0.4027,-0.4029,-5.0715,1.9408,-0.4348,1.3412
-3.0991,-0.8847,-1.4869,-0.6029,-4.0216,-0.1008,-0.7796,1.3529,1.6662,1.6881,-0.3289,-0.4462,-5.1849,1.931,-0.5811,1.3718
-3.027,-0.9314,-1.5221,-0.5905,-4.159,-0.0064,-0.83,1.3491,1.728,1.599,-0.2761,-0.4591,-5.1849,1.931,-0.6471,1.3951
-3.027,-0.9314,-1.5221,-0.5905,-4.159,-0.0064,-0.83,1.3491,1.728,1.599,-0.2761,-0.4591,-5.1849,1.931,-0.6471,1.3951
-2.9021,-0.9968,-1.5221,-0.5905,-4.268,0.0474,-0.7598,1.3243,1.8991,1.5051,-0.3078,-0.4135,-5.2002,1.953,-0.6374,1.3812
-2.9021,-0.9968,-1.5221,-0.5905,-4.268,0.0474,-0.7598,1.3243,1.8991,1.5051,-0.3078,-0.4135,-5.2002,1.953,-0.6374,1.3812
-2.8687,-0.9873,-1.5357,-0.5709,-4.3153,0.0641,-0.4054,1.1991,1.9696,1.4802,-0.343,-0.3838,-5.2531,1.9717,-0.5851,1.3417
-2.8687,-0.9873,-1.5357,-0.5709,-4.3153,0.0641,-0.4054,1.1991,1.9696,1.4802,-0.343,-0.3838,-5.2531,1.9717,-0.5851,1.3417
-2.9607,-0.9122,-1.5709,-0.5585,-4.3344,0.0403,-0.2425,1.1199,2.0095,1.4996,-0.3676,-0.3693,-5.1094,1.9376,-0.5094,1.3044
-2.9607,-0.9122,-1.5709,-0.5585,-4.3344,0.0403,-0.2425,1.1199,2.0095,1.4996,-0.3676,-0.3693,-5.1094,1.9376,-0.5094,1.3044
-3.0661,-0.875,-1.6627,-0.5408,-4.3865,0.0129,-0.4054,1.1991,2.0095,1.4996,-0.415,-0.3641,-4.9342,1.859,-0.4902,1.2766
-3.0661,-0.875,-1.6627,-0.5408,-4.3865,0.0129,-0.4054,1.1991,2.0095,1.4996,-0.415,-0.3641,-4.9342,1.859,-0.4902,1.2766
-3.2495,-0.8953,-1.6784,-0.5943,-4.504,-0.0215,-0.7092,1.328,2.0095,1.4996,-0.4483,-0.358,-4.8117,1.7992,-0.5232,1.2883
-3.2495,-0.8953,-1.6784,-0.5943,-4.504,-0.0215,-0.7092,1.328,2.0095,1.4996,-0.4483,-0.358,-4.8117,1.7992,-0.5232,1.2883
-3.2495,-0.8953,-1.6784,-0.5943,-4.504,-0.0215,-0.7092,1.328,2.0095,1.4996,-0.4483,-0.358,-4.8117,1.7992,-0.5232,1.2883
-3.2495,-0.8953,-1.6784,-0.5943,-4.504,-0.0215,-0.7092,1.328,2.0095,1.4996,-0.4483,-0.358,-4.8117,1.7992,-0.5232,1.2883
-3.2495,-0.8953,-1.6784,-0.5943,-4.504,-0.0215,-0.7092,1.328,2.0095,1.4996,-0.4483,-0.358,-4.8117,1.7992,-0.5232,1.2883
-3.6223,-0.9738,-1.5923,-0.7565,-4.7912,-0.0105,-1.3257,1.4596,1.9786,1.5441,-0.4325,-0.3809,-4.9418,1.9284,-0.5094,1.3044
-3.6223,-0.9738,-1.5923,-0.7565,-4.7912,-0.0105,-1.3257,1.4596,1.9786,1.5441,-0.4325,-0.3809,-4.9418,1.9284,-0.5094,1.3044
-3.6539,-0.9834,-1.5923,-0.7565,-4.7912,-0.0105,-1.3942,1.4838,2.335,1.4182,-0.4132,-0.3877,-5.0034,2.0171,-0.5191,1.3183
-3.6539,-0.9834,-1.5923,-0.7565,-4.7912,-0.0105,-1.3942,1.4838,2.335,1.4182,-0.4132,-0.3877,-5.0034,2.0171,-0.5191,1.3183
-3.5331,-1.0469,-1.6325,-0.6985,-4.8051,0.0094,-1.2373,1.4069,2.5513,1.3417,-0.3939,-0.3945,-5.0343,2.0617,-0.4197,1.2832
-3.431,-1.083,-1.756,-0.5963,-4.7729,0.0131,-1.03,1.3337,2.5619,1.4054,-0.3886,-0.4021,-5.1258,2.0772,-0.3102,1.234
-3.431,-1.083,-1.756,-0.5963,-4.7729,0.0131,-1.03,1.3337,2.5619,1.4054,-0.3886,-0.4021,-5.1258,2.0772,-0.3102,1.234
-3.3667,-1.0641,-1.8178,-0.545,-4.6945,0.0005,-0.8909,1.2845,2.4055,1.6309,-0.3834,-0.4097,-5.1637,2.0738,-0.2004,1.1847
-3.3667,-1.0641,-1.8178,-0.545,-4.6945,0.0005,-0.8909,1.2845,2.4055,1.6309,-0.3834,-0.4097,-5.1637,2.0738,-0.2004,1.1847
-3.3213,-1.0174,-1.866,-0.5133,-4.5555,-0.0487,-0.8407,1.2883,2.2382,1.7933,-0.4307,-0.4045,-5.1329,2.0293,-0.2435,1.2104
-3.3213,-1.0174,-1.866,-0.5133,-4.5555,-0.0487,-0.8407,1.2883,2.2382,1.7933,-0.4307,-0.4045,-5.1329,2.0293,-0.2435,1.2104
-3.2889,-1.0079,-1.8525,-0.5328,-4.4157,-0.0981,-0.8102,1.3205,2.045,1.7583,-0.4429,-0.4288,-5.2683,1.9937,-0.41,1.2693
-3.2889,-1.0079,-1.8525,-0.5328,-4.4157,-0.0981,-0.8102,1.3205,2.045,1.7583,-0.4429,-0.4288,-5.2683,1.9937,-0.41,1.2693
-3.2889,-1.0079,-1.8467,-0.5789,-4.4296,-0.0781,-0.9501,1.37,1.9252,1.6982,-0.4359,-0.4598,-5.3127,1.943,-0.5328,1.3022
-3.2889,-1.0079,-1.8467,-0.5789,-4.4296,-0.0781,-0.9501,1.37,1.9252,1.6982,-0.4359,-0.4598,-5.3127,1.943,-0.5328,1.3022
-3.1853,-1.0445,-1.7851,-0.63,-4.5367,-0.0251,-1,1.366,1.9875,1.6084,-0.4254,-0.475,-5.2975,1.9211,-0.6125,1.3093
-3.1853,-1.0445,-1.7851,-0.63,-4.5367,-0.0251,-1,1.366,1.9875,1.6084,-0.4254,-0.475,-5.2975,1.9211,-0.6125,1.3093
-3.029,-1.0997,-1.8063,-0.6371,-4.6621,0.0041,-0.9803,1.3376,2.0586,1.5833,-0.4656,-0.4379,-5.2975,1.9211,-0.6453,1.321
-3.029,-1.0997,-1.8063,-0.6371,-4.6621,0.0041,-0.9803,1.3376,2.0586,1.5833,-0.4656,-0.4379,-5.2975,1.9211,-0.6453,1.321
-3.029,-1.0997,-1.8063,-0.6371,-4.6621,0.0041,-0.9803,1.3376,2.0586,1.5833,-0.4656,-0.4379,-5.2975,1.9211,-0.6453,1.321
-3.0347,-1.0346,-1.8197,-0.6177,-4.7084,0.0204,-0.8407,1.2883,2.0988,1.6029,-0.49,-0.4236,-5.2074,1.9058,-0.6261,1.2932
-3.0347,-1.0346,-1.8197,-0.6177,-4.7084,0.0204,-0.8407,1.2883,2.0988,1.6029,-0.49,-0.4236,-5.2074,1.9058,-0.6261,1.2932
-3.0347,-1.0346,-1.8197,-0.6177,-4.7084,0.0204,-0.8407,1.2883,2.0988,1.6029,-0.49,-0.4236,-5.2074,1.9058,-0.6261,1.2932
-3.3792,-0.9339,-1.8698,-0.6584,-4.8141,-0.0774,-1.1487,1.3542,2.1391,1.6226,-0.5178,-0.4252,-4.8117,1.7992,-0.5932,1.2816
-3.3792,-0.9339,-1.8698,-0.6584,-4.8141,-0.0774,-1.1487,1.3542,2.1391,1.6226,-0.5178,-0.4252,-4.8117,1.7992,-0.5932,1.2816
-3.3792,-0.9339,-1.8698,-0.6584,-4.8141,-0.0774,-1.1487,1.3542,2.1391,1.6226,-0.5178,-0.4252,-4.8117,1.7992,-0.5932,1.2816
-3.5587,-0.9545,-1.7819,-0.7476,-4.9282,-0.1116,-1.452,1.4186,2.0988,1.6029,-0.5595,-0.4276,-4.8422,1.8432,-0.6397,1.2771
-3.5587,-0.9545,-1.7819,-0.7476,-4.9282,-0.1116,-1.452,1.4186,2.0988,1.6029,-0.5595,-0.4276,-4.8422,1.8432,-0.6397,1.2771
-3.5587,-0.9545,-1.7819,-0.7476,-4.9282,-0.1116,-1.452,1.4186,2.0988,1.6029,-0.5595,-0.4276,-4.8422,1.8432,-0.6397,1.2771
-3.6348,-1.0109,-1.8164,-0.7354,-5.0956,-0.0673,-1.7117,1.4253,2.4069,1.3928,-0.6563,-0.4332,-5.1861,2.0481,-0.7649,1.2797
-3.6348,-1.0109,-1.8164,-0.7354,-5.0956,-0.0673,-1.7117,1.4253,2.4069,1.3928,-0.6563,-0.4332,-5.1861,2.0481,-0.7649,1.2797
-3.6158,-1.0384,-1.9311,-0.6076,-5.0956,-0.0673,-1.6923,1.3972,2.479,1.3673,-0.6976,-0.4356,-5.2768,2.0634,-0.6805,1.2291
-3.6158,-1.0384,-1.9311,-0.6076,-5.0956,-0.0673,-1.6923,1.3972,2.479,1.3673,-0.6976,-0.4356,-5.2768,2.0634,-0.6805,1.2291
-3.6158,-1.0384,-1.9311,-0.6076,-5.0956,-0.0673,-1.6923,1.3972,2.479,1.3673,-0.6976,-0.4356,-5.2768,2.0634,-0.6805,1.2291
-3.565,-1.0564,-1.9983,-0.5107,-5.0778,-0.0439,-1.5771,1.3777,2.3759,1.4374,-0.7199,-0.4448,-5.3364,2.0344,-0.4976,1.1437
-3.584,-1.0289,-2.0118,-0.4912,-4.9555,-0.0722,-1.3544,1.2779,2.2514,1.617,-0.7114,-0.4365,-5.2308,1.9971,-0.3752,1.1108
-3.584,-1.0289,-2.0118,-0.4912,-4.9555,-0.0722,-1.3544,1.2779,2.2514,1.617,-0.7114,-0.4365,-5.2308,1.9971,-0.3752,1.1108
-3.6031,-1.0013,-2.0462,-0.479,-4.7272,-0.1529,-1.2863,1.2538,1.9735,1.7835,-0.6891,-0.4273,-5.1472,1.9343,-0.3899,1.168
-3.6031,-1.0013,-2.0462,-0.479,-4.7272,-0.1529,-1.2863,1.2538,1.9735,1.7835,-0.6891,-0.4273,-5.1472,1.9343,-0.3899,1.168
-3.6031,-1.0013,-2.0327,-0.4985,-4.6029,-0.1819,-1.2374,1.2577,1.7837,1.7482,-0.634,-0.424,-5.1849,1.931,-0.4613,1.235
-3.6031,-1.0013,-2.0327,-0.4985,-4.6029,-0.1819,-1.2374,1.2577,1.7837,1.7482,-0.634,-0.424,-5.1849,1.931,-0.4613,1.235
-3.5395,-0.9821,-1.9293,-0.535,-4.514,-0.1085,-1.1783,1.3219,1.519,1.6729,-0.5213,-0.4411,-5.2753,1.9464,-0.5562,1.3
-3.5395,-0.9821,-1.9293,-0.535,-4.514,-0.1085,-1.1783,1.3219,1.519,1.6729,-0.5213,-0.4411,-5.2753,1.9464,-0.5562,1.3
-3.405,-1.0087,-1.8467,-0.5789,-4.5971,0.0114,-1.1487,1.3542,1.4038,1.6133,-0.4271,-0.4515,-5.3432,1.9869,-0.6084,1.3394
-3.405,-1.0087,-1.8467,-0.5789,-4.5971,0.0114,-1.1487,1.3542,1.4038,1.6133,-0.4271,-0.4515,-5.3432,1.9869,-0.6084,1.3394
-3.405,-1.0087,-1.8467,-0.5789,-4.5971,0.0114,-1.1487,1.3542,1.4038,1.6133,-0.4271,-0.4515,-5.3432,1.9869,-0.6084,1.3394
-3.1333,-1.0629,-1.7425,-0.6157,-4.6484,0.1359,-1.119,1.3866,1.5033,1.545,-0.3676,-0.4325,-5.3211,2.0124,-0.6181,1.3533
-3.1333,-1.0629,-1.7425,-0.6157,-4.6484,0.1359,-1.119,1.3866,1.5033,1.545,-0.3676,-0.4325,-5.3211,2.0124,-0.6181,1.3533
-2.9159,-1.0343,-1.7482,-0.5696,-4.6949,0.1524,-0.5988,1.2458,1.8902,1.4415,-0.3589,-0.3609,-5.1553,2.0038,-0.4722,1.3228
-2.9159,-1.0343,-1.7482,-0.5696,-4.6949,0.1524,-0.5988,1.2458,1.8902,1.4415,-0.3589,-0.3609,-5.1553,2.0038,-0.4722,1.3228
-2.9159,-1.0343,-1.7482,-0.5696,-4.6949,0.1524,-0.5988,1.2458,1.8902,1.4415,-0.3589,-0.3609,-5.1553,2.0038,-0.4722,1.3228
-3.0331,-0.8653,-1.7133,-0.5819,-4.6809,0.1321,-0.334,1.1738,2.0803,1.4746,-0.3554,-0.3448,-4.8651,1.9347,-0.3919,1.3155
-3.0331,-0.8653,-1.7133,-0.5819,-4.6809,0.1321,-0.334,1.1738,2.0803,1.4746,-0.3554,-0.3448,-4.8651,1.9347,-0.3919,1.3155
-3.0331,-0.8653,-1.7133,-0.5819,-4.6809,0.1321,-0.334,1.1738,2.0803,1.4746,-0.3554,-0.3448,-4.8651,1.9347,-0.3919,1.3155
-3.1776,-0.7714,-1.7695,-0.5768,-4.6899,0.0442,-0.5563,1.3391,2.1481,1.6876,-0.3801,-0.3303,-4.2965,1.7674,-0.3738,1.3619
-3.1776,-0.7714,-1.7695,-0.5768,-4.6899,0.0442,-0.5563,1.3391,2.1481,1.6876,-0.3801,-0.3303,-4.2965,1.7674,-0.3738,1.3619
-3.1776,-0.7714,-1.7695,-0.5768,-4.6899,0.0442,-0.5563,1.3391,2.1481,1.6876,-0.3801,-0.3303,-4.2965,1.7674,-0.3738,1.3619
-3.3081,-0.8108,-1.7291,-0.6351,-4.7314,-0.0467,-0.9296,1.4927,2.22,1.6622,-0.3888,-0.3388,-4.2656,1.7229,-0.3974,1.3597
-3.3081,-0.8108,-1.7291,-0.6351,-4.7314,-0.0467,-0.9296,1.4927,2.22,1.6622,-0.3888,-0.3388,-4.2656,1.7229,-0.3974,1.3597
-3.4179,-0.8781,-1.654,-0.7055,-4.8461,-0.081,-1.258,1.587,2.2514,1.617,-0.3923,-0.3548,-4.3911,1.784,-0.421,1.3575
-3.4114,-0.9436,-1.6057,-0.7372,-4.8644,-0.1044,-1.3561,1.5782,2.4271,1.5209,-0.3624,-0.3769,-4.6407,1.9058,-0.4113,1.3434
-3.4114,-0.9436,-1.6057,-0.7372,-4.8644,-0.1044,-1.3561,1.5782,2.4271,1.5209,-0.3624,-0.3769,-4.6407,1.9058,-0.4113,1.3434
-3.4114,-0.9436,-1.6057,-0.7372,-4.8644,-0.1044,-1.3561,1.5782,2.4271,1.5209,-0.3624,-0.3769,-4.6407,1.9058,-0.4113,1.3434
-3.3921,-0.9714,-1.6245,-0.6721,-4.8781,-0.0846,-1.3851,1.5452,2.7496,1.373,-0.3852,-0.3861,-4.8575,1.9824,-0.4252,1.3273
-3.3921,-0.9714,-1.6245,-0.6721,-4.8781,-0.0846,-1.3851,1.5452,2.7496,1.373,-0.3852,-0.3861,-4.8575,1.9824,-0.4252,1.3273
-3.3598,-0.9618,-1.692,-0.5748,-4.8918,-0.0649,-1.4337,1.5408,2.823,1.347,-0.3852,-0.3861,-5.0188,2.0394,-0.3392,1.2758
-3.3598,-0.9618,-1.692,-0.5748,-4.8918,-0.0649,-1.4337,1.5408,2.823,1.347,-0.3852,-0.3861,-5.0188,2.0394,-0.3392,1.2758
-3.3469,-0.9243,-1.7326,-0.5161,-4.8279,-0.0576,-1.2965,1.4923,2.6978,1.5276,-0.3799,-0.3937,-5.1483,2.0515,-0.2628,1.2383
-3.3469,-0.9243,-1.7326,-0.5161,-4.8279,-0.0576,-1.2965,1.4923,2.6978,1.5276,-0.3799,-0.3937,-5.1483,2.0515,-0.2628,1.2383
-3.2301,-0.9233,-1.7734,-0.4573,-4.593,-0.0956,-1.1586,1.4436,2.4978,1.7361,-0.3992,-0.3869,-5.2238,2.0447,-0.21,1.1986
-3.2301,-0.9233,-1.7734,-0.4573,-4.593,-0.0956,-1.1586,1.4436,2.4978,1.7361,-0.3992,-0.3869,-5.2238,2.0447,-0.21,1.1986
-3.1974,-0.9137,-1.7521,-0.45,-4.2806,-0.191,-0.9501,1.37,2.2382,1.7933,-0.4412,-0.3893,-5.2155,1.9751,-0.3102,1.234
-3.1974,-0.9137,-1.7521,-0.45,-4.2806,-0.191,-0.9501,1.37,2.2382,1.7933,-0.4412,-0.3893,-5.2155,1.9751,-0.3102,1.234
-3.2301,-0.9233,-1.7249,-0.4893,-4.2336,-0.2076,-0.9303,1.3414,1.9252,1.6982,-0.4761,-0.4228,-5.4615,1.9296,-0.5795,1.2977
-3.2301,-0.9233,-1.7249,-0.4893,-4.2336,-0.2076,-0.9303,1.3414,1.9252,1.6982,-0.4761,-0.4228,-5.4615,1.9296,-0.5795,1.2977
-3.2626,-0.9329,-1.7326,-0.5161,-4.3221,-0.1311,-0.9803,1.3376,1.6582,1.6237,-0.4306,-0.4674,-5.5421,1.876,-0.7244,1.328
-3.2626,-0.9329,-1.7326,-0.5161,-4.3221,-0.1311,-0.9803,1.3376,1.6582,1.6237,-0.4306,-0.4674,-5.5421,1.876,-0.7244,1.328
-3.2626,-0.9329,-1.7326,-0.5161,-4.3221,-0.1311,-0.9803,1.3376,1.6582,1.6237,-0.4306,-0.4674,-5.5421,1.876,-0.7244,1.328
-3.2757,-0.9705,-1.8101,-0.5183,-4.4573,-0.038,-1.03,1.3337,1.5805,1.5843,-0.4149,-0.4901,-5.5271,1.8543,-0.8032,1.3349
-3.2757,-0.9705,-1.8101,-0.5183,-4.4573,-0.038,-1.03,1.3337,1.5805,1.5843,-0.4149,-0.4901,-5.5271,1.8543,-0.8032,1.3349
-3.2757,-0.9705,-1.8101,-0.5183,-4.4573,-0.038,-1.03,1.3337,1.5805,1.5843,-0.4149,-0.4901,-5.5271,1.8543,-0.8032,1.3349
-2.891,-1.1275,-1.9067,-0.4546,-4.6993,0.1082,-1.119,1.3866,1.6806,1.5156,-0.5021,-0.4478,-5.5571,1.8977,-0.8816,1.3418
-2.891,-1.1275,-1.9067,-0.4546,-4.6993,0.1082,-1.119,1.3866,1.6806,1.5156,-0.5021,-0.4478,-5.5571,1.8977,-0.8816,1.3418
-2.8191,-1.1739,-1.9413,-0.4424,-4.764,0.1007,-0.9605,1.3091,1.7808,1.4469,-0.5614,-0.4041,-5.5873,1.9411,-0.872,1.3279
-2.8191,-1.1739,-1.9413,-0.4424,-4.764,0.1007,-0.9605,1.3091,1.7808,1.4469,-0.5614,-0.4041,-5.5873,1.9411,-0.872,1.3279
-2.8191,-1.1739,-1.9413,-0.4424,-4.764,0.1007,-0.9605,1.3091,1.7808,1.4469,-0.5614,-0.4041,-5.5873,1.9411,-0.872,1.3279
-2.891,-1.1275,-1.9624,-0.4497,-4.8145,0.0731,-0.6807,1.2103,1.8506,1.4223,-0.6153,-0.3679,-5.5505,1.9446,-0.7975,1.2912
-3.0676,-1.044,-1.9698,-0.4766,-4.8786,0.0655,-0.3067,1.0567,1.9207,1.3975,-0.6673,-0.3552,-5.5873,1.9411,-0.7553,1.2659
-3.0676,-1.044,-1.9698,-0.4766,-4.8786,0.0655,-0.3067,1.0567,1.9207,1.3975,-0.6673,-0.3552,-5.5873,1.9411,-0.7553,1.2659
-3.0676,-1.044,-1.9698,-0.4766,-4.8786,0.0655,-0.3067,1.0567,1.9207,1.3975,-0.6673,-0.3552,-5.5873,1.9411,-0.7553,1.2659
-3.2495,-0.8953,-1.9218,-0.5083,-4.851,0.0256,-0.0195,0.9552,1.9207,1.3975,-0.7087,-0.3577,-5.5873,1.9411,-0.7132,1.2406
-3.2495,-0.8953,-1.9218,-0.5083,-4.851,0.0256,-0.0195,0.9552,1.9207,1.3975,-0.7087,-0.3577,-5.5873,1.9411,-0.7132,1.2406
-3.5029,-0.6993,-1.9158,-0.5545,-4.6716,-0.0829,0.0198,0.8986,1.8595,1.4857,-0.7512,-0.3997,-5.3641,1.8459,-0.6424,1.1741
-3.5029,-0.6993,-1.9158,-0.5545,-4.6716,-0.0829,0.0198,0.8986,1.8595,1.4857,-0.7512,-0.3997,-5.3641,1.8459,-0.6424,1.1741
-3.5029,-0.6993,-1.9158,-0.5545,-4.6716,-0.0829,0.0198,0.8986,1.8595,1.4857,-0.7512,-0.3997,-5.3641,1.8459,-0.6424,1.1741
-3.5029,-0.6993,-1.9158,-0.5545,-4.6716,-0.0829,0.0198,0.8986,1.8595,1.4857,-0.7512,-0.3997,-5.3641,1.8459,-0.6424,1.1741
-3.6892,-0.6548,-1.9923,-0.5567,-4.6764,-0.1261,-0.287,1.0283,1.8201,1.4663,-0.8144,-0.4114,-5.1241,1.7283,-0.6792,1.1561
-3.6892,-0.6548,-1.9923,-0.5567,-4.6764,-0.1261,-0.287,1.0283,1.8201,1.4663,-0.8144,-0.4114,-5.1241,1.7283,-0.6792,1.1561
-3.6892,-0.6548,-1.9923,-0.5567,-4.6764,-0.1261,-0.287,1.0283,1.8201,1.4663,-0.8144,-0.4114,-5.1241,1.7283,-0.6792,1.1561
-3.9328,-0.8013,-2.1249,-0.6264,-4.9191,-0.1741,-1.306,1.4312,1.6634,1.3892,-0.9587,-0.4283,-4.8608,1.5213,-0.8912,1.1795
-3.9328,-0.8013,-2.1249,-0.6264,-4.9191,-0.1741,-1.306,1.4312,1.6634,1.3892,-0.9587,-0.4283,-4.8608,1.5213,-0.8912,1.1795
-4.0991,-0.8884,-2.1606,-0.6861,-5.1356,-0.1566,-1.7619,1.5708,1.5557,1.3944,-0.9671,-0.4366,-4.9517,1.5372,-0.9651,1.2159
-4.0991,-0.8884,-2.1606,-0.6861,-5.1356,-0.1566,-1.7619,1.5708,1.5557,1.3944,-0.9671,-0.4366,-4.9517,1.5372,-0.9651,1.2159
-4.0991,-0.8884,-2.1606,-0.6861,-5.1356,-0.1566,-1.7619,1.5708,1.5557,1.3944,-0.9671,-0.4366,-4.9517,1.5372,-0.9651,1.2159
-4.2214,-0.9277,-2.0662,-0.7482,-5.3144,-0.0934,-2.01,1.6371,1.5557,1.3944,-0.9077,-0.4406,-5.1317,1.682,-0.9935,1.2568
-4.2214,-0.9277,-2.0662,-0.7482,-5.3144,-0.0934,-2.01,1.6371,1.5557,1.3944,-0.9077,-0.4406,-5.1317,1.682,-0.9935,1.2568
-4.2025,-0.955,-1.9429,-0.7774,-5.324,-0.031,-2.01,1.6371,1.7719,1.3839,-0.7936,-0.4414,-5.2672,1.8774,-0.9443,1.2911
-4.2025,-0.955,-1.9429,-0.7774,-5.324,-0.031,-2.01,1.6371,1.7719,1.3839,-0.7936,-0.4414,-5.2672,1.8774,-0.9443,1.2911
-4.2025,-0.955,-1.9429,-0.7774,-5.324,-0.031,-2.01,1.6371,1.7719,1.3839,-0.7936,-0.4414,-5.2672,1.8774,-0.9443,1.2911
-4.2025,-0.955,-1.9429,-0.7774,-5.324,-0.031,-2.01,1.6371,1.7719,1.3839,-0.7936,-0.4414,-5.2672,1.8774,-0.9443,1.2911
-3.7799,-1.0219,-1.8219,-0.6899,-5.209,0.0472,-1.7816,1.5992,2.7889,1.1573,-0.5595,-0.4276,-5.3758,2.1487,-0.8128,1.3487
-3.7799,-1.0219,-1.8219,-0.6899,-5.209,0.0472,-1.7816,1.5992,2.7889,1.1573,-0.5595,-0.4276,-5.3758,2.1487,-0.8128,1.3487
-3.7799,-1.0219,-1.8219,-0.6899,-5.209,0.0472,-1.7816,1.5992,2.7889,1.1573,-0.5595,-0.4276,-5.3758,2.1487,-0.8128,1.3487
-3.7799,-1.0219,-1.8219,-0.6899,-5.209,0.0472,-1.7816,1.5992,2.7889,1.1573,-0.5595,-0.4276,-5.3758,2.1487,-0.8128,1.3487
-3.3284,-1.1192,-1.9067,-0.4546,-5.0832,0.0626,-1.1881,1.411,3.361,1.0557,-0.436,-0.3969,-5.3009,2.1559,-0.6125,1.3093
-3.3284,-1.1192,-1.9067,-0.4546,-5.0832,0.0626,-1.1881,1.411,3.361,1.0557,-0.436,-0.3969,-5.3009,2.1559,-0.6125,1.3093
-3.212,-1.1187,-1.9748,-0.3564,-5.0654,0.0863,-1,1.366,3.1932,1.2162,-0.4185,-0.3801,-5.2854,2.1336,-0.3575,1.2298
-3.212,-1.1187,-1.9748,-0.3564,-5.0654,0.0863,-1,1.366,3.1932,1.2162,-0.4185,-0.3801,-5.2854,2.1336,-0.3575,1.2298
-3.1986,-1.0817,-1.9748,-0.3564,-4.9744,0.0542,-0.9303,1.3414,2.9304,1.5142,-0.3957,-0.3709,-5.1791,2.096,-0.0901,1.1353
-3.1986,-1.0817,-1.9748,-0.3564,-4.9744,0.0542,-0.9303,1.3414,2.9304,1.5142,-0.3957,-0.3709,-5.1791,2.096,-0.0901,1.1353
-3.1986,-1.0817,-1.9748,-0.3564,-4.9744,0.0542,-0.9303,1.3414,2.9304,1.5142,-0.3957,-0.3709,-5.1791,2.096,-0.0901,1.1353
-3.3339,-0.8866,-1.9958,-0.3639,-4.6992,-0.0431,-0.9001,1.3739,2.2811,2.1284,-0.415,-0.3641,-5.0795,2.0105,0.0012,1.1135
-3.3339,-0.8866,-1.9958,-0.3639,-4.6992,-0.0431,-0.9001,1.3739,2.2811,2.1284,-0.415,-0.3641,-5.0795,2.0105,0.0012,1.1135
-3.4051,-0.8403,-2.0032,-0.3909,-4.4675,-0.1249,-1.0296,1.4846,2.0942,2.159,-0.4571,-0.3665,-5.0868,1.9629,-0.1527,1.1889
-3.4051,-0.8403,-2.0032,-0.3909,-4.4675,-0.1249,-1.0296,1.4846,2.0942,2.159,-0.4571,-0.3665,-5.0868,1.9629,-0.1527,1.1889
-3.4568,-0.822,-1.9969,-0.4375,-4.2861,-0.234,-1.1192,1.538,1.8942,2.0537,-0.5076,-0.3773,-5.1167,1.8903,-0.4155,1.3133
-3.4568,-0.822,-1.9969,-0.4375,-4.2861,-0.234,-1.1192,1.538,1.8942,2.0537,-0.5076,-0.3773,-5.1167,1.8903,-0.4155,1.3133
-3.5403,-0.8137,-2.0253,-0.4717,-4.3054,-0.2572,-1.238,1.5582,1.6506,1.8634,-0.5527,-0.3957,-5.2895,1.8524,-0.6897,1.4207
-3.5403,-0.8137,-2.0253,-0.4717,-4.3054,-0.2572,-1.238,1.5582,1.6506,1.8634,-0.5527,-0.3957,-5.2895,1.8524,-0.6897,1.4207
-3.6552,-0.8154,-1.9848,-0.5301,-4.3849,-0.244,-1.3362,1.5495,1.5885,1.6483,-0.5074,-0.4403,-5.4752,1.836,-0.8766,1.4762
-3.6552,-0.8154,-1.9848,-0.5301,-4.3849,-0.244,-1.3362,1.5495,1.5885,1.6483,-0.5074,-0.4403,-5.4752,1.836,-0.8766,1.4762
-3.6675,-0.8531,-1.9234,-0.5811,-4.5842,-0.1586,-1.3652,1.5166,1.5723,1.5206,-0.4673,-0.4772,-5.5489,1.8294,-0.9777,1.4804
-3.6675,-0.8531,-1.9234,-0.5811,-4.5842,-0.1586,-1.3652,1.5166,1.5723,1.5206,-0.4673,-0.4772,-5.5489,1.8294,-0.9777,1.4804
-3.6675,-0.8531,-1.9234,-0.5811,-4.5842,-0.1586,-1.3652,1.5166,1.5723,1.5206,-0.4673,-0.4772,-5.5489,1.8294,-0.9777,1.4804
-3.4756,-0.9629,-1.8966,-0.6198,-4.8096,-0.0341,-1.4428,1.4795,1.7719,1.3839,-0.462,-0.4848,-5.6155,1.8693,-1.0137,1.4616
-3.1986,-1.0817,-1.8966,-0.6198,-4.9882,0.0741,-1.4913,1.4752,1.9909,1.3727,-0.469,-0.4538,-5.5722,1.9194,-0.9392,1.4248
-3.1986,-1.0817,-1.8966,-0.6198,-4.9882,0.0741,-1.4913,1.4752,1.9909,1.3727,-0.469,-0.4538,-5.5722,1.9194,-0.9392,1.4248
-3.1986,-1.0817,-1.8966,-0.6198,-4.9882,0.0741,-1.4913,1.4752,1.9909,1.3727,-0.469,-0.4538,-5.5722,1.9194,-0.9392,1.4248
-2.9713,-1.1829,-1.91,-0.6004,-5.0792,0.1062,-1.5395,1.4709,2.0709,1.411,-0.5057,-0.4009,-5.4767,1.9514,-0.8971,1.3994
-2.9713,-1.1829,-1.91,-0.6004,-5.0792,0.1062,-1.5395,1.4709,2.0709,1.411,-0.5057,-0.4009,-5.4767,1.9514,-0.8971,1.3994
-2.919,-1.2014,-1.9714,-0.5495,-5.1561,0.1184,-1.3839,1.3945,2.1206,1.4939,-0.5704,-0.3494,-5.4548,1.9767,-0.8454,1.3603
-3.0619,-1.109,-2.0192,-0.5179,-5.16,0.0747,-1.2274,1.3179,2.1391,1.6226,-0.6001,-0.3274,-5.328,1.965,-0.7571,1.3395
-3.0619,-1.109,-2.0192,-0.5179,-5.16,0.0747,-1.2274,1.3179,2.1391,1.6226,-0.6001,-0.3274,-5.328,1.965,-0.7571,1.3395
-3.0619,-1.109,-2.0192,-0.5179,-5.16,0.0747,-1.2274,1.3179,2.1391,1.6226,-0.6001,-0.3274,-5.328,1.965,-0.7571,1.3395
-3.2107,-0.9513,-2.0462,-0.479,-5.101,0.0389,-1.1094,1.2975,2.1167,1.7329,-0.6087,-0.3359,-5.132,1.9123,-0.6821,1.3026
-3.2107,-0.9513,-2.0462,-0.479,-5.101,0.0389,-1.1094,1.2975,2.1167,1.7329,-0.6087,-0.3359,-5.132,1.9123,-0.6821,1.3026
-3.2107,-0.9513,-2.0462,-0.479,-5.101,0.0389,-1.1094,1.2975,2.1167,1.7329,-0.6087,-0.3359,-5.132,1.9123,-0.6821,1.3026
-3.5654,-0.8892,-2.1161,-0.5276,-5.0956,-0.0673,-1.452,1.4186,2.045,1.7583,-0.6134,-0.3914,-4.766,1.7334,-0.6397,1.2771
-3.5654,-0.8892,-2.1161,-0.5276,-5.0956,-0.0673,-1.452,1.4186,2.045,1.7583,-0.6134,-0.3914,-4.766,1.7334,-0.6397,1.2771
-3.8057,-0.9298,-2.1042,-0.6192,-5.2563,-0.1286,-1.7982,1.4771,1.965,1.7182,-0.6011,-0.43,-4.8812,1.7246,-0.6957,1.2865
-3.8057,-0.9298,-2.1042,-0.6192,-5.2563,-0.1286,-1.7982,1.4771,1.965,1.7182,-0.6011,-0.43,-4.8812,1.7246,-0.6957,1.2865
-4.073,-0.9802,-2.0453,-0.7412,-5.3977,-0.1666,-2.1189,1.5057,1.7756,1.6833,-0.6269,-0.455,-5.0636,1.7561,-0.7745,1.2935
-4.073,-0.9802,-2.0453,-0.7412,-5.3977,-0.1666,-2.1189,1.5057,1.7756,1.6833,-0.6269,-0.455,-5.0636,1.7561,-0.7745,1.2935
-4.1837,-0.9822,-1.9507,-0.8034,-5.4726,-0.1547,-2.2578,1.4917,1.728,1.599,-0.6578,-0.4724,-5.3198,1.896,-0.8204,1.2889
-4.1837,-0.9822,-1.9507,-0.8034,-5.4726,-0.1547,-2.2578,1.4917,1.728,1.599,-0.6578,-0.4724,-5.3198,1.896,-0.8204,1.2889
-4.1837,-0.9822,-1.9507,-0.8034,-5.4726,-0.1547,-2.2578,1.4917,1.728,1.599,-0.6578,-0.4724,-5.3198,1.896,-0.8204,1.2889
-4.1343,-0.9996,-1.9297,-0.7964,-5.4687,-0.1123,-2.2578,1.4917,1.7588,1.5547,-0.7317,-0.4689,-5.5374,2.039,-0.8987,1.2958
-4.0233,-0.9978,-1.9352,-0.7513,-5.4784,-0.0502,-2.1923,1.4685,2.0402,1.4552,-0.7695,-0.4556,-5.6872,2.1417,-0.9633,1.3186
-4.0233,-0.9978,-1.9352,-0.7513,-5.4784,-0.0502,-2.1923,1.4685,2.0402,1.4552,-0.7695,-0.4556,-5.6872,2.1417,-0.9633,1.3186
-3.9425,-1.0057,-2.07,-0.6313,-5.4747,-0.0073,-2.1923,1.4685,2.2942,1.399,-0.8072,-0.4422,-5.6872,2.1417,-0.9861,1.3163
-3.9425,-1.0057,-2.07,-0.6313,-5.4747,-0.0073,-2.1923,1.4685,2.2942,1.399,-0.8072,-0.4422,-5.6872,2.1417,-0.9861,1.3163
-3.9425,-1.0057,-2.07,-0.6313,-5.4747,-0.0073,-2.1923,1.4685,2.2942,1.399,-0.8072,-0.4422,-5.6872,2.1417,-0.9861,1.3163
-3.8614,-1.0137,-2.1979,-0.4841,-5.444,-0.0034,-2.2116,1.4964,2.4992,1.2597,-0.8585,-0.4298,-5.6933,2.0941,-0.9348,1.2774
-3.8614,-1.0137,-2.1979,-0.4841,-5.444,-0.0034,-2.2116,1.4964,2.4992,1.2597,-0.8585,-0.4298,-5.6933,2.0941,-0.9348,1.2774
-3.7799,-1.0219,-2.2994,-0.3749,-5.444,-0.0034,-2.0143,1.4266,2.4377,1.3483,-0.8857,-0.4315,-5.6478,2.0284,-0.7633,1.2065
-3.7799,-1.0219,-2.2994,-0.3749,-5.444,-0.0034,-2.0143,1.4266,2.4377,1.3483,-0.8857,-0.4315,-5.6478,2.0284,-0.7633,1.2065
-3.7361,-0.9751,-2.3264,-0.3359,-5.2794,-0.0468,-1.8153,1.3563,2.273,1.5075,-0.8993,-0.4323,-5.5656,1.9664,-0.6656,1.172
-3.7361,-0.9751,-2.3264,-0.3359,-5.2794,-0.0468,-1.8153,1.3563,2.273,1.5075,-0.8993,-0.4323,-5.5656,1.9664,-0.6656,1.172
-3.7676,-0.9848,-2.3539,-0.3703,-5.1177,-0.1334,-1.8153,1.3563,1.908,1.569,-0.94,-0.4349,-5.5939,1.8943,-0.7633,1.2065
-3.7676,-0.9848,-2.3539,-0.3703,-5.1177,-0.1334,-1.8153,1.3563,1.908,1.569,-0.94,-0.4349,-5.5939,1.8943,-0.7633,1.2065
-3.7989,-0.9945,-2.3135,-0.4286,-5.0548,-0.1261,-1.8153,1.3563,1.5723,1.5206,-0.9109,-0.4564,-5.7399,1.8806,-0.8796,1.2683
-3.7989,-0.9945,-2.3135,-0.4286,-5.0548,-0.1261,-1.8153,1.3563,1.5723,1.5206,-0.9109,-0.4564,-5.7399,1.8806,-0.8796,1.2683
-3.7989,-0.9945,-2.3135,-0.4286,-5.0548,-0.1261,-1.8153,1.3563,1.5723,1.5206,-0.9109,-0.4564,-5.7399,1.8806,-0.8796,1.2683
-3.5331,-1.0469,-2.1979,-0.4841,-5.1463,0.0549,-1.6923,1.3972,1.4568,1.4622,-0.761,-0.4473,-5.7185,1.9056,-0.8854,1.3118
-3.5331,-1.0469,-2.1979,-0.4841,-5.1463,0.0549,-1.6923,1.3972,1.4568,1.4622,-0.761,-0.4473,-5.7185,1.9056,-0.8854,1.3118
-3.2961,-1.1098,-2.143,-0.4889,-5.097,0.0825,-1.3933,1.334,1.5944,1.4136,-0.7322,-0.4064,-5.7121,1.9524,-0.784,1.3073
-3.2961,-1.1098,-2.143,-0.4889,-5.097,0.0825,-1.3933,1.334,1.5944,1.4136,-0.7322,-0.4064,-5.7121,1.9524,-0.784,1.3073
-3.2961,-1.1098,-2.143,-0.4889,-5.097,0.0825,-1.3933,1.334,1.5944,1.4136,-0.7322,-0.4064,-5.7121,1.9524,-0.784,1.3073
-3.3728,-0.8305,-2.0806,-0.4669,-5.1108,0.1024,-0.6724,1.1218,1.7981,1.5743,-0.6811,-0.3561,-5.4396,1.9548,-0.5932,1.2816
-3.3728,-0.8305,-2.0806,-0.4669,-5.1108,0.1024,-0.6724,1.1218,1.7981,1.5743,-0.6811,-0.3561,-5.4396,1.9548,-0.5932,1.2816
-3.3728,-0.8305,-2.0806,-0.4669,-5.1108,0.1024,-0.6724,1.1218,1.7981,1.5743,-0.6811,-0.3561,-5.4396,1.9548,-0.5932,1.2816
-3.5029,-0.6993,-2.0806,-0.4669,-5.0832,0.0626,-0.692,1.1501,1.8066,1.6385,-0.7054,-0.3418,-5.2449,1.9025,-0.6125,1.3093
-3.5029,-0.6993,-2.0806,-0.4669,-5.0832,0.0626,-0.692,1.1501,1.8066,1.6385,-0.7054,-0.3418,-5.2449,1.9025,-0.6125,1.3093
-3.6892,-0.6548,-2.0402,-0.5252,-5.1188,0.0153,-0.9409,1.2807,1.846,1.6584,-0.7087,-0.3577,-5.1015,1.8684,-0.6221,1.3232
-3.6892,-0.6548,-2.0402,-0.5252,-5.1188,0.0153,-0.9409,1.2807,1.846,1.6584,-0.7087,-0.3577,-5.1015,1.8684,-0.6221,1.3232
-3.6818,-0.7213,-2.0133,-0.564,-5.0914,-0.0242,-1.2176,1.3785,2.0186,1.5636,-0.7067,-0.3813,-5.1849,1.931,-0.6878,1.3464
-3.6818,-0.7213,-2.0133,-0.564,-5.0914,-0.0242,-1.2176,1.3785,2.0186,1.5636,-0.7067,-0.3813,-5.1849,1.931,-0.6878,1.3464
-3.6429,-0.7775,-2.0402,-0.5252,-5.1366,-0.0082,-1.4231,1.4511,2.335,1.4182,-0.7048,-0.4047,-5.3584,2.0089,-0.734,1.3418
-3.6429,-0.7775,-2.0402,-0.5252,-5.1366,-0.0082,-1.4231,1.4511,2.335,1.4182,-0.7048,-0.4047,-5.3584,2.0089,-0.734,1.3418
-3.6429,-0.7775,-2.0402,-0.5252,-5.1366,-0.0082,-1.4231,1.4511,2.335,1.4182,-0.7048,-0.4047,-5.3584,2.0089,-0.734,1.3418
-3.5722,-0.8236,-2.1004,-0.401,-5.1188,0.0153,-1.4428,1.4795,2.3859,1.5015,-0.7649,-0.4005,-5.6781,2.0721,-0.6165,1.2794
-3.5722,-0.8236,-2.1004,-0.401,-5.1188,0.0153,-1.4428,1.4795,2.3859,1.5015,-0.7649,-0.4005,-5.6781,2.0721,-0.6165,1.2794
-3.5722,-0.8236,-2.1004,-0.401,-5.1188,0.0153,-1.4428,1.4795,2.3859,1.5015,-0.7649,-0.4005,-5.6781,2.0721,-0.6165,1.2794
-3.5722,-0.8236,-2.1004,-0.401,-5.1188,0.0153,-1.4428,1.4795,2.3859,1.5015,-0.7649,-0.4005,-5.6781,2.0721,-0.6165,1.2794
-3.5598,-0.7856,-2.1067,-0.3544,-4.9511,-0.029,-1.3745,1.4554,2.2699,1.7475,-0.7838,-0.3939,-5.6629,2.0502,-0.5507,1.2561
-3.5598,-0.7856,-2.1067,-0.3544,-4.9511,-0.029,-1.3745,1.4554,2.2699,1.7475,-0.7838,-0.3939,-5.6629,2.0502,-0.5507,1.2561
-3.5598,-0.7856,-2.1067,-0.3544,-4.9511,-0.029,-1.3745,1.4554,2.2699,1.7475,-0.7838,-0.3939,-5.6629,2.0502,-0.5507,1.2561
-3.5083,-0.8038,-2.0859,-0.3469,-4.7361,-0.09,-1.306,1.4312,1.9819,1.8493,-0.787,-0.4097,-5.6907,1.9777,-0.6397,1.2771
-3.5083,-0.8038,-2.0859,-0.3469,-4.7361,-0.09,-1.306,1.4312,1.9819,1.8493,-0.787,-0.4097,-5.6907,1.9777,-0.6397,1.2771
-3.5528,-0.8515,-2.0315,-0.4253,-4.7774,-0.0304,-1.3351,1.3987,1.5343,1.8024,-0.7128,-0.4756,-5.8273,1.8952,-0.914,1.3532
-3.5528,-0.8515,-2.0315,-0.4253,-4.7774,-0.0304,-1.3351,1.3987,1.5343,1.8024,-0.7128,-0.4756,-5.8273,1.8952,-0.914,1.3532
-3.5528,-0.8515,-2.0315,-0.4253,-4.7774,-0.0304,-1.3351,1.3987,1.5343,1.8024,-0.7128,-0.4756,-5.8273,1.8952,-0.914,1.3532
-3.3792,-0.9339,-2.0179,-0.4449,-4.851,0.0256,-1.2863,1.4028,1.5267,1.7374,-0.7232,-0.4606,-5.8783,1.9132,-0.992,1.3599
-3.3792,-0.9339,-2.0179,-0.4449,-4.851,0.0256,-1.2863,1.4028,1.5267,1.7374,-0.7232,-0.4606,-5.8783,1.9132,-0.992,1.3599
-3.3792,-0.9339,-2.0179,-0.4449,-4.851,0.0256,-1.2863,1.4028,1.5267,1.7374,-0.7232,-0.4606,-5.8783,1.9132,-0.992,1.3599
-3.4179,-0.8781,-2.0941,-0.4474,-4.9744,0.0542,-0.9016,1.2241,1.7588,1.5547,-0.8144,-0.4114,-5.6371,1.8443,-0.9633,1.3186
-3.4179,-0.8781,-2.0941,-0.4474,-4.9744,0.0542,-0.9016,1.2241,1.7588,1.5547,-0.8144,-0.4114,-5.6371,1.8443,-0.9633,1.3186
-3.4179,-0.8781,-2.0941,-0.4474,-4.9744,0.0542,-0.9016,1.2241,1.7588,1.5547,-0.8144,-0.4114,-5.6371,1.8443,-0.9633,1.3186
-3.5528,-0.8515,-2.2113,-0.4647,-5.1325,0.0351,-1.1094,1.2975,1.7196,1.5351,-0.8741,-0.4073,-5.4672,1.768,-0.9861,1.3163
-3.5528,-0.8515,-2.2113,-0.4647,-5.1325,0.0351,-1.1094,1.2975,1.7196,1.5351,-0.8741,-0.4073,-5.4672,1.768,-0.9861,1.3163
-3.9064,-0.8942,-2.2197,-0.5639,-5.4094,0.0436,-1.5486,1.4101,1.8595,1.4857,-0.9555,-0.4125,-5.5203,1.9011,-1.0315,1.3116
-3.9064,-0.8942,-2.2197,-0.5639,-5.4094,0.0436,-1.5486,1.4101,1.8595,1.4857,-0.9555,-0.4125,-5.5203,1.9011,-1.0315,1.3116
-3.9064,-0.8942,-2.2197,-0.5639,-5.4094,0.0436,-1.5486,1.4101,1.8595,1.4857,-0.9555,-0.4125,-5.5203,1.9011,-1.0315,1.3116
-3.8873,-0.9217,-2.2464,-0.5254,-5.3958,0.024,-1.6161,1.434,2.2435,1.3167,-0.9587,-0.4283,-5.6024,1.9629,-0.967,1.2888
-3.8873,-0.9217,-2.2464,-0.5254,-5.3958,0.024,-1.6161,1.434,2.2435,1.3167,-0.9587,-0.4283,-5.6024,1.9629,-0.967,1.2888
-3.9305,-0.9687,-2.3276,-0.4821,-5.4267,0.02,-1.5771,1.3777,2.3556,1.3104,-0.9671,-0.4366,-5.6541,1.9812,-0.8282,1.2294
-3.9305,-0.9687,-2.3276,-0.4821,-5.4267,0.02,-1.5771,1.3777,2.3556,1.3104,-0.9671,-0.4366,-5.6541,1.9812,-0.8282,1.2294
-3.8994,-0.959,-2.3679,-0.4241,-5.3512,0.0082,-1.529,1.3819,2.2014,1.5328,-0.9941,-0.4383,-5.6907,1.9777,-0.7307,1.195
-3.8994,-0.959,-2.3679,-0.4241,-5.3512,0.0082,-1.529,1.3819,2.2014,1.5328,-0.9941,-0.4383,-5.6907,1.9777,-0.7307,1.195
-3.8994,-0.959,-2.3679,-0.4241,-5.3512,0.0082,-1.529,1.3819,2.2014,1.5328,-0.9941,-0.4383,-5.6907,1.9777,-0.7307,1.195
-3.8302,-1.0041,-2.4017,-0.4121,-5.217,-0.0392,-1.5486,1.4101,2.0363,1.693,-1.021,-0.44,-5.7635,1.9706,-0.7498,1.2224
-3.8302,-1.0041,-2.4017,-0.4121,-5.217,-0.0392,-1.5486,1.4101,2.0363,1.693,-1.021,-0.44,-5.7635,1.9706,-0.7498,1.2224
-3.8179,-0.967,-2.4355,-0.4001,-5.082,-0.0869,-1.5486,1.4101,1.7756,1.6833,-1.0087,-0.4781,-5.9441,1.9528,-0.9215,1.2935
-3.837,-0.9395,-2.3883,-0.4315,-5.1093,-0.0476,-1.6161,1.434,1.5885,1.6483,-0.9778,-0.5226,-6.0217,1.8991,-1.0636,1.3229
-3.837,-0.9395,-2.3883,-0.4315,-5.1093,-0.0476,-1.6161,1.434,1.5885,1.6483,-0.9778,-0.5226,-6.0217,1.8991,-1.0636,1.3229
-3.7171,-1.0026,-2.3819,-0.4775,-5.168,-0.012,-1.664,1.4296,1.5805,1.5843,-0.9759,-0.5456,-6.0781,1.8706,-1.1408,1.3295
-3.7171,-1.0026,-2.3819,-0.4775,-5.168,-0.012,-1.664,1.4296,1.5805,1.5843,-0.9759,-0.5456,-6.0781,1.8706,-1.1408,1.3295
-3.7171,-1.0026,-2.3819,-0.4775,-5.168,-0.012,-1.664,1.4296,1.5805,1.5843,-0.9759,-0.5456,-6.0781,1.8706,-1.1408,1.3295
-3.514,-1.0744,-2.3889,-0.5041,-5.2716,0.0395,-1.7117,1.4253,1.6111,1.5401,-1.0099,-0.5168,-6.013,1.8315,-1.1633,1.3271
-3.514,-1.0744,-2.3889,-0.5041,-5.2716,0.0395,-1.7117,1.4253,1.6111,1.5401,-1.0099,-0.5168,-6.013,1.8315,-1.1633,1.3271
-3.5203,-1.0098,-2.3756,-0.5233,-5.3475,0.0514,-1.4901,1.3258,1.6193,1.604,-1.0222,-0.4789,-5.9921,1.8563,-1.1408,1.3295
-3.5654,-0.8892,-2.3347,-0.5087,-5.3301,0.075,-1.3252,1.3099,1.7363,1.6634,-0.9837,-0.4532,-5.6438,1.7979,-1.0826,1.3504
-3.5654,-0.8892,-2.3347,-0.5087,-5.3301,0.075,-1.3252,1.3099,1.7363,1.6634,-0.9837,-0.4532,-5.6438,1.7979,-1.0826,1.3504
-3.6675,-0.8531,-2.3214,-0.528,-5.2891,0.0159,-1.452,1.4186,1.8149,1.7032,-0.8993,-0.4323,-5.289,1.7376,-0.9597,1.3485
-3.6675,-0.8531,-2.3214,-0.528,-5.2891,0.0159,-1.452,1.4186,1.8149,1.7032,-0.8993,-0.4323,-5.289,1.7376,-0.9597,1.3485
-3.8127,-0.8647,-2.2269,-0.5903,-5.3376,-0.0114,-1.6553,1.4904,1.8149,1.7032,-0.8228,-0.4198,-5.2068,1.7903,-0.914,1.3532
-3.8127,-0.8647,-2.2269,-0.5903,-5.3376,-0.0114,-1.6553,1.4904,1.8149,1.7032,-0.8228,-0.4198,-5.2068,1.7903,-0.914,1.3532
-3.844,-0.8745,-2.159,-0.6144,-5.3686,-0.0153,-1.8569,1.5616,2.0363,1.693,-0.7649,-0.4005,-5.2074,1.9058,-0.8128,1.3487
-3.844,-0.8745,-2.159,-0.6144,-5.3686,-0.0153,-1.8569,1.5616,2.0363,1.693,-0.7649,-0.4005,-5.2074,1.9058,-0.8128,1.3487
-3.8752,-0.8844,-2.165,-0.5687,-5.3822,0.0043,-1.9708,1.5806,2.3547,1.5464,-0.7394,-0.3754,-5.2308,1.9971,-0.7994,1.3649
-3.8752,-0.8844,-2.165,-0.5687,-5.3822,0.0043,-1.9708,1.5806,2.3547,1.5464,-0.7394,-0.3754,-5.2308,1.9971,-0.7994,1.3649
-3.7744,-0.92,-2.2113,-0.4647,-5.3202,0.0121,-1.9904,1.6088,2.4683,1.5403,-0.7362,-0.3594,-5.3143,2.06,-0.6781,1.3326
-3.7429,-0.9103,-2.2788,-0.3674,-5.2754,-0.0038,-1.8373,1.5334,2.3958,1.566,-0.7499,-0.3603,-5.3364,2.0344,-0.537,1.2722
-3.7429,-0.9103,-2.2788,-0.3674,-5.2754,-0.0038,-1.8373,1.5334,2.3958,1.566,-0.7499,-0.3603,-5.3364,2.0344,-0.537,1.2722
-3.7429,-0.9103,-2.2788,-0.3674,-5.2754,-0.0038,-1.8373,1.5334,2.3958,1.566,-0.7499,-0.3603,-5.3364,2.0344,-0.537,1.2722
-3.7114,-0.9005,-2.2923,-0.3479,-5.1093,-0.0476,-1.6835,1.4578,2.1976,1.7731,-0.7636,-0.3612,-5.3211,2.0124,-0.4378,1.2372
-3.7114,-0.9005,-2.2923,-0.3479,-5.1093,-0.0476,-1.6835,1.4578,2.1976,1.7731,-0.7636,-0.3612,-5.3211,2.0124,-0.4378,1.2372
-3.7114,-0.9005,-2.2923,-0.3479,-5.1093,-0.0476,-1.6835,1.4578,2.1976,1.7731,-0.7636,-0.3612,-5.3211,2.0124,-0.4378,1.2372
-3.7429,-0.9103,-2.3129,-0.3554,-4.9736,-0.0956,-1.664,1.4296,1.942,1.829,-0.8047,-0.3637,-5.4177,1.9801,-0.4805,1.2627
-3.7429,-0.9103,-2.3129,-0.3554,-4.9736,-0.0956,-1.664,1.4296,1.942,1.829,-0.8047,-0.3637,-5.4177,1.9801,-0.4805,1.2627
-3.7429,-0.9103,-2.3129,-0.3554,-4.9736,-0.0956,-1.664,1.4296,1.942,1.829,-0.8047,-0.3637,-5.4177,1.9801,-0.4805,1.2627
-3.6922,-0.9282,-2.2724,-0.4138,-5.0103,0.0069,-1.7031,1.486,1.3498,1.7662,-0.804,-0.4264,-5.7786,1.9923,-0.7667,1.3534
-3.6922,-0.9282,-2.2724,-0.4138,-5.0103,0.0069,-1.7031,1.486,1.3498,1.7662,-0.804,-0.4264,-5.7786,1.9923,-0.7667,1.3534
-3.4884,-1.0002,-2.2248,-0.4453,-5.0516,0.0664,-1.6553,1.4904,1.4805,1.653,-0.8092,-0.4189,-5.7786,1.9923,-0.7994,1.3649
-3.4884,-1.0002,-2.2248,-0.4453,-5.0516,0.0664,-1.6553,1.4904,1.4805,1.653,-0.8092,-0.4189,-5.7786,1.9923,-0.7994,1.3649
-3.4884,-1.0002,-2.2248,-0.4453,-5.0516,0.0664,-1.6553,1.4904,1.4805,1.653,-0.8092,-0.4189,-5.7786,1.9923,-0.7994,1.3649
-3.3536,-1.0269,-2.2248,-0.4453,-5.1108,0.1024,-1.3839,1.3945,1.5805,1.5843,-0.8196,-0.4039,-5.8148,1.9887,-0.7764,1.3673
-3.3536,-1.0269,-2.2248,-0.4453,-5.1108,0.1024,-1.3839,1.3945,1.5805,1.5843,-0.8196,-0.4039,-5.8148,1.9887,-0.7764,1.3673
-3.4179,-0.8781,-2.2248,-0.4453,-5.1108,0.1024,-1.1979,1.3502,1.6889,1.5793,-0.83,-0.3889,-5.6756,1.9559,-0.7206,1.358
-3.4179,-0.8781,-2.2248,-0.4453,-5.1108,0.1024,-1.1979,1.3502,1.6889,1.5793,-0.83,-0.3889,-5.6756,1.9559,-0.7206,1.358
-3.4179,-0.8781,-2.2248,-0.4453,-5.1108,0.1024,-1.1979,1.3502,1.6889,1.5793,-0.83,-0.3889,-5.6756,1.9559,-0.7206,1.358
-3.4568,-0.822,-2.2454,-0.4527,-5.1423,0.0985,-1.1881,1.411,1.7363,1.6634,-0.8593,-0.3672,-5.4313,1.886,-0.707,1.3742
-3.5916,-0.7956,-2.171,-0.5228,-5.1777,0.0511,-1.414,1.5123,1.7756,1.6833,-0.8729,-0.368,-5.3268,1.8491,-0.7167,1.3881
-3.5916,-0.7956,-2.171,-0.5228,-5.1777,0.0511,-1.414,1.5123,1.7756,1.6833,-0.8729,-0.368,-5.3268,1.8491,-0.7167,1.3881
-3.6234,-0.8055,-2.0893,-0.5663,-5.1953,0.0274,-1.5504,1.5605,1.9167,1.6334,-0.8625,-0.3831,-5.357,1.8927,-0.7398,1.3858
-3.6234,-0.8055,-2.0893,-0.5663,-5.1953,0.0274,-1.5504,1.5605,1.9167,1.6334,-0.8625,-0.3831,-5.357,1.8927,-0.7398,1.3858
-3.6234,-0.8055,-2.0893,-0.5663,-5.1953,0.0274,-1.5504,1.5605,1.9167,1.6334,-0.8625,-0.3831,-5.357,1.8927,-0.7398,1.3858
-3.6041,-0.8334,-2.0685,-0.5591,-5.2266,0.0236,-1.6861,1.6085,2.3041,1.4628,-0.8709,-0.3914,-5.4918,1.9733,-0.7956,1.395
-3.6041,-0.8334,-2.0685,-0.5591,-5.2266,0.0236,-1.6861,1.6085,2.3041,1.4628,-0.8709,-0.3914,-5.4918,1.9733,-0.7956,1.395
-3.6234,-0.8055,-2.2033,-0.3646,-5.2403,0.0433,-1.6467,1.5515,2.4271,1.5209,-0.8845,-0.3923,-5.6844,2.0248,-0.6125,1.3093
-3.5916,-0.7956,-2.2305,-0.3254,-5.0736,-0.0007,-1.5109,1.5036,2.1976,1.7731,-0.9221,-0.379,-5.6692,2.003,-0.5562,1.3
-3.5916,-0.7956,-2.2305,-0.3254,-5.0736,-0.0007,-1.5109,1.5036,2.1976,1.7731,-0.9221,-0.379,-5.6692,2.003,-0.5562,1.3
-3.6429,-0.7775,-2.1962,-0.3375,-4.7867,-0.1169,-1.5109,1.5036,2.0536,1.824,-0.9388,-0.3958,-5.6605,1.9342,-0.6317,1.3371
-3.6429,-0.7775,-2.1962,-0.3375,-4.7867,-0.1169,-1.5109,1.5036,2.0536,1.824,-0.9388,-0.3958,-5.6605,1.9342,-0.6317,1.3371
-3.6429,-0.7775,-2.1962,-0.3375,-4.7867,-0.1169,-1.5109,1.5036,2.0536,1.824,-0.9388,-0.3958,-5.6605,1.9342,-0.6317,1.3371
-3.7571,-0.7794,-2.224,-0.372,-4.773,-0.1367,-1.5592,1.4992,1.7211,1.8385,-0.9504,-0.4199,-5.7399,1.8806,-0.8186,1.3927
-3.7571,-0.7794,-2.224,-0.372,-4.773,-0.1367,-1.5592,1.4992,1.7211,1.8385,-0.9504,-0.4199,-5.7399,1.8806,-0.8186,1.3927
-3.6868,-0.8252,-2.2105,-0.3916,-4.8599,-0.0612,-1.6073,1.4948,1.5343,1.8024,-0.9671,-0.4366,-5.7612,1.8557,-0.92,1.3971
-3.6868,-0.8252,-2.2105,-0.3916,-4.8599,-0.0612,-1.6073,1.4948,1.5343,1.8024,-0.9671,-0.4366,-5.7612,1.8557,-0.92,1.3971
-3.6868,-0.8252,-2.2105,-0.3916,-4.8599,-0.0612,-1.6073,1.4948,1.5343,1.8024,-0.9671,-0.4366,-5.7612,1.8557,-0.92,1.3971
-3.5779,-0.9267,-2.2383,-0.4259,-4.9648,-0.0092,-1.6553,1.4904,1.5576,1.6928,-0.9909,-0.4225,-5.8124,1.8737,-0.998,1.4037
-3.5779,-0.9267,-2.2383,-0.4259,-4.9648,-0.0092,-1.6553,1.4904,1.5576,1.6928,-0.9909,-0.4225,-5.8124,1.8737,-0.998,1.4037
-3.5779,-0.9267,-2.2383,-0.4259,-4.9648,-0.0092,-1.6553,1.4904,1.5576,1.6928,-0.9909,-0.4225,-5.8124,1.8737,-0.998,1.4037
-3.5847,-0.8613,-2.2929,-0.4212,-5.0557,0.0229,-1.2274,1.3179,1.6193,1.604,-1.0603,-0.4036,-5.6736,1.8409,-0.9501,1.3347
-3.5847,-0.8613,-2.2929,-0.4212,-5.0557,0.0229,-1.2274,1.3179,1.6193,1.604,-1.0603,-0.4036,-5.6736,1.8409,-0.9501,1.3347
-3.5847,-0.8613,-2.2929,-0.4212,-5.0557,0.0229,-1.2274,1.3179,1.6193,1.604,-1.0603,-0.4036,-5.6736,1.8409,-0.9501,1.3347
-3.7377,-0.8073,-2.3679,-0.4241,-5.1188,0.0153,-1.3155,1.3704,1.5805,1.5843,-1.1244,-0.3923,-5.5041,1.7648,-0.9215,1.2935
-3.7377,-0.8073,-2.3679,-0.4241,-5.1188,0.0153,-1.3155,1.3704,1.5805,1.5843,-1.1244,-0.3923,-5.5041,1.7648,-0.9215,1.2935
-3.7377,-0.8073,-2.3679,-0.4241,-5.1188,0.0153,-1.3155,1.3704,1.5805,1.5843,-1.1244,-0.3923,-5.5041,1.7648,-0.9215,1.2935
-4.0185,-0.8961,-2.3285,-0.5545,-5.4267,0.02,-1.8962,1.6183,1.4648,1.5254,-1.1942,-0.4125,-5.6438,1.7979,-1.0505,1.339
-4.0185,-0.8961,-2.3285,-0.5545,-5.4267,0.02,-1.8962,1.6183,1.4648,1.5254,-1.1942,-0.4125,-5.6438,1.7979,-1.0505,1.339
-4.0185,-0.8961,-2.3285,-0.5545,-5.4267,0.02,-1.8962,1.6183,1.4648,1.5254,-1.1942,-0.4125,-5.6438,1.7979,-1.0505,1.339
-4.0611,-0.9432,-2.349,-0.5617,-5.4575,0.0162,-1.9434,1.6135,1.7808,1.4469,-1.1624,-0.4182,-5.7035,1.884,-1.0051,1.3438
-4.0611,-0.9432,-2.349,-0.5617,-5.4575,0.0162,-1.9434,1.6135,1.7808,1.4469,-1.1624,-0.4182,-5.7035,1.884,-1.0051,1.3438
-4.0611,-0.9432,-2.349,-0.5617,-5.4575,0.0162,-1.9434,1.6135,1.7808,1.4469,-1.1624,-0.4182,-5.7035,1.884,-1.0051,1.3438
-3.8179,-0.967,-2.3,-0.448,-5.3164,0.0553,-1.6467,1.5515,2.0896,1.5385,-1.0303,-0.386,-5.6907,1.9777,-0.6589,1.3048
-3.8179,-0.967,-2.3,-0.448,-5.3164,0.0553,-1.6467,1.5515,2.0896,1.5385,-1.0303,-0.386,-5.6907,1.9777,-0.6589,1.3048
-3.8179,-0.967,-2.3,-0.448,-5.3164,0.0553,-1.6467,1.5515,2.0896,1.5385,-1.0303,-0.386,-5.6907,1.9777,-0.6589,1.3048
-3.7114,-0.9005,-2.2724,-0.4138,-5.042,0.0031,-1.5219,1.5935,1.9963,1.6731,-0.9596,-0.3658,-5.6326,2.0065,-0.5851,1.3417
-3.7114,-0.9005,-2.2724,-0.4138,-5.042,0.0031,-1.5219,1.5935,1.9963,1.6731,-0.9596,-0.3658,-5.6326,2.0065,-0.5851,1.3417
-3.6165,-0.8711,-2.2653,-0.3869,-4.8554,-0.0179,-1.4248,1.6025,1.8544,1.7232,-0.8834,-0.353,-5.6175,1.9847,-0.6102,1.4137
-3.6165,-0.8711,-2.2653,-0.3869,-4.8554,-0.0179,-1.4248,1.6025,1.8544,1.7232,-0.8834,-0.353,-5.6175,1.9847,-0.6102,1.4137
-3.6234,-0.8055,-2.1898,-0.3841,-4.7591,-0.0069,-1.3271,1.6114,1.7445,1.7281,-0.7531,-0.3762,-5.6692,2.003,-0.6626,1.4534
-3.6234,-0.8055,-2.1898,-0.3841,-4.7591,-0.0069,-1.3271,1.6114,1.7445,1.7281,-0.7531,-0.3762,-5.6692,2.003,-0.6626,1.4534
-3.5722,-0.8236,-2.1076,-0.4279,-4.8466,0.0693,-1.396,1.6357,1.7756,1.6833,-0.6306,-0.4081,-5.6692,2.003,-0.6491,1.4698
-3.5722,-0.8236,-2.1076,-0.4279,-4.8466,0.0693,-1.396,1.6357,1.7756,1.6833,-0.6306,-0.4081,-5.6692,2.003,-0.6491,1.4698
-3.3857,-0.8683,-2.0253,-0.4717,-4.9481,0.1657,-1.396,1.6357,1.8856,1.6782,-0.57,-0.4125,-5.5959,2.01,-0.6355,1.4862
-3.1258,-0.9601,-2.0388,-0.4522,-5.0219,0.2222,-1.396,1.6357,2.0676,1.6479,-0.5771,-0.3814,-5.4852,2.0205,-0.5791,1.4769
-3.1258,-0.9601,-2.0388,-0.4522,-5.0219,0.2222,-1.396,1.6357,2.0676,1.6479,-0.5771,-0.3814,-5.4852,2.0205,-0.5791,1.4769
-2.988,-0.9877,-2.0105,-0.4179,-5.0219,0.2222,-1.278,1.6158,2.0764,1.7129,-0.5948,-0.335,-5.4481,2.024,-0.5224,1.4675
-2.988,-0.9877,-2.0105,-0.4179,-5.0219,0.2222,-1.278,1.6158,2.0764,1.7129,-0.5948,-0.335,-5.4481,2.024,-0.5224,1.4675
-3.0465,-0.9032,-2.0722,-0.3665,-5.0397,0.1981,-1.1192,1.538,2.1255,1.7986,-0.6106,-0.3122,-5.3211,2.0124,-0.4323,1.4463
-3.0465,-0.9032,-2.0722,-0.3665,-5.0397,0.1981,-1.1192,1.538,2.1255,1.7986,-0.6106,-0.3122,-5.3211,2.0124,-0.4323,1.4463
-3.1711,-0.8379,-2.1067,-0.3544,-4.998,0.1379,-1.1887,1.5625,2.1341,1.8646,-0.6159,-0.3046,-5.0562,1.9188,-0.3752,1.4368
-3.1711,-0.8379,-2.1067,-0.3544,-4.998,0.1379,-1.1887,1.5625,2.1341,1.8646,-0.6159,-0.3046,-5.0562,1.9188,-0.3752,1.4368
-3.1711,-0.8379,-2.1067,-0.3544,-4.998,0.1379,-1.1887,1.5625,2.1341,1.8646,-0.6159,-0.3046,-5.0562,1.9188,-0.3752,1.4368
-3.3405,-0.8206,-2.0659,-0.4131,-5.0061,0.0504,-1.376,1.607,2.0536,1.824,-0.6436,-0.3063,-5.0409,1.8968,-0.4086,1.4486
-3.3405,-0.8206,-2.0659,-0.4131,-5.0061,0.0504,-1.376,1.607,2.0536,1.824,-0.6436,-0.3063,-5.0409,1.8968,-0.4086,1.4486
-3.3405,-0.8206,-2.0659,-0.4131,-5.0061,0.0504,-1.376,1.607,2.0536,1.824,-0.6436,-0.3063,-5.0409,1.8968,-0.4086,1.4486
-3.5209,-0.8417,-2.045,-0.4057,-5.0241,0.0267,-1.6778,1.6702,2.2607,1.6821,-0.6522,-0.3147,-5.1707,2.026,-0.3515,1.4391
-3.5209,-0.8417,-2.065,-0.3394,-5.0061,0.0504,-1.59,1.6176,2.1976,1.7731,-0.6713,-0.308,-5.2391,2.0669,-0.1833,1.3796
-3.5209,-0.8417,-2.065,-0.3394,-5.0061,0.0504,-1.59,1.6176,2.1976,1.7731,-0.6713,-0.308,-5.2391,2.0669,-0.1833,1.3796
-3.5209,-0.8417,-2.065,-0.3394,-5.0061,0.0504,-1.59,1.6176,2.1976,1.7731,-0.6713,-0.308,-5.2391,2.0669,-0.1833,1.3796
-3.4763,-0.7939,-2.0577,-0.3122,-4.8051,0.0094,-1.3851,1.5452,2.0382,2.0029,-0.6765,-0.3004,-5.1861,2.0481,-0.0917,1.3579
-3.4763,-0.7939,-2.0577,-0.3122,-4.8051,0.0094,-1.3851,1.5452,2.0382,2.0029,-0.6765,-0.3004,-5.1861,2.0481,-0.0917,1.3579
-3.4763,-0.7939,-2.0577,-0.3122,-4.8051,0.0094,-1.3851,1.5452,2.0382,2.0029,-0.6765,-0.3004,-5.1861,2.0481,-0.0917,1.3579
-3.5278,-0.7757,-2.0786,-0.3197,-4.6206,-0.0558,-1.3851,1.5452,1.8469,1.9661,-0.6883,-0.3249,-5.2836,2.0158,-0.2029,1.4079
-3.4763,-0.7939,-2.065,-0.3394,-4.676,0.0241,-1.3851,1.5452,1.6897,1.8838,-0.6726,-0.3476,-5.3584,2.0089,-0.304,1.4436
-3.4763,-0.7939,-2.065,-0.3394,-4.676,0.0241,-1.3851,1.5452,1.6897,1.8838,-0.6726,-0.3476,-5.3584,2.0089,-0.304,1.4436
-3.4763,-0.7939,-2.065,-0.3394,-4.676,0.0241,-1.3851,1.5452,1.6897,1.8838,-0.6726,-0.3476,-5.3584,2.0089,-0.304,1.4436
-3.321,-0.8488,-1.9822,-0.3835,-4.6854,0.0881,-1.3362,1.5495,1.7837,1.7482,-0.7054,-0.3418,-5.4481,2.024,-0.3711,1.4673
-3.321,-0.8488,-1.9822,-0.3835,-4.6854,0.0881,-1.3362,1.5495,1.7837,1.7482,-0.7054,-0.3418,-5.4481,2.024,-0.3711,1.4673
-3.321,-0.8488,-1.9822,-0.3835,-4.6854,0.0881,-1.3362,1.5495,1.7837,1.7482,-0.7054,-0.3418,-5.4481,2.024,-0.3711,1.4673
-3.23,-0.7529,-1.9611,-0.3761,-4.8521,0.1774,-0.729,1.3567,1.8231,1.7683,-0.7592,-0.3056,-5.3432,1.9869,-0.3138,1.4578
-3.23,-0.7529,-1.9611,-0.3761,-4.8521,0.1774,-0.729,1.3567,1.8231,1.7683,-0.7592,-0.3056,-5.3432,1.9869,-0.3138,1.4578
-3.3543,-0.6875,-2.0168,-0.3713,-4.8562,0.1333,-0.8394,1.4391,1.965,1.7182,-0.7919,-0.2998,-5.1697,1.9091,-0.3236,1.4719
-3.3543,-0.6875,-2.0168,-0.3713,-4.8562,0.1333,-0.8394,1.4391,1.965,1.7182,-0.7919,-0.2998,-5.1697,1.9091,-0.3236,1.4719
-3.3543,-0.6875,-2.0168,-0.3713,-4.8562,0.1333,-0.8394,1.4391,1.965,1.7182,-0.7919,-0.2998,-5.1697,1.9091,-0.3236,1.4719
-3.5029,-0.6993,-1.9969,-0.4375,-4.9702,0.0979,-1.1593,1.5957,1.9337,1.7634,-0.8192,-0.3015,-5.0636,1.8716,-0.367,1.498
-3.5029,-0.6993,-1.9969,-0.4375,-4.9702,0.0979,-1.1593,1.5957,1.9337,1.7634,-0.8192,-0.3015,-5.0636,1.8716,-0.367,1.498
-3.6306,-0.7394,-1.9563,-0.4961,-5.0378,0.0465,-1.4847,1.6888,1.9963,1.6731,-0.8361,-0.3184,-5.1849,1.931,-0.4478,1.5051
-3.6306,-0.7394,-1.9563,-0.4961,-5.0378,0.0465,-1.4847,1.6888,1.9963,1.6731,-0.8361,-0.3184,-5.1849,1.931,-0.4478,1.5051
-3.6429,-0.7775,-1.9685,-0.4032,-5.0378,0.0465,-1.6696,1.7324,2.3859,1.5015,-0.8666,-0.3362,-5.4787,2.068,-0.4086,1.4486
-3.6429,-0.7775,-1.9685,-0.4032,-5.0378,0.0465,-1.6696,1.7324,2.3859,1.5015,-0.8666,-0.3362,-5.4787,2.068,-0.4086,1.4486
-3.6429,-0.7775,-1.9685,-0.4032,-5.0378,0.0465,-1.6696,1.7324,2.3859,1.5015,-0.8666,-0.3362,-5.4787,2.068,-0.4086,1.4486
-3.6306,-0.7394,-2.0231,-0.3245,-4.9744,0.0542,-1.6015,1.7084,2.2607,1.6821,-0.8938,-0.3379,-5.6567,2.0977,-0.3221,1.3967
-3.6306,-0.7394,-2.0231,-0.3245,-4.9744,0.0542,-1.6015,1.7084,2.2607,1.6821,-0.8938,-0.3379,-5.6567,2.0977,-0.3221,1.3967
-3.6306,-0.7394,-2.0231,-0.3245,-4.9744,0.0542,-1.6015,1.7084,2.2607,1.6821,-0.8938,-0.3379,-5.6567,2.0977,-0.3221,1.3967
-3.6306,-0.7394,-2.0231,-0.3245,-4.9744,0.0542,-1.6015,1.7084,2.2607,1.6821,-0.8938,-0.3379,-5.6567,2.0977,-0.3221,1.3967
-3.5669,-0.7194,-2.0158,-0.2972,-4.7729,0.0131,-1.396,1.6357,2.0938,1.8443,-0.9398,-0.333,-5.6781,2.0721,-0.3221,1.3967
-3.5349,-0.7093,-1.9601,-0.302,-4.5694,-0.0287,-1.3471,1.6402,1.8707,1.8542,-0.9461,-0.3649,-5.7937,2.014,-0.4461,1.4299
-3.5349,-0.7093,-1.9601,-0.302,-4.5694,-0.0287,-1.3471,1.6402,1.8707,1.8542,-0.9461,-0.3649,-5.7937,2.014,-0.4461,1.4299
-3.5349,-0.7093,-1.9601,-0.302,-4.5694,-0.0287,-1.3471,1.6402,1.8707,1.8542,-0.9461,-0.3649,-5.7937,2.014,-0.4461,1.4299
-3.4119,-0.7741,-1.9253,-0.3143,-4.6809,0.1321,-1.2087,1.5913,1.5267,1.7374,-0.9013,-0.409,-5.8572,1.9383,-0.6918,1.4955
-3.4119,-0.7741,-1.9253,-0.3143,-4.6809,0.1321,-1.2087,1.5913,1.5267,1.7374,-0.9013,-0.409,-5.8572,1.9383,-0.6918,1.4955
-3.4119,-0.7741,-1.9253,-0.3143,-4.6809,0.1321,-1.2087,1.5913,1.5267,1.7374,-0.9013,-0.409,-5.8572,1.9383,-0.6918,1.4955
-3.256,-0.8292,-1.939,-0.2945,-4.6765,0.1764,-1.1593,1.5957,1.5576,1.6928,-0.8865,-0.3689,-5.821,1.9419,-0.7016,1.5096
-3.256,-0.8292,-1.939,-0.2945,-4.6765,0.1764,-1.1593,1.5957,1.5576,1.6928,-0.8865,-0.3689,-5.821,1.9419,-0.7016,1.5096
-3.256,-0.8292,-1.939,-0.2945,-4.6765,0.1764,-1.1593,1.5957,1.5576,1.6928,-0.8865,-0.3689,-5.821,1.9419,-0.7016,1.5096
-3.256,-0.8292,-1.939,-0.2945,-4.6765,0.1764,-1.1593,1.5957,1.5576,1.6928,-0.8865,-0.3689,-5.821,1.9419,-0.7016,1.5096
-3.1843,-0.7045,-1.9106,-0.2596,-4.499,0.1751,-0.697,1.5419,1.877,1.6136,-0.7834,-0.2913,-5.3198,1.896,-0.4852,1.4863
-3.1843,-0.7045,-1.9106,-0.2596,-4.499,0.1751,-0.697,1.5419,1.877,1.6136,-0.7834,-0.2913,-5.3198,1.896,-0.4852,1.4863
-3.3543,-0.6875,-1.8693,-0.3191,-4.5646,0.1675,-0.8794,1.6505,1.9167,1.6334,-0.7305,-0.2641,-5.0484,1.8497,-0.4144,1.4933
-3.5029,-0.6993,-1.7581,-0.4032,-4.6765,0.1764,-1.1111,1.7544,1.8856,1.6782,-0.6806,-0.253,-5.0182,1.922,-0.3433,1.5003
-3.5029,-0.6993,-1.7581,-0.4032,-4.6765,0.1764,-1.1111,1.7544,1.8856,1.6782,-0.6806,-0.253,-5.0182,1.922,-0.3433,1.5003
-3.5792,-0.7575,-1.6957,-0.455,-4.7554,0.189,-1.3004,1.7992,2.0764,1.7129,-0.6114,-0.2486,-5.0497,2.084,-0.2578,1.5238
-3.5792,-0.7575,-1.6957,-0.455,-4.7554,0.189,-1.3004,1.7992,2.0764,1.7129,-0.6114,-0.2486,-5.0497,2.084,-0.2578,1.5238
-3.5792,-0.7575,-1.6957,-0.455,-4.7554,0.189,-1.3004,1.7992,2.0764,1.7129,-0.6114,-0.2486,-5.0497,2.084,-0.2578,1.5238
-3.5792,-0.7575,-1.6957,-0.455,-4.7554,0.189,-1.3004,1.7992,2.0764,1.7129,-0.6114,-0.2486,-5.0497,2.084,-0.2578,1.5238
-3.5473,-0.7476,-1.6313,-0.4331,-4.723,0.1929,-1.2511,1.8039,2.4783,1.6052,-0.5504,-0.2528,-5.0894,2.1996,-0.1859,1.5307
-3.3924,-0.8023,-1.6433,-0.339,-4.658,0.2005,-0.9908,1.734,2.6978,1.5276,-0.5172,-0.2587,-5.143,2.2185,-0.0355,1.4992
-3.3924,-0.8023,-1.6433,-0.339,-4.658,0.2005,-0.9908,1.734,2.6978,1.5276,-0.5172,-0.2587,-5.143,2.2185,-0.0355,1.4992
-3.3277,-0.7826,-1.6987,-0.2591,-4.5459,0.1917,-0.89,1.7429,2.7607,1.6779,-0.4753,-0.2562,-5.1587,2.241,0.1405,1.4694
-3.3277,-0.7826,-1.6987,-0.2591,-4.5459,0.1917,-0.89,1.7429,2.7607,1.6779,-0.4753,-0.2562,-5.1587,2.241,0.1405,1.4694
-3.3277,-0.7826,-1.6987,-0.2591,-4.5459,0.1917,-0.89,1.7429,2.7607,1.6779,-0.4753,-0.2562,-5.1587,2.241,0.1405,1.4694
-3.1776,-0.7714,-1.7404,-0.199,-4.1961,0.0989,-0.8091,1.7812,2.4019,1.8744,-0.47,-0.2638,-5.2633,2.1594,0.0906,1.5414
-3.1776,-0.7714,-1.7404,-0.199,-4.1961,0.0989,-0.8091,1.7812,2.4019,1.8744,-0.47,-0.2638,-5.2633,2.1594,0.0906,1.5414
-3.1119,-0.7516,-1.7264,-0.2191,-4.2052,0.1639,-0.7582,1.7856,2.2789,1.8135,-0.4347,-0.2937,-5.27,2.1113,0.0118,1.5801
-3.1119,-0.7516,-1.7264,-0.2191,-4.2052,0.1639,-0.7582,1.7856,2.2789,1.8135,-0.4347,-0.2937,-5.27,2.1113,0.0118,1.5801
-2.8805,-0.8549,-1.7125,-0.2391,-4.2194,0.1844,-0.7377,1.7559,2.3107,1.7676,-0.426,-0.2852,-5.2545,2.0891,-0.0225,1.5922
-2.8805,-0.8549,-1.7125,-0.2391,-4.2194,0.1844,-0.7377,1.7559,2.3107,1.7676,-0.426,-0.2852,-5.2545,2.0891,-0.0225,1.5922
-2.8805,-0.8549,-1.7125,-0.2391,-4.2194,0.1844,-0.7377,1.7559,2.3107,1.7676,-0.426,-0.2852,-5.2545,2.0891,-0.0225,1.5922
-2.8805,-0.8549,-1.7125,-0.2391,-4.2194,0.1844,-0.7377,1.7559,2.3107,1.7676,-0.426,-0.2852,-5.2545,2.0891,-0.0225,1.5922
-2.786,-0.7587,-1.6772,-0.2516,-4.3765,0.2554,-0.3044,1.6029,2.3287,1.9002,-0.4299,-0.2374,-5.1258,2.0772,0.0261,1.5968
-2.786,-0.7587,-1.6772,-0.2516,-4.3765,0.2554,-0.3044,1.6029,2.3287,1.9002,-0.4299,-0.2374,-5.1258,2.0772,0.0261,1.5968
-2.8995,-0.6533,-1.6494,-0.2916,-4.4427,0.2478,-0.3044,1.6029,2.3287,1.9002,-0.4352,-0.2297,-4.9114,2.0014,0.0261,1.5968
-2.8995,-0.6533,-1.6494,-0.2916,-4.4427,0.2478,-0.3044,1.6029,2.3287,1.9002,-0.4352,-0.2297,-4.9114,2.0014,0.0261,1.5968
-2.8995,-0.6533,-1.6494,-0.2916,-4.4427,0.2478,-0.3044,1.6029,2.3287,1.9002,-0.4352,-0.2297,-4.9114,2.0014,0.0261,1.5968
-3.0395,-0.6257,-1.5864,-0.3441,-4.4944,0.2197,-0.522,1.6797,2.3698,1.9207,-0.4158,-0.2366,-4.7648,1.9664,0.0505,1.5991
-3.0395,-0.6257,-1.5864,-0.3441,-4.4944,0.2197,-0.522,1.6797,2.3698,1.9207,-0.4158,-0.2366,-4.7648,1.9664,0.0505,1.5991
-3.0395,-0.6257,-1.5864,-0.3441,-4.4944,0.2197,-0.522,1.6797,2.3698,1.9207,-0.4158,-0.2366,-4.7648,1.9664,0.0505,1.5991
-3.1913,-0.6372,-1.5214,-0.3218,-4.5928,0.2082,-0.9813,1.7974,2.771,1.744,-0.4492,-0.2306,-4.8037,2.0816,0.1296,1.5603
-3.1186,-0.6846,-1.5414,-0.2542,-4.5459,0.1917,-0.9609,1.7679,2.7811,1.8105,-0.4633,-0.2314,-4.8579,2.1008,0.2434,1.5091
-3.1186,-0.6846,-1.5414,-0.2542,-4.5459,0.1917,-0.9609,1.7679,2.7811,1.8105,-0.4633,-0.2314,-4.8579,2.1008,0.2434,1.5091
-3.1186,-0.6846,-1.5414,-0.2542,-4.5459,0.1917,-0.9609,1.7679,2.7811,1.8105,-0.4633,-0.2314,-4.8579,2.1008,0.2434,1.5091
-3.1515,-0.6945,-1.591,-0.2215,-4.3907,0.1214,-1.0111,1.7634,2.6001,1.9096,-0.5052,-0.234,-4.8965,2.0975,0.2334,1.5236
-3.1515,-0.6945,-1.591,-0.2215,-4.3907,0.1214,-1.0111,1.7634,2.6001,1.9096,-0.5052,-0.234,-4.8965,2.0975,0.2334,1.5236
-3.1646,-0.7331,-1.6341,-0.2366,-4.2962,0.0881,-1.0111,1.7634,2.2878,1.8798,-0.5259,-0.2672,-5.0343,2.0617,0.0806,1.5558
-3.1646,-0.7331,-1.6341,-0.2366,-4.2962,0.0881,-1.0111,1.7634,2.2878,1.8798,-0.5259,-0.2672,-5.0343,2.0617,0.0806,1.5558
-3.0592,-0.7703,-1.6341,-0.2366,-4.3527,0.1696,-1.0612,1.7589,2.0852,1.7784,-0.5571,-0.2851,-5.2391,2.0669,-0.0368,1.5755
-3.0592,-0.7703,-1.6341,-0.2366,-4.3527,0.1696,-1.0612,1.7589,2.0852,1.7784,-0.5571,-0.2851,-5.2391,2.0669,-0.0368,1.5755
-2.9002,-0.8264,-1.5986,-0.2491,-4.348,0.2143,-0.8492,1.684,2.0764,1.7129,-0.5902,-0.2792,-5.3296,2.0821,-0.0611,1.5732
-2.9002,-0.8264,-1.5986,-0.2491,-4.348,0.2143,-0.8492,1.684,2.0764,1.7129,-0.5902,-0.2792,-5.3296,2.0821,-0.0611,1.5732
-2.9002,-0.8264,-1.5986,-0.2491,-4.348,0.2143,-0.8492,1.684,2.0764,1.7129,-0.5902,-0.2792,-5.3296,2.0821,-0.0611,1.5732
-2.9065,-0.7595,-1.6557,-0.2441,-4.4569,0.2683,-0.6865,1.6044,2.1078,1.6677,-0.6285,-0.2656,-5.2768,2.0634,-0.0169,1.5467
-2.9065,-0.7595,-1.6557,-0.2441,-4.4569,0.2683,-0.6865,1.6044,2.1078,1.6677,-0.6285,-0.2656,-5.2768,2.0634,-0.0169,1.5467
-2.9863,-0.6445,-1.6557,-0.2441,-4.4569,0.2683,-0.5841,1.6126,2.045,1.7583,-0.6668,-0.2521,-5.0642,1.9883,-0.0368,1.5755
-2.9863,-0.6445,-1.6557,-0.2441,-4.4569,0.2683,-0.5841,1.6126,2.045,1.7583,-0.6668,-0.2521,-5.0642,1.9883,-0.0368,1.5755
-3.0395,-0.6257,-1.6557,-0.2441,-4.4284,0.2273,-0.7171,1.7263,1.942,1.829,-0.7135,-0.2471,-4.8882,1.9094,-0.0811,1.602
-3.2439,-0.6186,-1.5647,-0.3366,-4.5459,0.1917,-1.0018,1.8269,1.942,1.829,-0.7167,-0.2632,-4.9035,1.9316,-0.0811,1.602
-3.2439,-0.6186,-1.5647,-0.3366,-4.5459,0.1917,-1.0018,1.8269,1.942,1.829,-0.7167,-0.2632,-4.9035,1.9316,-0.0811,1.602
-3.1843,-0.7045,-1.4522,-0.4215,-4.5646,0.1675,-1.1429,1.8768,2.045,1.7583,-0.7094,-0.2945,-5.0415,2.0138,-0.1394,1.6117
-3.1843,-0.7045,-1.4522,-0.4215,-4.5646,0.1675,-1.1429,1.8768,2.045,1.7583,-0.7094,-0.2945,-5.0415,2.0138,-0.1394,1.6117
-3.1448,-0.7615,-1.466,-0.4016,-4.5973,0.1637,-1.1927,1.8721,2.3235,1.5915,-0.7264,-0.3115,-5.2169,2.0926,-0.1776,1.5927
-3.1448,-0.7615,-1.466,-0.4016,-4.5973,0.1637,-1.1927,1.8721,2.3235,1.5915,-0.7264,-0.3115,-5.2169,2.0926,-0.1776,1.5927
-3.0922,-0.7801,-1.5075,-0.3418,-4.6113,0.1841,-1.102,1.8178,2.5512,1.5794,-0.7539,-0.3132,-5.3229,2.13,-0.0753,1.5565
-3.0922,-0.7801,-1.5075,-0.3418,-4.6113,0.1841,-1.102,1.8178,2.5512,1.5794,-0.7539,-0.3132,-5.3229,2.13,-0.0753,1.5565
-3.0592,-0.7703,-1.5492,-0.2817,-4.4048,0.1418,-0.9813,1.7974,2.4978,1.7361,-0.7592,-0.3056,-5.3229,2.13,-0.0312,1.5301
-3.0592,-0.7703,-1.5492,-0.2817,-4.4048,0.1418,-0.9813,1.7974,2.4978,1.7361,-0.7592,-0.3056,-5.3229,2.13,-0.0312,1.5301
-3.0128,-0.722,-1.4979,-0.2391,-4.1148,0.0856,-0.7788,1.8153,2.2789,1.8135,-0.7349,-0.3199,-5.367,2.0786,-0.0853,1.5709
-3.0128,-0.722,-1.4979,-0.2391,-4.1148,0.0856,-0.7788,1.8153,2.2789,1.8135,-0.7349,-0.3199,-5.367,2.0786,-0.0853,1.5709
-3.0128,-0.722,-1.4979,-0.2391,-4.1148,0.0856,-0.7788,1.8153,2.2789,1.8135,-0.7349,-0.3199,-5.367,2.0786,-0.0853,1.5709
-3.0128,-0.722,-1.4979,-0.2391,-4.1148,0.0856,-0.7788,1.8153,2.2789,1.8135,-0.7349,-0.3199,-5.367,2.0786,-0.0853,1.5709
-2.893,-0.7209,-1.3606,-0.2419,-3.9833,0.2101,-0.6251,1.8285,2.045,1.7583,-0.5287,-0.3469,-5.3517,2.0565,-0.1594,1.6406
-2.893,-0.7209,-1.3606,-0.2419,-3.9833,0.2101,-0.6251,1.8285,2.045,1.7583,-0.5287,-0.3469,-5.3517,2.0565,-0.1594,1.6406
-2.6985,-0.7679,-1.3667,-0.1939,-3.9729,0.3006,-0.6667,1.8884,2.1571,1.753,-0.4328,-0.3175,-5.2545,2.0891,-0.0869,1.6476
-2.6985,-0.7679,-1.3667,-0.1939,-3.9729,0.3006,-0.6667,1.8884,2.1571,1.753,-0.4328,-0.3175,-5.2545,2.0891,-0.0869,1.6476
-2.5624,-0.7287,-1.3148,-0.1508,-3.9191,0.329,-0.0498,1.7158,2.2699,1.7475,-0.4105,-0.2443,-5.1946,2.1183,-0.004,1.6402
-2.5624,-0.7287,-1.3148,-0.1508,-3.9191,0.329,-0.0498,1.7158,2.2699,1.7475,-0.4105,-0.2443,-5.1946,2.1183,-0.004,1.6402
-2.6229,-0.6415,-1.2927,-0.1432,-3.8558,0.2908,0.0571,1.7235,2.3834,1.7419,-0.3896,-0.2109,-5.1188,2.1253,0.0894,1.6182
-2.6229,-0.6415,-1.2927,-0.1432,-3.8558,0.2908,0.0571,1.7235,2.3834,1.7419,-0.3896,-0.2109,-5.1188,2.1253,0.0894,1.6182
-2.6229,-0.6415,-1.2927,-0.1432,-3.8558,0.2908,0.0571,1.7235,2.3834,1.7419,-0.3896,-0.2109,-5.1188,2.1253,0.0894,1.6182
-2.7988,-0.6233,-1.2724,-0.2119,-3.9099,0.2626,-0.1866,1.8325,2.3927,1.8079,-0.3916,-0.1869,-4.8113,2.0335,0.1832,1.596
-2.7988,-0.6233,-1.2724,-0.2119,-3.9099,0.2626,-0.1866,1.8325,2.3927,1.8079,-0.3916,-0.1869,-4.8113,2.0335,0.1832,1.596
-2.7988,-0.6233,-1.2724,-0.2119,-3.9099,0.2626,-0.1866,1.8325,2.3927,1.8079,-0.3916,-0.1869,-4.8113,2.0335,0.1832,1.596
-2.9995,-0.6833,-1.2524,-0.2802,-4.1086,0.2857,-0.4387,1.8759,2.3516,1.7878,-0.3916,-0.1869,-4.6948,2.0432,0.1384,1.6228
-2.9995,-0.6833,-1.2524,-0.2802,-4.1086,0.2857,-0.4387,1.8759,2.3516,1.7878,-0.3916,-0.1869,-4.6948,2.0432,0.1384,1.6228
-2.9995,-0.6833,-1.2524,-0.2802,-4.1086,0.2857,-0.4387,1.8759,2.3516,1.7878,-0.3916,-0.1869,-4.6948,2.0432,0.1384,1.6228
-2.9796,-0.712,-1.2804,-0.2397,-4.1086,0.2857,-0.4387,1.8759,2.6129,1.7302,-0.3527,-0.2006,-4.773,2.156,0.1731,1.6105
-2.9264,-0.7308,-1.3086,-0.1991,-4.1086,0.2857,-0.3655,1.8501,2.8669,1.6057,-0.3614,-0.2092,-4.8432,2.1979,0.2426,1.586
-2.9264,-0.7308,-1.3086,-0.1991,-4.1086,0.2857,-0.3655,1.8501,2.8669,1.6057,-0.3614,-0.2092,-4.8432,2.1979,0.2426,1.586
-2.9264,-0.7308,-1.3086,-0.1991,-4.1086,0.2857,-0.3655,1.8501,2.8669,1.6057,-0.3614,-0.2092,-4.8432,2.1979,0.2426,1.586
-2.8595,-0.711,-1.2865,-0.1915,-3.9925,0.2761,-0.3131,1.8543,2.8133,1.764,-0.342,-0.2161,-4.8976,2.2171,0.3821,1.5367
-2.8595,-0.711,-1.2865,-0.1915,-3.9925,0.2761,-0.3131,1.8543,2.8133,1.764,-0.342,-0.2161,-4.8976,2.2171,0.3821,1.5367
-2.8595,-0.711,-1.2865,-0.1915,-3.9925,0.2761,-0.3131,1.8543,2.8133,1.764,-0.342,-0.2161,-4.8976,2.2171,0.3821,1.5367
-2.6446,-0.787,-1.2362,-0.2247,-3.9874,0.3215,-0.2395,1.8283,2.7164,1.9038,-0.2976,-0.2376,-4.8892,2.1458,0.4017,1.5847
-2.6446,-0.787,-1.2362,-0.2247,-3.9874,0.3215,-0.2395,1.8283,2.7164,1.9038,-0.2976,-0.2376,-4.8892,2.1458,0.4017,1.5847
-2.6446,-0.787,-1.2362,-0.2247,-3.9874,0.3215,-0.2395,1.8283,2.7164,1.9038,-0.2976,-0.2376,-4.8892,2.1458,0.4017,1.5847
-2.5022,-0.8155,-1.214,-0.2171,-3.9388,0.3043,-0.1126,1.8063,2.8235,1.8307,-0.2585,-0.2514,-4.9277,2.1424,0.3565,1.6117
-2.5022,-0.8155,-1.214,-0.2171,-3.9388,0.3043,-0.1126,1.8063,2.8235,1.8307,-0.2585,-0.2514,-4.9277,2.1424,0.3565,1.6117
-2.5022,-0.8155,-1.214,-0.2171,-3.9388,0.3043,-0.1126,1.8063,2.8235,1.8307,-0.2585,-0.2514,-4.9277,2.1424,0.3565,1.6117
-2.5483,-0.6898,-1.214,-0.2171,-4.007,0.2969,0.0571,1.7235,2.7586,1.9242,-0.2712,-0.2119,-4.8735,2.1233,0.3114,1.6387
-2.5483,-0.6898,-1.214,-0.2171,-4.007,0.2969,0.0571,1.7235,2.7586,1.9242,-0.2712,-0.2119,-4.8735,2.1233,0.3114,1.6387
-2.6909,-0.6614,-1.1858,-0.2578,-4.0604,0.2686,-0.1447,1.7721,2.726,1.9712,-0.2819,-0.1964,-4.6714,2.0689,0.3362,1.6409
-2.6909,-0.6614,-1.1858,-0.2578,-4.0604,0.2686,-0.1447,1.7721,2.726,1.9712,-0.2819,-0.1964,-4.6714,2.0689,0.3362,1.6409
-2.6909,-0.6614,-1.1858,-0.2578,-4.0604,0.2686,-0.1447,1.7721,2.726,1.9712,-0.2819,-0.1964,-4.6714,2.0689,0.3362,1.6409
-2.7586,-0.6813,-1.1717,-0.2781,-4.1136,0.2405,-0.397,1.8157,2.7586,1.9242,-0.2712,-0.2119,-4.5931,2.0753,0.3114,1.6387
-2.7586,-0.6813,-1.1717,-0.2781,-4.1136,0.2405,-0.397,1.8157,2.7586,1.9242,-0.2712,-0.2119,-4.5931,2.0753,0.3114,1.6387
-2.7586,-0.6813,-1.1717,-0.2781,-4.1136,0.2405,-0.397,1.8157,2.7586,1.9242,-0.2712,-0.2119,-4.5931,2.0753,0.3114,1.6387
-2.7586,-0.6813,-1.1717,-0.2781,-4.1136,0.2405,-0.397,1.8157,2.7586,1.9242,-0.2712,-0.2119,-4.5931,2.0753,0.3114,1.6387
-2.7723,-0.7201,-1.2423,-0.1764,-3.9833,0.2101,-0.3554,1.7557,2.8661,1.8509,-0.3137,-0.2144,-4.656,2.166,0.4368,1.5723
-2.7723,-0.7201,-1.2423,-0.1764,-3.9833,0.2101,-0.3554,1.7557,2.8661,1.8509,-0.3137,-0.2144,-4.656,2.166,0.4368,1.5723
-2.8395,-0.7398,-1.2865,-0.1915,-3.872,0.1551,-0.4596,1.7475,2.8336,1.8978,-0.3225,-0.223,-4.6011,2.1466,0.5424,1.535
-2.8395,-0.7398,-1.3086,-0.1991,-3.8521,0.1794,-0.5321,1.7731,2.6324,1.863,-0.3877,-0.2349,-4.7417,2.1108,0.4118,1.5701
-2.8395,-0.7398,-1.3086,-0.1991,-3.8521,0.1794,-0.5321,1.7731,2.6324,1.863,-0.3877,-0.2349,-4.7417,2.1108,0.4118,1.5701
-2.6925,-0.8351,-1.2945,-0.2194,-3.9296,0.2381,-0.5321,1.7731,2.3608,1.854,-0.4192,-0.2528,-4.8735,2.1233,0.327,1.5781
-2.6925,-0.8351,-1.2945,-0.2194,-3.9296,0.2381,-0.5321,1.7731,2.3608,1.854,-0.4192,-0.2528,-4.8735,2.1233,0.327,1.5781
-2.6925,-0.8351,-1.2945,-0.2194,-3.9296,0.2381,-0.5321,1.7731,2.3608,1.854,-0.4192,-0.2528,-4.8735,2.1233,0.327,1.5781
