0.8681,-0.8802,1.2836,-0.3627,1.2405,-0.6434,2.0197,-0.9545,0.9217,-0.5025,0.5079,-1.0447,-1.251,-1.0457,0.5805,-0.8008
0.8681,-0.8802,1.2836,-0.3627,1.2405,-0.6434,2.0197,-0.9545,0.9217,-0.5025,0.5079,-1.0447,-1.251,-1.0457,0.5805,-0.8008
0.897,-0.882,1.3011,-0.3639,1.2645,-0.6367,2.0376,-0.9495,0.9164,-0.588,0.5295,-1.0422,-1.2624,-1.0417,0.5878,-0.7896
0.897,-0.882,1.3011,-0.3639,1.2645,-0.6367,2.0376,-0.9495,0.9164,-0.588,0.5295,-1.0422,-1.2624,-1.0417,0.5878,-0.7896
0.9112,-0.8785,1.314,-0.3583,1.2837,-0.6313,2.0414,-0.9395,0.9431,-0.6264,0.5559,-1.0464,-1.2624,-1.0417,0.5935,-0.7834
0.9112,-0.8785,1.314,-0.3583,1.2837,-0.6313,2.0414,-0.9395,0.9431,-0.6264,0.5559,-1.0464,-1.2624,-1.0417,0.5935,-0.7834
0.9255,-0.8751,1.3428,-0.3634,1.2905,-0.6246,2.0541,-0.9269,0.9108,-0.6728,0.5722,-1.0496,-1.2667,-1.0354,0.6002,-0.7857
0.9328,-0.8777,1.3539,-0.3673,1.2773,-0.6138,2.0541,-0.9269,0.9534,-0.6879,0.5948,-1.055,-1.2641,-1.0269,0.6136,-0.7905
0.9328,-0.8777,1.3539,-0.3673,1.2773,-0.6138,2.0541,-0.9269,0.9534,-0.6879,0.5948,-1.055,-1.2641,-1.0269,0.6136,-0.7905
0.9328,-0.8777,1.3539,-0.3673,1.2773,-0.6138,2.0541,-0.9269,0.9534,-0.6879,0.5948,-1.055,-1.2641,-1.0269,0.6136,-0.7905
0.9376,-0.8766,1.3604,-0.3645,1.2565,-0.6004,2.0631,-0.9244,0.9696,-0.6647,0.5986,-1.0538,-1.2641,-1.0269,0.6253,-0.8001
0.9376,-0.8766,1.3604,-0.3645,1.2565,-0.6004,2.0631,-0.9244,0.9696,-0.6647,0.5986,-1.0538,-1.2641,-1.0269,0.6253,-0.8001
0.9376,-0.8766,1.3604,-0.3645,1.2565,-0.6004,2.0631,-0.9244,0.9696,-0.6647,0.5986,-1.0538,-1.2641,-1.0269,0.6253,-0.8001
0.9376,-0.8766,1.3604,-0.3645,1.2565,-0.6004,2.0631,-0.9244,0.9696,-0.6647,0.5986,-1.0538,-1.2641,-1.0269,0.6253,-0.8001
0.9505,-0.8952,1.3521,-0.3768,1.2194,-0.5964,2.0503,-0.937,1.0287,-0.6567,0.5831,-1.0586,-1.2641,-1.0269,0.6221,-0.81
0.9505,-0.8952,1.3521,-0.3768,1.2194,-0.5964,2.0503,-0.937,1.0287,-0.6567,0.5831,-1.0586,-1.2641,-1.0269,0.6221,-0.81
0.9583,-0.9064,1.3345,-0.3756,1.2002,-0.6018,2.0466,-0.947,1.1146,-0.687,0.5606,-1.0531,-1.2641,-1.0269,0.6205,-0.8149
0.9583,-0.9064,1.3345,-0.3756,1.2002,-0.6018,2.0466,-0.947,1.1146,-0.687,0.5606,-1.0531,-1.2641,-1.0269,0.6205,-0.8149
0.9583,-0.9064,1.3345,-0.3756,1.2002,-0.6018,2.0466,-0.947,1.1146,-0.687,0.5606,-1.0531,-1.2641,-1.0269,0.6205,-0.8149
0.9634,-0.9139,1.3298,-0.3689,1.1982,-0.6072,2.0466,-0.947,1.1146,-0.687,0.5358,-1.0444,-1.2667,-1.0354,0.6188,-0.8199
0.9634,-0.9139,1.3298,-0.3689,1.1982,-0.6072,2.0466,-0.947,1.1146,-0.687,0.5358,-1.0444,-1.2667,-1.0354,0.6188,-0.8199
0.9634,-0.9139,1.3298,-0.3689,1.1982,-0.6072,2.0466,-0.947,1.1146,-0.687,0.5358,-1.0444,-1.2667,-1.0354,0.6188,-0.8199
0.9345,-0.9121,1.3076,-0.3611,1.1875,-0.6246,2.057,-0.9621,1.2009,-0.7175,0.5124,-1.031,-1.2624,-1.0417,0.6172,-0.8248
0.9345,-0.9121,1.3076,-0.3611,1.1875,-0.6246,2.057,-0.9621,1.2009,-0.7175,0.5124,-1.031,-1.2624,-1.0417,0.6172,-0.8248
0.9224,-0.9106,1.3029,-0.3544,1.1779,-0.6273,2.0622,-0.9696,1.2108,-0.7788,0.4938,-1.0244,-1.2807,-1.04,0.6156,-0.8297
0.9224,-0.9106,1.3029,-0.3544,1.1779,-0.6273,2.0622,-0.9696,1.2108,-0.7788,0.4938,-1.0244,-1.2807,-1.04,0.6156,-0.8297
0.9224,-0.9106,1.3029,-0.3544,1.1779,-0.6273,2.0622,-0.9696,1.2108,-0.7788,0.4938,-1.0244,-1.2807,-1.04,0.6156,-0.8297
0.9103,-0.9092,1.2918,-0.3504,1.1684,-0.63,2.0765,-0.9746,1.1843,-0.7406,0.4876,-1.0223,-1.285,-1.0337,0.6156,-0.8297
0.8931,-0.9003,1.2854,-0.3532,1.1664,-0.6354,2.0907,-0.9796,1.1843,-0.7406,0.4776,-1.0213,-1.2807,-1.04,0.6048,-0.8286
0.8711,-0.8925,1.2854,-0.3532,1.1493,-0.6354,2.0959,-0.9872,1.1843,-0.7406,0.4661,-1.0248,-1.2877,-1.0422,0.5873,-0.8252
0.8711,-0.8925,1.2854,-0.3532,1.1493,-0.6354,2.0959,-0.9872,1.1843,-0.7406,0.4661,-1.0248,-1.2877,-1.0422,0.5873,-0.8252
0.8612,-0.8862,1.2854,-0.3532,1.1398,-0.6381,2.1243,-0.9972,1.1843,-0.7406,0.463,-1.034,-1.299,-1.0382,0.5724,-0.8254
0.8612,-0.8862,1.2854,-0.3532,1.1398,-0.6381,2.1243,-0.9972,1.1843,-0.7406,0.463,-1.034,-1.299,-1.0382,0.5724,-0.8254
0.8488,-0.8762,1.2743,-0.3493,1.1227,-0.6381,2.1243,-0.9972,1.1146,-0.687,0.45,-1.0421,-1.2946,-1.0445,0.5484,-0.8197
0.8488,-0.8762,1.2743,-0.3493,1.1227,-0.6381,2.1243,-0.9972,1.1146,-0.687,0.45,-1.0421,-1.2946,-1.0445,0.5484,-0.8197
0.8488,-0.8762,1.2743,-0.3493,1.1227,-0.6381,2.1243,-0.9972,1.1146,-0.687,0.45,-1.0421,-1.2946,-1.0445,0.5484,-0.8197
0.8247,-0.8733,1.2614,-0.3549,1.1037,-0.6435,2.0921,-0.9972,1.1044,-0.6254,0.4432,-1.0524,-1.279,-1.0548,0.531,-0.8163
0.8247,-0.8733,1.2614,-0.3549,1.1037,-0.6435,2.0921,-0.9972,1.1044,-0.6254,0.4432,-1.0524,-1.279,-1.0548,0.531,-0.8163
0.8033,-0.8741,1.2486,-0.3605,1.082,-0.6449,2.0353,-0.9771,1.045,-0.6334,0.4263,-1.0617,-1.2773,-1.0695,0.5053,-0.8155
0.8033,-0.8741,1.2486,-0.3605,1.082,-0.6449,2.0353,-0.9771,1.045,-0.6334,0.4263,-1.0617,-1.2773,-1.0695,0.5053,-0.8155
0.7823,-0.8836,1.2515,-0.3767,1.0461,-0.6503,1.9609,-0.9621,1.045,-0.6334,0.4134,-1.0698,-1.2956,-1.0678,0.4839,-0.8134
0.7823,-0.8836,1.2515,-0.3767,1.0461,-0.6503,1.9609,-0.9621,1.045,-0.6334,0.4134,-1.0698,-1.2956,-1.0678,0.4839,-0.8134
0.7823,-0.8836,1.2515,-0.3767,1.0461,-0.6503,1.9609,-0.9621,1.045,-0.6334,0.4134,-1.0698,-1.2956,-1.0678,0.4839,-0.8134
0.7614,-0.893,1.2543,-0.3928,1.0177,-0.6583,1.906,-0.9597,1.0716,-0.6719,0.398,-1.0746,-1.3138,-1.0661,0.465,-0.8149
0.7614,-0.893,1.2543,-0.3928,1.0177,-0.6583,1.906,-0.9597,1.0716,-0.6719,0.398,-1.0746,-1.3138,-1.0661,0.465,-0.8149
0.7525,-0.9038,1.2682,-0.4129,0.984,-0.6584,1.8601,-0.9548,1.0552,-0.695,0.3789,-1.0805,-1.3546,-1.0564,0.4511,-0.8237
0.7525,-0.9038,1.2682,-0.4129,0.984,-0.6584,1.8601,-0.9548,1.0552,-0.695,0.3789,-1.0805,-1.3546,-1.0564,0.4511,-0.8237
0.741,-0.9109,1.2618,-0.4157,0.9624,-0.6598,1.8232,-0.9474,1.0818,-0.7332,0.3637,-1.0852,-1.3815,-1.0421,0.4388,-0.8276
0.7269,-0.9144,1.2554,-0.4184,0.9436,-0.6652,1.8056,-0.9525,1.0818,-0.7332,0.3446,-1.0911,-1.4196,-1.024,0.4225,-0.8327
0.7269,-0.9144,1.2554,-0.4184,0.9436,-0.6652,1.8056,-0.9525,1.0818,-0.7332,0.3446,-1.0911,-1.4196,-1.024,0.4225,-0.8327
0.7269,-0.9144,1.2554,-0.4184,0.9436,-0.6652,1.8056,-0.9525,1.0818,-0.7332,0.3446,-1.0911,-1.4196,-1.024,0.4225,-0.8327
0.7248,-0.9192,1.2333,-0.4106,0.9194,-0.6627,1.7968,-0.955,1.1412,-0.7254,0.3248,-1.0892,-1.4309,-1.02,0.4077,-0.833
0.7248,-0.9192,1.2333,-0.4106,0.9194,-0.6627,1.7968,-0.955,1.1412,-0.7254,0.3248,-1.0892,-1.4309,-1.02,0.4077,-0.833
0.7248,-0.9192,1.2333,-0.4106,0.9194,-0.6627,1.7968,-0.955,1.1412,-0.7254,0.3248,-1.0892,-1.4309,-1.02,0.4077,-0.833
0.6916,-0.9186,1.1689,-0.3778,0.8839,-0.6681,1.7791,-0.9601,1.2707,-0.7711,0.2822,-1.0943,-1.474,-1.0189,0.3701,-0.8361
0.6916,-0.9186,1.1689,-0.3778,0.8839,-0.6681,1.7791,-0.9601,1.2707,-0.7711,0.2822,-1.0943,-1.474,-1.0189,0.3701,-0.8361
0.6725,-0.9147,1.133,-0.35,0.8745,-0.6708,1.7652,-0.9551,1.2707,-0.7711,0.2624,-1.0924,-1.4722,-1.0337,0.3554,-0.8363
0.6725,-0.9147,1.133,-0.35,0.8745,-0.6708,1.7652,-0.9551,1.2707,-0.7711,0.2624,-1.0924,-1.4722,-1.0337,0.3554,-0.8363
0.6627,-0.9084,1.1127,-0.3327,0.8718,-0.6668,1.7564,-0.9577,1.2108,-0.7788,0.2563,-1.0902,-1.4705,-1.0484,0.3514,-0.8376
0.6627,-0.9084,1.1127,-0.3327,0.8718,-0.6668,1.7564,-0.9577,1.2108,-0.7788,0.2563,-1.0902,-1.4705,-1.0484,0.3514,-0.8376
0.6741,-0.9013,1.1144,-0.3232,0.8924,-0.6561,1.76,-0.9477,1.1843,-0.7406,0.279,-1.0831,-1.4567,-1.0439,0.3808,-0.8371
0.6741,-0.9013,1.1144,-0.3232,0.8924,-0.6561,1.76,-0.9477,1.1843,-0.7406,0.279,-1.0831,-1.4567,-1.0439,0.3808,-0.8371
0.697,-0.887,1.1335,-0.3148,0.942,-0.6466,1.8004,-0.945,1.088,-0.6486,0.317,-1.0712,-1.4273,-1.0495,0.4209,-0.8376
0.697,-0.887,1.1335,-0.3148,0.942,-0.6466,1.8004,-0.945,1.088,-0.6486,0.317,-1.0712,-1.4273,-1.0495,0.4209,-0.8376
0.7438,-0.8756,1.1747,-0.3141,1.0133,-0.6357,1.8586,-0.9373,0.9915,-0.5563,0.3788,-1.0601,-1.3841,-1.0507,0.4668,-0.832
0.7438,-0.8756,1.1747,-0.3141,1.0133,-0.6357,1.8586,-0.9373,0.9915,-0.5563,0.3788,-1.0601,-1.3841,-1.0507,0.4668,-0.832
0.7934,-0.8679,1.2206,-0.3202,1.0926,-0.6275,1.917,-0.9296,0.9808,-0.4941,0.4347,-1.0469,-1.3381,-1.0433,0.5161,-0.8165
0.7934,-0.8679,1.2206,-0.3202,1.0926,-0.6275,1.917,-0.9296,0.9808,-0.4941,0.4347,-1.0469,-1.3381,-1.0433,0.5161,-0.8165
0.8505,-0.8627,1.2732,-0.3235,1.1751,-0.6233,1.9757,-0.922,0.9378,-0.4789,0.4793,-1.0372,-1.3129,-1.0428,0.549,-0.8062
0.8836,-0.8547,1.3241,-0.3364,1.2361,-0.6206,2.0257,-0.9168,1.0077,-0.5328,0.5287,-1.0342,-1.2807,-1.04,0.5729,-0.7899
0.8836,-0.8547,1.3241,-0.3364,1.2361,-0.6206,2.0257,-0.9168,1.0077,-0.5328,0.5287,-1.0342,-1.2807,-1.04,0.5729,-0.7899
0.9173,-0.8553,1.364,-0.3455,1.2753,-0.6192,2.0436,-0.9118,0.9858,-0.6415,0.5589,-1.0372,-1.272,-1.0525,0.5761,-0.78
0.9173,-0.8553,1.364,-0.3455,1.2753,-0.6192,2.0436,-0.9118,0.9858,-0.6415,0.5589,-1.0372,-1.272,-1.0525,0.5761,-0.78
0.9173,-0.8553,1.364,-0.3455,1.2753,-0.6192,2.0436,-0.9118,0.9858,-0.6415,0.5589,-1.0372,-1.272,-1.0525,0.5761,-0.78
0.9315,-0.8519,1.3975,-0.3573,1.2898,-0.6152,2.0668,-0.9143,0.9799,-0.726,0.5815,-1.0427,-1.279,-1.0548,0.5777,-0.775
0.9315,-0.8519,1.3975,-0.3573,1.2898,-0.6152,2.0668,-0.9143,0.9799,-0.726,0.5815,-1.0427,-1.279,-1.0548,0.5777,-0.775
0.9315,-0.8519,1.3975,-0.3573,1.2898,-0.6152,2.0668,-0.9143,0.9799,-0.726,0.5815,-1.0427,-1.279,-1.0548,0.5777,-0.775
0.9484,-0.8522,1.4151,-0.3584,1.2938,-0.6044,2.0848,-0.9092,0.9899,-0.7869,0.6079,-1.0469,-1.279,-1.0548,0.5859,-0.7724
0.9579,-0.8499,1.4105,-0.3517,1.293,-0.595,2.0938,-0.9067,1.0162,-0.8247,0.6306,-1.0523,-1.272,-1.0525,0.5993,-0.7771
0.9579,-0.8499,1.4105,-0.3517,1.293,-0.595,2.0938,-0.9067,1.0162,-0.8247,0.6306,-1.0523,-1.272,-1.0525,0.5993,-0.7771
0.9727,-0.8551,1.4058,-0.345,1.2722,-0.5815,2.0938,-0.9067,1.0326,-0.8019,0.6407,-1.0533,-1.2694,-1.044,0.6126,-0.7819
0.9727,-0.8551,1.4058,-0.345,1.2722,-0.5815,2.0938,-0.9067,1.0326,-0.8019,0.6407,-1.0533,-1.2694,-1.044,0.6126,-0.7819
0.9679,-0.8562,1.3946,-0.341,1.2541,-0.5721,2.0796,-0.9017,1.0226,-0.7411,0.6344,-1.0511,-1.2694,-1.044,0.6152,-0.7855
0.9679,-0.8562,1.3946,-0.341,1.2541,-0.5721,2.0796,-0.9017,1.0226,-0.7411,0.6344,-1.0511,-1.2694,-1.044,0.6152,-0.7855
0.9731,-0.8637,1.3788,-0.3303,1.2293,-0.5694,2.0706,-0.9042,1.0982,-0.7102,0.622,-1.0467,-1.2667,-1.0354,0.6177,-0.7892
0.9856,-0.8738,1.3741,-0.3236,1.2197,-0.5722,2.0563,-0.8992,1.1743,-0.6791,0.6095,-1.0423,-1.2597,-1.0332,0.6136,-0.7905
0.9856,-0.8738,1.3741,-0.3236,1.2197,-0.5722,2.0563,-0.8992,1.1743,-0.6791,0.6095,-1.0423,-1.2597,-1.0332,0.6136,-0.7905
0.9856,-0.8738,1.3741,-0.3236,1.2197,-0.5722,2.0563,-0.8992,1.1743,-0.6791,0.6095,-1.0423,-1.2597,-1.0332,0.6136,-0.7905
0.9861,-0.8824,1.3582,-0.3129,1.2082,-0.5803,2.0384,-0.9042,1.1908,-0.6559,0.5908,-1.0357,-1.2711,-1.0292,0.6027,-0.7894
0.9861,-0.8824,1.3582,-0.3129,1.2082,-0.5803,2.0384,-0.9042,1.1908,-0.6559,0.5908,-1.0357,-1.2711,-1.0292,0.6027,-0.7894
0.9861,-0.8824,1.3582,-0.3129,1.2082,-0.5803,2.0384,-0.9042,1.1908,-0.6559,0.5908,-1.0357,-1.2711,-1.0292,0.6027,-0.7894
0.9791,-0.8884,1.3406,-0.3117,1.1918,-0.5897,2.0204,-0.9093,1.1908,-0.6559,0.5682,-1.0303,-1.2781,-1.0314,0.5945,-0.792
0.9791,-0.8884,1.3406,-0.3117,1.1918,-0.5897,2.0204,-0.9093,1.1908,-0.6559,0.5682,-1.0303,-1.2781,-1.0314,0.5945,-0.792
0.9791,-0.8884,1.3406,-0.3117,1.1918,-0.5897,2.0204,-0.9093,1.1908,-0.6559,0.5682,-1.0303,-1.2781,-1.0314,0.5945,-0.792
0.9795,-0.897,1.323,-0.3106,1.201,-0.6112,2.0346,-0.9143,1.2175,-0.6944,0.5371,-1.0193,-1.292,-1.036,0.5754,-0.7935
0.9795,-0.897,1.323,-0.3106,1.201,-0.6112,2.0346,-0.9143,1.2175,-0.6944,0.5371,-1.0193,-1.292,-1.036,0.5754,-0.7935
0.96,-0.893,1.3323,-0.3241,1.1914,-0.6139,2.0399,-0.9219,1.2175,-0.6944,0.5309,-1.0171,-1.3033,-1.032,0.5754,-0.7935
0.96,-0.893,1.3323,-0.3241,1.1914,-0.6139,2.0399,-0.9219,1.2175,-0.6944,0.5309,-1.0171,-1.3033,-1.032,0.5754,-0.7935
0.96,-0.893,1.3323,-0.3241,1.1914,-0.6139,2.0399,-0.9219,1.2175,-0.6944,0.5309,-1.0171,-1.3033,-1.032,0.5754,-0.7935
0.9453,-0.8878,1.3259,-0.3269,1.1895,-0.6193,2.0736,-0.9395,1.2009,-0.7175,0.517,-1.0173,-1.3216,-1.0302,0.5738,-0.7984
0.9453,-0.8878,1.3259,-0.3269,1.1895,-0.6193,2.0736,-0.9395,1.2009,-0.7175,0.517,-1.0173,-1.3216,-1.0302,0.5738,-0.7984
0.9453,-0.8878,1.3259,-0.3269,1.1895,-0.6193,2.0736,-0.9395,1.2009,-0.7175,0.517,-1.0173,-1.3216,-1.0302,0.5738,-0.7984
0.906,-0.8711,1.3194,-0.3297,1.1779,-0.6273,2.102,-0.9495,1.1577,-0.7023,0.5171,-1.0378,-1.3242,-1.0388,0.5589,-0.7987
0.906,-0.8711,1.3194,-0.3297,1.1779,-0.6273,2.102,-0.9495,1.1577,-0.7023,0.5171,-1.0378,-1.3242,-1.0388,0.5589,-0.7987
0.8892,-0.8708,1.3018,-0.3286,1.1664,-0.6354,2.1035,-0.9671,1.088,-0.6486,0.5079,-1.0447,-1.3312,-1.041,0.5573,-0.8036
0.8892,-0.8708,1.3018,-0.3286,1.1664,-0.6354,2.1035,-0.9671,1.088,-0.6486,0.5079,-1.0447,-1.3312,-1.041,0.5573,-0.8036
0.8892,-0.8708,1.3018,-0.3286,1.1664,-0.6354,2.1035,-0.9671,1.088,-0.6486,0.5079,-1.0447,-1.3312,-1.041,0.5573,-0.8036
0.8625,-0.8642,1.2954,-0.3314,1.1493,-0.6354,2.0945,-0.9696,1.045,-0.6334,0.4972,-1.0562,-1.3268,-1.0473,0.5449,-0.8075
0.8625,-0.8642,1.2954,-0.3314,1.1493,-0.6354,2.0945,-0.9696,1.045,-0.6334,0.4972,-1.0562,-1.3268,-1.0473,0.5449,-0.8075
0.8625,-0.8642,1.2954,-0.3314,1.1493,-0.6354,2.0945,-0.9696,1.045,-0.6334,0.4972,-1.0562,-1.3268,-1.0473,0.5449,-0.8075
0.8191,-0.8573,1.2603,-0.3292,1.1085,-0.6421,2.0055,-0.9495,1.0287,-0.6567,0.461,-1.0714,-1.3321,-1.0643,0.512,-0.8178
0.8191,-0.8573,1.2603,-0.3292,1.1085,-0.6421,2.0055,-0.9495,1.0287,-0.6567,0.461,-1.0714,-1.3321,-1.0643,0.512,-0.8178
0.7951,-0.8544,1.2428,-0.328,1.0867,-0.6435,1.9594,-0.9446,1.0124,-0.6798,0.438,-1.0785,-1.3347,-1.0728,0.4889,-0.8206
0.7951,-0.8544,1.2428,-0.328,1.0867,-0.6435,1.9594,-0.9446,1.0124,-0.6798,0.438,-1.0785,-1.3347,-1.0728,0.4889,-0.8206
0.7784,-0.8541,1.2253,-0.3269,1.0678,-0.6489,1.9222,-0.9371,0.9696,-0.6647,0.4203,-1.0799,-1.3373,-1.0813,0.47,-0.8222
0.7784,-0.8541,1.2253,-0.3269,1.0678,-0.6489,1.9222,-0.9371,0.9696,-0.6647,0.4203,-1.0799,-1.3373,-1.0813,0.47,-0.8222
0.7784,-0.8541,1.2253,-0.3269,1.0678,-0.6489,1.9222,-0.9371,0.9696,-0.6647,0.4203,-1.0799,-1.3373,-1.0813,0.47,-0.8222
0.757,-0.855,1.2189,-0.3297,1.0386,-0.6476,1.88,-0.9222,0.9696,-0.6647,0.3927,-1.0803,-1.3287,-1.0938,0.4445,-0.8214
0.7361,-0.8644,1.2043,-0.3449,0.9925,-0.6464,1.8149,-0.9049,0.9534,-0.6879,0.3736,-1.0862,-1.3495,-1.1005,0.4124,-0.8182
0.708,-0.8713,1.1962,-0.3572,0.9569,-0.6519,1.764,-0.8926,0.8947,-0.6959,0.3484,-1.09,-1.3747,-1.101,0.387,-0.8175
0.708,-0.8713,1.1962,-0.3572,0.9569,-0.6519,1.764,-0.8926,0.8947,-0.6959,0.3484,-1.09,-1.3747,-1.101,0.387,-0.8175
0.708,-0.8713,1.1962,-0.3572,0.9569,-0.6519,1.764,-0.8926,0.8947,-0.6959,0.3484,-1.09,-1.3747,-1.101,0.387,-0.8175
0.708,-0.8713,1.1962,-0.3572,0.9569,-0.6519,1.764,-0.8926,0.8947,-0.6959,0.3484,-1.09,-1.3747,-1.101,0.387,-0.8175
0.6846,-0.8771,1.188,-0.3694,0.9111,-0.6507,1.7133,-0.8803,0.9211,-0.7339,0.3271,-1.0925,-1.3997,-1.1016,0.3657,-0.8154
0.6846,-0.8771,1.188,-0.3694,0.9111,-0.6507,1.7133,-0.8803,0.9211,-0.7339,0.3271,-1.0925,-1.3997,-1.1016,0.3657,-0.8154
0.6639,-0.8865,1.1642,-0.3711,0.8729,-0.6522,1.6731,-0.8831,0.8786,-0.7189,0.3096,-1.0939,-1.4291,-1.0959,0.347,-0.817
0.638,-0.8885,1.1625,-0.3806,0.8367,-0.6484,1.6417,-0.8833,0.8786,-0.7189,0.2982,-1.0974,-1.467,-1.0778,0.3389,-0.8195
0.638,-0.8885,1.1625,-0.3806,0.8367,-0.6484,1.6417,-0.8833,0.8786,-0.7189,0.2982,-1.0974,-1.467,-1.0778,0.3389,-0.8195
0.6169,-0.8894,1.1764,-0.4006,0.8052,-0.6433,1.6295,-0.8959,0.8523,-0.6809,0.2883,-1.0965,-1.4781,-1.0739,0.3283,-0.8185
0.6169,-0.8894,1.1764,-0.4006,0.8052,-0.6433,1.6295,-0.8959,0.8523,-0.6809,0.2883,-1.0965,-1.4781,-1.0739,0.3283,-0.8185
0.6097,-0.8869,1.1764,-0.4006,0.7997,-0.6353,1.6295,-0.8959,0.8523,-0.6809,0.2959,-1.0941,-1.4868,-1.0614,0.3257,-0.8149
0.6215,-0.8883,1.181,-0.4073,0.8182,-0.6299,1.6243,-0.8884,0.9108,-0.6728,0.3224,-1.0858,-1.473,-1.0569,0.3445,-0.8133
0.6215,-0.8883,1.181,-0.4073,0.8182,-0.6299,1.6243,-0.8884,0.9108,-0.6728,0.3224,-1.0858,-1.473,-1.0569,0.3445,-0.8133
0.6215,-0.8883,1.181,-0.4073,0.8182,-0.6299,1.6243,-0.8884,0.9108,-0.6728,0.3224,-1.0858,-1.473,-1.0569,0.3445,-0.8133
0.6567,-0.8839,1.1938,-0.4017,0.8648,-0.6163,1.6644,-0.8857,0.8843,-0.6346,0.3643,-1.0728,-1.4411,-1.0541,0.3754,-0.8079
0.6567,-0.8839,1.1938,-0.4017,0.8648,-0.6163,1.6644,-0.8857,0.8843,-0.6346,0.3643,-1.0728,-1.4411,-1.0541,0.3754,-0.8079
0.6567,-0.8839,1.1938,-0.4017,0.8648,-0.6163,1.6644,-0.8857,0.8843,-0.6346,0.3643,-1.0728,-1.4411,-1.0541,0.3754,-0.8079
0.7033,-0.8725,1.2258,-0.3878,0.9284,-0.6027,1.7133,-0.8803,0.8683,-0.6578,0.4148,-1.0653,-1.4179,-1.0387,0.4146,-0.7999
0.7549,-0.8598,1.2689,-0.3778,0.9997,-0.5916,1.7764,-0.88,0.9004,-0.6113,0.4671,-1.0532,-1.3763,-1.0251,0.4647,-0.7929
0.7549,-0.8598,1.2689,-0.3778,0.9997,-0.5916,1.7764,-0.88,0.9004,-0.6113,0.4671,-1.0532,-1.3763,-1.0251,0.4647,-0.7929
0.8165,-0.8535,1.3076,-0.3611,1.0715,-0.5806,1.8487,-0.8771,0.9592,-0.6031,0.518,-1.0457,-1.3573,-1.0034,0.5108,-0.7872
0.8165,-0.8535,1.3076,-0.3611,1.0715,-0.5806,1.8487,-0.8771,0.9592,-0.6031,0.518,-1.0457,-1.3573,-1.0034,0.5108,-0.7872
0.8711,-0.8446,1.3399,-0.3471,1.1369,-0.5764,1.9213,-0.8743,1.0716,-0.6719,0.5536,-1.043,-1.3477,-0.9926,0.5462,-0.7804
0.8711,-0.8446,1.3399,-0.3471,1.1369,-0.5764,1.9213,-0.8743,1.0716,-0.6719,0.5536,-1.043,-1.3477,-0.9926,0.5462,-0.7804
0.909,-0.8355,1.3723,-0.3331,1.1902,-0.5709,1.9711,-0.869,1.2707,-0.7711,0.583,-1.0381,-1.3225,-0.992,0.5694,-0.7776
0.909,-0.8355,1.3723,-0.3331,1.1902,-0.5709,1.9711,-0.869,1.2707,-0.7711,0.583,-1.0381,-1.3225,-0.992,0.5694,-0.7776
0.9475,-0.8349,1.3871,-0.318,1.2321,-0.5735,2.0211,-0.8638,1.4617,-0.8097,0.6087,-1.0343,-1.3085,-0.9875,0.5968,-0.7735
0.9475,-0.8349,1.3871,-0.318,1.2321,-0.5735,2.0211,-0.8638,1.4617,-0.8097,0.6087,-1.0343,-1.3085,-0.9875,0.5968,-0.7735
0.9692,-0.8341,1.3907,-0.2988,1.2541,-0.5721,2.0533,-0.8638,1.532,-0.8634,0.6188,-1.0354,-1.2885,-1.004,0.6142,-0.7769
0.9692,-0.8341,1.3907,-0.2988,1.2541,-0.5721,2.0533,-0.8638,1.532,-0.8634,0.6188,-1.0354,-1.2885,-1.004,0.6142,-0.7769
0.9887,-0.8381,1.3925,-0.2892,1.2666,-0.5734,2.0908,-0.8713,1.5932,-0.8561,0.6305,-1.0318,-1.2771,-1.0081,0.6359,-0.779
0.9887,-0.8381,1.3925,-0.2892,1.2666,-0.5734,2.0908,-0.8713,1.5932,-0.8561,0.6305,-1.0318,-1.2771,-1.0081,0.6359,-0.779
0.9887,-0.8381,1.3878,-0.2824,1.2666,-0.5734,2.1051,-0.8763,1.5493,-0.8406,0.6305,-1.0318,-1.2728,-1.0143,0.6468,-0.7801
0.9887,-0.8381,1.3878,-0.2824,1.2666,-0.5734,2.1051,-0.8763,1.5493,-0.8406,0.6305,-1.0318,-1.2728,-1.0143,0.6468,-0.7801
0.9939,-0.8456,1.3719,-0.2717,1.2646,-0.5788,2.1104,-0.8839,1.4617,-0.8097,0.6203,-1.0308,-1.2641,-1.0269,0.6585,-0.7898
0.9939,-0.8456,1.3719,-0.2717,1.2646,-0.5788,2.1104,-0.8839,1.4617,-0.8097,0.6203,-1.0308,-1.2641,-1.0269,0.6585,-0.7898
0.977,-0.8453,1.3766,-0.2785,1.2473,-0.5789,2.1014,-0.8865,1.3478,-0.7404,0.6126,-1.0332,-1.2711,-1.0292,0.6611,-0.7934
0.977,-0.8453,1.3766,-0.2785,1.2473,-0.5789,2.1014,-0.8865,1.3478,-0.7404,0.6126,-1.0332,-1.2711,-1.0292,0.6611,-0.7934
0.977,-0.8453,1.3766,-0.2785,1.2473,-0.5789,2.1014,-0.8865,1.3478,-0.7404,0.6126,-1.0332,-1.2711,-1.0292,0.6611,-0.7934
0.9675,-0.8476,1.3701,-0.2813,1.2329,-0.5829,2.0691,-0.8865,1.1806,-0.5939,0.6009,-1.0367,-1.2894,-1.0274,0.662,-0.802
0.9675,-0.8476,1.3701,-0.2813,1.2329,-0.5829,2.0691,-0.8865,1.1806,-0.5939,0.6009,-1.0367,-1.2894,-1.0274,0.662,-0.802
0.9337,-0.847,1.3553,-0.2965,1.2194,-0.5964,2.0226,-0.8815,0.9315,-0.3291,0.5838,-1.046,-1.3033,-1.032,0.632,-0.8025
0.9337,-0.847,1.3553,-0.2965,1.2194,-0.5964,2.0226,-0.8815,0.9315,-0.3291,0.5838,-1.046,-1.3033,-1.032,0.632,-0.8025
0.9289,-0.8481,1.3536,-0.3061,1.2174,-0.6018,1.989,-0.8639,0.861,-0.2745,0.5761,-1.0484,-1.299,-1.0382,0.612,-0.7954
0.9289,-0.8481,1.3536,-0.3061,1.2174,-0.6018,1.989,-0.8639,0.861,-0.2745,0.5761,-1.0484,-1.299,-1.0382,0.612,-0.7954
0.9289,-0.8481,1.3536,-0.3061,1.2174,-0.6018,1.989,-0.8639,0.861,-0.2745,0.5761,-1.0484,-1.299,-1.0382,0.612,-0.7954
0.9289,-0.8481,1.3536,-0.3061,1.2174,-0.6018,1.989,-0.8639,0.861,-0.2745,0.5761,-1.0484,-1.299,-1.0382,0.612,-0.7954
0.9216,-0.8455,1.3536,-0.3061,1.2202,-0.6058,1.9837,-0.8563,0.8725,-0.3379,0.5668,-1.0553,-1.3016,-1.0468,0.5878,-0.7896
0.9216,-0.8455,1.3536,-0.3061,1.2202,-0.6058,1.9837,-0.8563,0.8725,-0.3379,0.5668,-1.0553,-1.3016,-1.0468,0.5878,-0.7896
0.9099,-0.8527,1.3341,-0.3146,1.201,-0.6112,1.9517,-0.8565,0.9592,-0.6031,0.5684,-1.0712,-1.3251,-1.0621,0.5421,-0.7817
0.9099,-0.8527,1.3341,-0.3146,1.201,-0.6112,1.9517,-0.8565,0.9592,-0.6031,0.5684,-1.0712,-1.3251,-1.0621,0.5421,-0.7817
0.9099,-0.8527,1.3341,-0.3146,1.201,-0.6112,1.9517,-0.8565,0.9592,-0.6031,0.5684,-1.0712,-1.3251,-1.0621,0.5421,-0.7817
0.9099,-0.8527,1.3341,-0.3146,1.201,-0.6112,1.9517,-0.8565,0.9592,-0.6031,0.5684,-1.0712,-1.3251,-1.0621,0.5421,-0.7817
0.9004,-0.855,1.323,-0.3106,1.1811,-0.6072,1.9569,-0.864,1.0287,-0.6567,0.5755,-1.0813,-1.3321,-1.0643,0.5339,-0.7843
0.9004,-0.855,1.323,-0.3106,1.1811,-0.6072,1.9569,-0.864,1.0287,-0.6567,0.5755,-1.0813,-1.3321,-1.0643,0.5339,-0.7843
0.9004,-0.855,1.323,-0.3106,1.1811,-0.6072,1.9569,-0.864,1.0287,-0.6567,0.5755,-1.0813,-1.3321,-1.0643,0.5339,-0.7843
0.8836,-0.8547,1.3212,-0.3202,1.1365,-0.6006,1.9354,-0.8793,1.1511,-0.7865,0.5709,-1.095,-1.3729,-1.0546,0.5183,-0.7981
0.8836,-0.8547,1.3212,-0.3202,1.1365,-0.6006,1.9354,-0.8793,1.1511,-0.7865,0.5709,-1.095,-1.3729,-1.0546,0.5183,-0.7981
0.8836,-0.8547,1.3212,-0.3202,1.1365,-0.6006,1.9354,-0.8793,1.1511,-0.7865,0.5709,-1.095,-1.3729,-1.0546,0.5183,-0.7981
0.8694,-0.8581,1.3147,-0.323,1.1044,-0.5953,1.9265,-0.8818,1.1941,-0.8017,0.5616,-1.1019,-1.3798,-1.0569,0.5035,-0.7983
0.8599,-0.8604,1.2972,-0.3219,1.0826,-0.5967,1.9087,-0.8869,1.2108,-0.7788,0.5438,-1.1032,-1.391,-1.0529,0.4886,-0.7986
0.8578,-0.8653,1.2796,-0.3207,1.0534,-0.5954,1.8857,-0.8845,1.1843,-0.7406,0.5113,-1.0968,-1.398,-1.0552,0.4763,-0.8025
0.8578,-0.8653,1.2796,-0.3207,1.0534,-0.5954,1.8857,-0.8845,1.1843,-0.7406,0.5113,-1.0968,-1.398,-1.0552,0.4763,-0.8025
0.863,-0.8727,1.2843,-0.3275,1.0289,-0.5929,1.8768,-0.887,1.1577,-0.7023,0.4812,-1.0938,-1.4092,-1.0512,0.4681,-0.8051
0.863,-0.8727,1.2843,-0.3275,1.0289,-0.5929,1.8768,-0.887,1.1577,-0.7023,0.4812,-1.0938,-1.4092,-1.0512,0.4681,-0.8051
0.863,-0.8727,1.2843,-0.3275,1.0289,-0.5929,1.8768,-0.887,1.1577,-0.7023,0.4812,-1.0938,-1.4092,-1.0512,0.4681,-0.8051
0.8608,-0.8776,1.2667,-0.3263,1.0025,-0.5956,1.8539,-0.8846,1.1412,-0.7254,0.4388,-1.0864,-1.423,-1.0557,0.4426,-0.8043
0.8608,-0.8776,1.2667,-0.3263,1.0025,-0.5956,1.8539,-0.8846,1.1412,-0.7254,0.4388,-1.0864,-1.423,-1.0557,0.4426,-0.8043
0.8608,-0.8776,1.2667,-0.3263,1.0025,-0.5956,1.8539,-0.8846,1.1412,-0.7254,0.4388,-1.0864,-1.423,-1.0557,0.4426,-0.8043
0.8466,-0.881,1.2428,-0.328,0.979,-0.6024,1.8273,-0.8923,1.1146,-0.687,0.4127,-1.0823,-1.4187,-1.062,0.4304,-0.8081
0.8325,-0.8845,1.2364,-0.3308,0.9554,-0.6092,1.8045,-0.8899,1.0287,-0.6567,0.3866,-1.0781,-1.4368,-1.0603,0.4181,-0.812
0.8084,-0.8816,1.2142,-0.323,0.9367,-0.6147,1.7956,-0.8924,0.9753,-0.5798,0.3582,-1.0706,-1.4549,-1.0586,0.4033,-0.8123
0.8084,-0.8816,1.2142,-0.323,0.9367,-0.6147,1.7956,-0.8924,0.9753,-0.5798,0.3582,-1.0706,-1.4549,-1.0586,0.4033,-0.8123
0.8084,-0.8816,1.2142,-0.323,0.9367,-0.6147,1.7956,-0.8924,0.9753,-0.5798,0.3582,-1.0706,-1.4549,-1.0586,0.4033,-0.8123
0.7797,-0.8799,1.1921,-0.3152,0.9179,-0.6201,1.7868,-0.895,0.9753,-0.5798,0.3322,-1.0665,-1.4687,-1.0631,0.3911,-0.8162
0.7797,-0.8799,1.1921,-0.3152,0.9179,-0.6201,1.7868,-0.895,0.9753,-0.5798,0.3322,-1.0665,-1.4687,-1.0631,0.3911,-0.8162
0.7485,-0.8744,1.1747,-0.3141,0.8945,-0.6269,1.7972,-0.91,0.9057,-0.526,0.3062,-1.0624,-1.4756,-1.0654,0.3764,-0.8164
0.7485,-0.8744,1.1747,-0.3141,0.8945,-0.6269,1.7972,-0.91,0.9057,-0.526,0.3062,-1.0624,-1.4756,-1.0654,0.3764,-0.8164
0.7485,-0.8744,1.1747,-0.3141,0.8945,-0.6269,1.7972,-0.91,0.9057,-0.526,0.3062,-1.0624,-1.4756,-1.0654,0.3764,-0.8164
0.7148,-0.8653,1.1683,-0.3169,0.8712,-0.6336,1.8024,-0.9175,0.8789,-0.4873,0.2933,-1.0705,-1.4936,-1.0637,0.3642,-0.8203
0.7148,-0.8653,1.1683,-0.3169,0.8712,-0.6336,1.8024,-0.9175,0.8789,-0.4873,0.2933,-1.0705,-1.4936,-1.0637,0.3642,-0.8203
0.7148,-0.8653,1.1683,-0.3169,0.8712,-0.6336,1.8024,-0.9175,0.8789,-0.4873,0.2933,-1.0705,-1.4936,-1.0637,0.3642,-0.8203
0.6594,-0.8486,1.1399,-0.312,0.833,-0.6352,1.7568,-0.9127,0.9057,-0.526,0.2714,-1.0855,-1.4695,-1.0863,0.3308,-0.8221
0.6594,-0.8486,1.1399,-0.312,0.833,-0.6352,1.7568,-0.9127,0.9057,-0.526,0.2714,-1.0855,-1.4695,-1.0863,0.3308,-0.8221
0.6522,-0.846,1.1399,-0.312,0.8424,-0.6324,1.7429,-0.9077,0.9325,-0.5646,0.2836,-1.0898,-1.436,-1.0981,0.3283,-0.8185
0.6522,-0.846,1.1399,-0.312,0.8424,-0.6324,1.7429,-0.9077,0.9325,-0.5646,0.2836,-1.0898,-1.436,-1.0981,0.3283,-0.8185
0.6522,-0.846,1.1399,-0.312,0.8424,-0.6324,1.7429,-0.9077,0.9325,-0.5646,0.2836,-1.0898,-1.436,-1.0981,0.3283,-0.8185
0.6522,-0.846,1.1492,-0.3254,0.8563,-0.6284,1.7149,-0.8979,0.9325,-0.5646,0.3149,-1.0882,-1.4109,-1.0976,0.3379,-0.811
0.6522,-0.846,1.1492,-0.3254,0.8563,-0.6284,1.7149,-0.8979,0.9325,-0.5646,0.3149,-1.0882,-1.4109,-1.0976,0.3379,-0.811
0.6687,-0.8462,1.1759,-0.3399,0.8918,-0.6229,1.7045,-0.8829,0.9164,-0.588,0.366,-1.0886,-1.3859,-1.0971,0.3648,-0.8069
0.6687,-0.8462,1.1759,-0.3399,0.8918,-0.6229,1.7045,-0.8829,0.9164,-0.588,0.366,-1.0886,-1.3859,-1.0971,0.3648,-0.8069
0.7066,-0.8456,1.2264,-0.3527,0.9414,-0.6133,1.7169,-0.8702,0.9696,-0.6647,0.4165,-1.0811,-1.3764,-1.0863,0.3999,-0.8001
0.7066,-0.8456,1.2264,-0.3527,0.9414,-0.6133,1.7169,-0.8702,0.9696,-0.6647,0.4165,-1.0811,-1.3764,-1.0863,0.3999,-0.8001
0.7916,-0.8334,1.3363,-0.3661,1.0534,-0.5954,1.7836,-0.8598,0.9696,-0.6647,0.5057,-1.0618,-1.3434,-1.0603,0.4811,-0.7877
0.7916,-0.8334,1.3363,-0.3661,1.0534,-0.5954,1.7836,-0.8598,0.9696,-0.6647,0.5057,-1.0618,-1.3434,-1.0603,0.4811,-0.7877
0.7916,-0.8334,1.3363,-0.3661,1.0534,-0.5954,1.7836,-0.8598,0.9696,-0.6647,0.5057,-1.0618,-1.3434,-1.0603,0.4811,-0.7877
0.8272,-0.8291,1.3715,-0.3684,1.0941,-0.5886,1.8241,-0.857,1.0124,-0.6798,0.5428,-1.0545,-1.3381,-1.0433,0.5165,-0.7809
0.8272,-0.8291,1.3715,-0.3684,1.0941,-0.5886,1.8241,-0.857,1.0124,-0.6798,0.5428,-1.0545,-1.3381,-1.0433,0.5165,-0.7809
0.8272,-0.8291,1.3715,-0.3684,1.0941,-0.5886,1.8241,-0.857,1.0124,-0.6798,0.5428,-1.0545,-1.3381,-1.0433,0.5165,-0.7809
0.8534,-0.8271,1.3956,-0.3668,1.1226,-0.5805,1.8559,-0.8569,1.0552,-0.695,0.5598,-1.0452,-1.3442,-1.0223,0.5371,-0.7744
0.8844,-0.8239,1.3993,-0.3478,1.1559,-0.571,1.9055,-0.8516,1.0982,-0.7102,0.5753,-1.0405,-1.3347,-1.0114,0.5561,-0.7729
0.9108,-0.8219,1.3982,-0.3219,1.1874,-0.5668,1.9322,-0.8439,1.1577,-0.7023,0.5807,-1.0347,-1.3277,-1.0092,0.571,-0.7727
0.9108,-0.8219,1.3982,-0.3219,1.1874,-0.5668,1.9322,-0.8439,1.1577,-0.7023,0.5807,-1.0347,-1.3277,-1.0092,0.571,-0.7727
0.9108,-0.8219,1.3982,-0.3219,1.1874,-0.5668,1.9322,-0.8439,1.1577,-0.7023,0.5807,-1.0347,-1.3277,-1.0092,0.571,-0.7727
0.935,-0.8248,1.3842,-0.3016,1.1894,-0.5614,1.9606,-0.8539,1.2175,-0.6944,0.5908,-1.0357,-1.3051,-1.0172,0.5926,-0.7748
0.935,-0.8248,1.3842,-0.3016,1.1894,-0.5614,1.9606,-0.8539,1.2175,-0.6944,0.5908,-1.0357,-1.3051,-1.0172,0.5926,-0.7748
0.9397,-0.8237,1.3654,-0.2745,1.2018,-0.5627,1.9643,-0.8438,1.2175,-0.6944,0.5955,-1.0425,-1.2964,-1.0297,0.6018,-0.7808
0.9397,-0.8237,1.3654,-0.2745,1.2018,-0.5627,1.9643,-0.8438,1.2175,-0.6944,0.5955,-1.0425,-1.2964,-1.0297,0.6018,-0.7808
0.9397,-0.8237,1.3654,-0.2745,1.2018,-0.5627,1.9643,-0.8438,1.2175,-0.6944,0.5955,-1.0425,-1.2964,-1.0297,0.6018,-0.7808
0.9376,-0.8286,1.3477,-0.2734,1.1998,-0.5681,1.9748,-0.8589,1.1641,-0.6173,0.594,-1.0471,-1.292,-1.036,0.611,-0.7868
0.9376,-0.8286,1.3477,-0.2734,1.1998,-0.5681,1.9748,-0.8589,1.1641,-0.6173,0.594,-1.0471,-1.292,-1.036,0.611,-0.7868
0.9039,-0.828,1.3125,-0.2712,1.2042,-0.591,1.9569,-0.864,1.0613,-0.6101,0.5591,-1.0577,-1.3156,-1.0513,0.5811,-0.7873
0.9039,-0.828,1.3125,-0.2712,1.2042,-0.591,1.9569,-0.864,1.0613,-0.6101,0.5591,-1.0577,-1.3156,-1.0513,0.5811,-0.7873
0.8823,-0.8288,1.3042,-0.2836,1.1823,-0.5924,1.9249,-0.8641,1.0124,-0.6798,0.5483,-1.0692,-1.3364,-1.0581,0.5554,-0.7864
0.8823,-0.8288,1.3042,-0.2836,1.1823,-0.5924,1.9249,-0.8641,1.0124,-0.6798,0.5483,-1.0692,-1.3364,-1.0581,0.5554,-0.7864
0.8823,-0.8288,1.3042,-0.2836,1.1823,-0.5924,1.9249,-0.8641,1.0124,-0.6798,0.5483,-1.0692,-1.3364,-1.0581,0.5554,-0.7864
0.8702,-0.8274,1.3042,-0.2836,1.1671,-0.5871,1.9249,-0.8641,0.9636,-0.749,0.5375,-1.0807,-1.3616,-1.0586,0.5364,-0.788
0.8702,-0.8274,1.3042,-0.2836,1.1671,-0.5871,1.9249,-0.8641,0.9636,-0.749,0.5375,-1.0807,-1.3616,-1.0586,0.5364,-0.788
0.8707,-0.836,1.3089,-0.2904,1.1444,-0.5791,1.9108,-0.8591,0.9474,-0.7719,0.536,-1.0852,-1.3685,-1.0609,0.5215,-0.7882
0.8707,-0.836,1.3089,-0.2904,1.1444,-0.5791,1.9108,-0.8591,0.9474,-0.7719,0.536,-1.0852,-1.3685,-1.0609,0.5215,-0.7882
0.8732,-0.8397,1.3072,-0.2999,1.1114,-0.5644,1.9019,-0.8617,0.9636,-0.749,0.5321,-1.0864,-1.3729,-1.0546,0.5174,-0.7895
0.8732,-0.8397,1.3072,-0.2999,1.1114,-0.5644,1.9019,-0.8617,0.9636,-0.749,0.5321,-1.0864,-1.3729,-1.0546,0.5174,-0.7895
0.8832,-0.8461,1.3119,-0.3067,1.0916,-0.5604,1.893,-0.8643,1.0062,-0.764,0.5236,-1.0808,-1.3729,-1.0546,0.5133,-0.7908
0.8832,-0.8461,1.3119,-0.3067,1.0916,-0.5604,1.893,-0.8643,1.0062,-0.764,0.5236,-1.0808,-1.3729,-1.0546,0.5133,-0.7908
0.8883,-0.8535,1.3054,-0.3095,1.0821,-0.5631,1.8841,-0.8668,1.0226,-0.7411,0.5112,-1.0765,-1.3772,-1.0484,0.5158,-0.7945
0.8883,-0.8535,1.3054,-0.3095,1.0821,-0.5631,1.8841,-0.8668,1.0226,-0.7411,0.5112,-1.0765,-1.3772,-1.0484,0.5158,-0.7945
0.8883,-0.8535,1.3054,-0.3095,1.0821,-0.5631,1.8841,-0.8668,1.0226,-0.7411,0.5112,-1.0765,-1.3772,-1.0484,0.5158,-0.7945
0.8836,-0.8547,1.2943,-0.3056,1.0679,-0.5672,1.9035,-0.8794,1.0818,-0.7332,0.5027,-1.0709,-1.3702,-1.0461,0.5225,-0.7968
0.8836,-0.8547,1.2943,-0.3056,1.0679,-0.5672,1.9035,-0.8794,1.0818,-0.7332,0.5027,-1.0709,-1.3702,-1.0461,0.5225,-0.7968
0.8763,-0.8521,1.2943,-0.3056,1.0612,-0.5739,1.9317,-0.8893,1.0818,-0.7332,0.4803,-1.0655,-1.3841,-1.0507,0.5142,-0.7994
0.859,-0.8432,1.2896,-0.2988,1.0545,-0.5807,1.96,-0.8993,1.0982,-0.7102,0.4687,-1.0691,-1.3954,-1.0467,0.5035,-0.7983
0.859,-0.8432,1.2896,-0.2988,1.0545,-0.5807,1.96,-0.8993,1.0982,-0.7102,0.4687,-1.0691,-1.3954,-1.0467,0.5035,-0.7983
0.8324,-0.8366,1.272,-0.2977,1.0356,-0.5861,1.9563,-0.9094,1.0982,-0.7102,0.4472,-1.0716,-1.391,-1.0529,0.482,-0.7962
0.8324,-0.8366,1.272,-0.2977,1.0356,-0.5861,1.9563,-0.9094,1.0982,-0.7102,0.4472,-1.0716,-1.391,-1.0529,0.482,-0.7962
0.8057,-0.83,1.2545,-0.2966,1.0167,-0.5916,1.9281,-0.8994,1.088,-0.6486,0.4318,-1.0764,-1.3642,-1.0671,0.4713,-0.7952
0.8057,-0.83,1.2545,-0.2966,1.0167,-0.5916,1.9281,-0.8994,1.088,-0.6486,0.4318,-1.0764,-1.3642,-1.0671,0.4713,-0.7952
0.7796,-0.832,1.2306,-0.2983,0.9931,-0.5984,1.8768,-0.887,1.0552,-0.695,0.4027,-1.0813,-1.3737,-1.0779,0.4483,-0.798
0.7796,-0.832,1.2306,-0.2983,0.9931,-0.5984,1.8768,-0.887,1.0552,-0.695,0.4027,-1.0813,-1.3737,-1.0779,0.4483,-0.798
0.7488,-0.8352,1.2224,-0.3107,0.9648,-0.6065,1.8117,-0.8697,1.0552,-0.695,0.3897,-1.0894,-1.3807,-1.0801,0.4294,-0.7996
0.7488,-0.8352,1.2224,-0.3107,0.9648,-0.6065,1.8117,-0.8697,1.0552,-0.695,0.3897,-1.0894,-1.3807,-1.0801,0.4294,-0.7996
0.7326,-0.8436,1.2206,-0.3202,0.9386,-0.6093,1.78,-0.8699,1.0124,-0.6798,0.3707,-1.0953,-1.4101,-1.0744,0.4106,-0.8012
0.7326,-0.8436,1.2206,-0.3202,0.9386,-0.6093,1.78,-0.8699,1.0124,-0.6798,0.3707,-1.0953,-1.4101,-1.0744,0.4106,-0.8012
0.7066,-0.8456,1.2189,-0.3297,0.9077,-0.6135,1.7344,-0.8651,1.0124,-0.6798,0.3554,-1.1,-1.4463,-1.071,0.3902,-0.8076
0.6973,-0.8479,1.2346,-0.3404,0.8909,-0.6135,1.7029,-0.8653,0.9696,-0.6647,0.3364,-1.1059,-1.4687,-1.0631,0.3714,-0.8092
0.6973,-0.8479,1.2346,-0.3404,0.8909,-0.6135,1.7029,-0.8653,0.9696,-0.6647,0.3364,-1.1059,-1.4687,-1.0631,0.3714,-0.8092
0.6973,-0.8479,1.2346,-0.3404,0.8909,-0.6135,1.7029,-0.8653,0.9696,-0.6647,0.3364,-1.1059,-1.4687,-1.0631,0.3714,-0.8092
0.6832,-0.8514,1.2282,-0.3432,0.862,-0.6124,1.6854,-0.8705,0.9961,-0.703,0.3235,-1.114,-1.5023,-1.0513,0.3592,-0.8131
0.6832,-0.8514,1.2282,-0.3432,0.862,-0.6124,1.6854,-0.8705,0.9961,-0.703,0.3235,-1.114,-1.5023,-1.0513,0.3592,-0.8131
0.6692,-0.8548,1.2218,-0.346,0.8406,-0.6138,1.6818,-0.8805,1.0226,-0.7411,0.2984,-1.1177,-1.5271,-1.0519,0.3338,-0.8123
0.6599,-0.8571,1.2107,-0.3421,0.8165,-0.6113,1.6731,-0.8831,1.0389,-0.7181,0.2809,-1.1191,-1.5426,-1.0417,0.3192,-0.8126
0.6599,-0.8571,1.2107,-0.3421,0.8165,-0.6113,1.6731,-0.8831,1.0389,-0.7181,0.2809,-1.1191,-1.5426,-1.0417,0.3192,-0.8126
0.6506,-0.8594,1.2043,-0.3449,0.8026,-0.6154,1.6592,-0.8782,1.0389,-0.7181,0.2658,-1.1238,-1.5606,-1.04,0.3005,-0.8142
0.6506,-0.8594,1.2043,-0.3449,0.8026,-0.6154,1.6592,-0.8782,1.0389,-0.7181,0.2658,-1.1238,-1.5606,-1.04,0.3005,-0.8142
0.6366,-0.8629,1.1648,-0.336,0.7739,-0.6142,1.6504,-0.8807,1.1247,-0.7484,0.2422,-1.123,-1.5786,-1.0384,0.2843,-0.8193
0.6366,-0.8629,1.1648,-0.336,0.7739,-0.6142,1.6504,-0.8807,1.1247,-0.7484,0.2422,-1.123,-1.5786,-1.0384,0.2843,-0.8193
0.6366,-0.8629,1.1648,-0.336,0.7739,-0.6142,1.6504,-0.8807,1.1247,-0.7484,0.2422,-1.123,-1.5786,-1.0384,0.2843,-0.8193
0.6201,-0.8626,1.1318,-0.3243,0.7572,-0.6143,1.6278,-0.8784,1.1677,-0.7636,0.2248,-1.1244,-1.5922,-1.0429,0.2697,-0.8196
0.6201,-0.8626,1.1318,-0.3243,0.7572,-0.6143,1.6278,-0.8784,1.1677,-0.7636,0.2248,-1.1244,-1.5922,-1.0429,0.2697,-0.8196
0.6201,-0.8626,1.1318,-0.3243,0.7572,-0.6143,1.6278,-0.8784,1.1677,-0.7636,0.2248,-1.1244,-1.5922,-1.0429,0.2697,-0.8196
0.6129,-0.8601,1.1068,-0.3003,0.7591,-0.609,1.6278,-0.8784,1.2372,-0.8169,0.2202,-1.1177,-1.5879,-1.0491,0.2656,-0.8209
0.6129,-0.8601,1.1068,-0.3003,0.7591,-0.609,1.6278,-0.8784,1.2372,-0.8169,0.2202,-1.1177,-1.5879,-1.0491,0.2656,-0.8209
0.6129,-0.8601,1.1068,-0.3003,0.7591,-0.609,1.6278,-0.8784,1.2372,-0.8169,0.2202,-1.1177,-1.5879,-1.0491,0.2656,-0.8209
0.6475,-0.8472,1.0979,-0.2514,0.8315,-0.5925,1.6802,-0.863,1.2372,-0.8169,0.2769,-1.1,-1.5365,-1.0626,0.3201,-0.8211
0.6475,-0.8472,1.0979,-0.2514,0.8315,-0.5925,1.6802,-0.863,1.2372,-0.8169,0.2769,-1.1,-1.5365,-1.0626,0.3201,-0.8211
0.6869,-0.833,1.1344,-0.244,0.8977,-0.5828,1.724,-0.8501,1.1677,-0.7636,0.3224,-1.0858,-1.5005,-1.066,0.3723,-0.8177
0.6869,-0.833,1.1344,-0.244,0.8977,-0.5828,1.724,-0.8501,1.1677,-0.7636,0.3224,-1.0858,-1.5005,-1.066,0.3723,-0.8177
0.7244,-0.8238,1.1646,-0.2393,0.9567,-0.5704,1.7732,-0.8447,1.045,-0.6334,0.3681,-1.0716,-1.473,-1.0569,0.4181,-0.812
0.7244,-0.8238,1.1646,-0.2393,0.9567,-0.5704,1.7732,-0.8447,1.045,-0.6334,0.3681,-1.0716,-1.473,-1.0569,0.4181,-0.812
0.7619,-0.8145,1.1995,-0.2415,1.0141,-0.5634,1.8225,-0.8394,0.8948,-0.4637,0.4225,-1.0629,-1.4342,-1.0518,0.4615,-0.8027
0.7619,-0.8145,1.1995,-0.2415,1.0141,-0.5634,1.8225,-0.8394,0.8948,-0.4637,0.4225,-1.0629,-1.4342,-1.0518,0.4615,-0.8027
0.7975,-0.8102,1.2392,-0.2504,1.067,-0.5578,1.849,-0.8316,0.8137,-0.3467,0.4555,-1.0568,-1.398,-1.0552,0.4902,-0.7936
0.7975,-0.8102,1.2392,-0.2504,1.067,-0.5578,1.849,-0.8316,0.8137,-0.3467,0.4555,-1.0568,-1.398,-1.0552,0.4902,-0.7936
0.8237,-0.8081,1.2679,-0.2554,1.1134,-0.559,1.8757,-0.8239,0.7865,-0.3075,0.4833,-1.0564,-1.3685,-1.0609,0.5041,-0.7848
0.8237,-0.8081,1.2679,-0.2554,1.1134,-0.559,1.8757,-0.8239,0.7865,-0.3075,0.4833,-1.0564,-1.3685,-1.0609,0.5041,-0.7848
0.8404,-0.8084,1.2902,-0.2633,1.1428,-0.5602,1.8934,-0.8187,0.7822,-0.3945,0.4995,-1.0596,-1.3755,-1.0631,0.5057,-0.7799
0.8404,-0.8084,1.2902,-0.2633,1.1428,-0.5602,1.8934,-0.8187,0.7822,-0.3945,0.4995,-1.0596,-1.3755,-1.0631,0.5057,-0.7799
0.8525,-0.8098,1.3078,-0.2644,1.1551,-0.5615,1.9165,-0.8211,0.8044,-0.5194,0.5142,-1.0674,-1.3737,-1.0779,0.4924,-0.7752
0.8525,-0.8098,1.3078,-0.2644,1.1551,-0.5615,1.9165,-0.8211,0.8044,-0.5194,0.5142,-1.0674,-1.3737,-1.0779,0.4924,-0.7752
0.8525,-0.8098,1.3078,-0.2644,1.1551,-0.5615,1.9165,-0.8211,0.8044,-0.5194,0.5142,-1.0674,-1.3737,-1.0779,0.4924,-0.7752
0.8477,-0.811,1.3172,-0.2779,1.1475,-0.5588,1.9076,-0.8237,0.7993,-0.6046,0.5274,-1.0797,-1.385,-1.0739,0.4858,-0.7729
0.8477,-0.811,1.3172,-0.2779,1.1475,-0.5588,1.9076,-0.8237,0.7993,-0.6046,0.5274,-1.0797,-1.385,-1.0739,0.4858,-0.7729
0.8477,-0.811,1.3172,-0.2779,1.1475,-0.5588,1.9076,-0.8237,0.7993,-0.6046,0.5274,-1.0797,-1.385,-1.0739,0.4858,-0.7729
0.8482,-0.8196,1.2996,-0.2768,1.1022,-0.5428,1.8987,-0.8263,0.8626,-0.7419,0.5291,-1.0955,-1.4101,-1.0744,0.4694,-0.7781
0.8487,-0.8282,1.2773,-0.269,1.0776,-0.5402,1.8809,-0.8315,0.9049,-0.7569,0.509,-1.0935,-1.4144,-1.0682,0.4546,-0.7783
0.8487,-0.8282,1.2773,-0.269,1.0776,-0.5402,1.8809,-0.8315,0.9049,-0.7569,0.509,-1.0935,-1.4144,-1.0682,0.4546,-0.7783
0.8487,-0.8282,1.2773,-0.269,1.0776,-0.5402,1.8809,-0.8315,0.9049,-0.7569,0.509,-1.0935,-1.4144,-1.0682,0.4546,-0.7783
0.8491,-0.8369,1.255,-0.2611,1.0634,-0.5443,1.8579,-0.829,0.9636,-0.749,0.4866,-1.0881,-1.4299,-1.058,0.4464,-0.7809
0.8491,-0.8369,1.255,-0.2611,1.0634,-0.5443,1.8579,-0.829,0.9636,-0.749,0.4866,-1.0881,-1.4299,-1.058,0.4464,-0.7809
0.847,-0.8418,1.2439,-0.2572,1.0492,-0.5484,1.8543,-0.8392,0.9799,-0.726,0.4619,-1.0794,-1.4299,-1.058,0.4382,-0.7835
0.847,-0.8418,1.2439,-0.2572,1.0492,-0.5484,1.8543,-0.8392,0.9799,-0.726,0.4619,-1.0794,-1.4299,-1.058,0.4382,-0.7835
0.8401,-0.8478,1.2217,-0.2493,1.0397,-0.5512,1.8454,-0.8418,0.9961,-0.703,0.4387,-1.0661,-1.4256,-1.0642,0.4341,-0.7848
0.8401,-0.8478,1.2217,-0.2493,1.0397,-0.5512,1.8454,-0.8418,0.9961,-0.703,0.4387,-1.0661,-1.4256,-1.0642,0.4341,-0.7848
0.8208,-0.8438,1.2264,-0.2561,1.033,-0.5579,1.8313,-0.8368,1.0818,-0.7332,0.4278,-1.0572,-1.4256,-1.0642,0.4366,-0.7884
0.8088,-0.8423,1.22,-0.2589,1.0311,-0.5633,1.8648,-0.8543,1.0818,-0.7332,0.4117,-1.054,-1.4213,-1.0705,0.4392,-0.7921
0.8088,-0.8423,1.22,-0.2589,1.0311,-0.5633,1.8648,-0.8543,1.0818,-0.7332,0.4117,-1.054,-1.4213,-1.0705,0.4392,-0.7921
0.8088,-0.8423,1.22,-0.2589,1.0311,-0.5633,1.8648,-0.8543,1.0818,-0.7332,0.4117,-1.054,-1.4213,-1.0705,0.4392,-0.7921
0.7843,-0.8309,1.2247,-0.2657,1.0291,-0.5687,1.8841,-0.8668,1.0818,-0.7332,0.404,-1.0564,-1.417,-1.0767,0.4351,-0.7934
0.7843,-0.8309,1.2247,-0.2657,1.0291,-0.5687,1.8841,-0.8668,1.0818,-0.7332,0.404,-1.0564,-1.417,-1.0767,0.4351,-0.7934
0.7843,-0.8309,1.2247,-0.2657,1.0291,-0.5687,1.8841,-0.8668,1.0818,-0.7332,0.404,-1.0564,-1.417,-1.0767,0.4351,-0.7934
0.7718,-0.8208,1.2247,-0.2657,1.0291,-0.5687,1.9124,-0.8768,1.0552,-0.695,0.4025,-1.0609,-1.4101,-1.0744,0.4442,-0.7993
0.7718,-0.8208,1.2247,-0.2657,1.0291,-0.5687,1.9124,-0.8768,1.0552,-0.695,0.4025,-1.0609,-1.4101,-1.0744,0.4442,-0.7993
0.7427,-0.8105,1.2165,-0.2781,1.013,-0.5782,1.8752,-0.8694,1.0124,-0.6798,0.3828,-1.0793,-1.379,-1.0948,0.4237,-0.8058
0.7427,-0.8105,1.2165,-0.2781,1.013,-0.5782,1.8752,-0.8694,1.0124,-0.6798,0.3828,-1.0793,-1.379,-1.0948,0.4237,-0.8058
0.7427,-0.8105,1.2165,-0.2781,1.013,-0.5782,1.8752,-0.8694,1.0124,-0.6798,0.3828,-1.0793,-1.379,-1.0948,0.4237,-0.8058
0.7213,-0.8114,1.1926,-0.2798,0.9839,-0.577,1.8382,-0.862,0.9534,-0.6879,0.366,-1.0886,-1.3703,-1.1073,0.4074,-0.811
0.7213,-0.8114,1.1926,-0.2798,0.9839,-0.577,1.8382,-0.862,0.9534,-0.6879,0.366,-1.0886,-1.3703,-1.1073,0.4074,-0.811
0.7213,-0.8114,1.1926,-0.2798,0.9839,-0.577,1.8382,-0.862,0.9534,-0.6879,0.366,-1.0886,-1.3703,-1.1073,0.4074,-0.811
0.7026,-0.8161,1.1798,-0.2855,0.9576,-0.5798,1.8012,-0.8546,0.9373,-0.7109,0.3408,-1.0923,-1.373,-1.1157,0.3886,-0.8125
0.7026,-0.8161,1.1798,-0.2855,0.9576,-0.5798,1.8012,-0.8546,0.9373,-0.7109,0.3408,-1.0923,-1.373,-1.1157,0.3886,-0.8125
0.6818,-0.8256,1.1607,-0.294,0.9267,-0.584,1.7363,-0.8374,0.9474,-0.7719,0.3195,-1.0949,-1.3713,-1.1304,0.3632,-0.8118
0.6538,-0.8326,1.1416,-0.3024,0.8883,-0.5855,1.6908,-0.8327,0.9049,-0.7569,0.2982,-1.0974,-1.4006,-1.1247,0.3485,-0.8121
0.6305,-0.8383,1.1335,-0.3148,0.8501,-0.5871,1.6506,-0.8355,0.8786,-0.7189,0.2868,-1.101,-1.423,-1.1168,0.3273,-0.81
0.6305,-0.8383,1.1335,-0.3148,0.8501,-0.5871,1.6506,-0.8355,0.8786,-0.7189,0.2868,-1.101,-1.423,-1.1168,0.3273,-0.81
0.6026,-0.8453,1.1254,-0.3271,0.8166,-0.5873,1.6018,-0.8409,0.8786,-0.7189,0.2693,-1.1024,-1.4497,-1.1026,0.3126,-0.8103
0.6026,-0.8453,1.1254,-0.3271,0.8166,-0.5873,1.6018,-0.8409,0.8786,-0.7189,0.2693,-1.1024,-1.4497,-1.1026,0.3126,-0.8103
0.5722,-0.8485,1.1283,-0.3433,0.7907,-0.5902,1.5758,-0.8487,0.8523,-0.6809,0.258,-1.1059,-1.4764,-1.0885,0.3045,-0.8129
0.5722,-0.8485,1.1283,-0.3433,0.7907,-0.5902,1.5758,-0.8487,0.8523,-0.6809,0.258,-1.1059,-1.4764,-1.0885,0.3045,-0.8129
0.5722,-0.8485,1.1283,-0.3433,0.7907,-0.5902,1.5758,-0.8487,0.8523,-0.6809,0.258,-1.1059,-1.4764,-1.0885,0.3045,-0.8129
0.5511,-0.8494,1.1376,-0.3567,0.7647,-0.593,1.5584,-0.8539,0.8683,-0.6578,0.2382,-1.104,-1.5142,-1.0705,0.2899,-0.8131
0.5511,-0.8494,1.1376,-0.3567,0.7647,-0.593,1.5584,-0.8539,0.8683,-0.6578,0.2382,-1.104,-1.5142,-1.0705,0.2899,-0.8131
0.5418,-0.8518,1.1266,-0.3528,0.7434,-0.5945,1.555,-0.8639,0.8843,-0.6346,0.2231,-1.1087,-1.5495,-1.044,0.2687,-0.8111
0.5418,-0.8518,1.1266,-0.3528,0.7434,-0.5945,1.555,-0.8639,0.8843,-0.6346,0.2231,-1.1087,-1.5495,-1.044,0.2687,-0.8111
0.5372,-0.8529,1.111,-0.3422,0.7342,-0.5972,1.555,-0.8639,0.9534,-0.6879,0.1982,-1.1125,-1.5897,-1.0344,0.2485,-0.8176
0.5372,-0.8529,1.111,-0.3422,0.7342,-0.5972,1.555,-0.8639,0.9534,-0.6879,0.1982,-1.1125,-1.5897,-1.0344,0.2485,-0.8176
0.53,-0.8504,1.0907,-0.3249,0.7249,-0.6,1.555,-0.8639,1.0389,-0.7181,0.1832,-1.1172,-1.612,-1.0266,0.2365,-0.8215
0.53,-0.8504,1.0907,-0.3249,0.7249,-0.6,1.555,-0.8639,1.0389,-0.7181,0.1832,-1.1172,-1.612,-1.0266,0.2365,-0.8215
0.5182,-0.849,1.0595,-0.3038,0.7157,-0.6027,1.5601,-0.8714,1.0818,-0.7332,0.1635,-1.1153,-1.6145,-1.0351,0.2219,-0.8218
0.5182,-0.849,1.0595,-0.3038,0.7157,-0.6027,1.5601,-0.8714,1.0818,-0.7332,0.1635,-1.1153,-1.6145,-1.0351,0.2219,-0.8218
0.53,-0.8504,1.0455,-0.2837,0.7222,-0.596,1.5914,-0.8712,1.1511,-0.7865,0.1635,-1.1153,-1.6059,-1.0475,0.2244,-0.8254
0.53,-0.8504,1.0455,-0.2837,0.7222,-0.596,1.5914,-0.8712,1.1511,-0.7865,0.1635,-1.1153,-1.6059,-1.0475,0.2244,-0.8254
0.5485,-0.8457,1.0379,-0.2607,0.7499,-0.5878,1.6226,-0.8709,1.1511,-0.7865,0.1861,-1.1082,-1.5836,-1.0553,0.2495,-0.8261
0.5861,-0.845,1.0569,-0.2522,0.7916,-0.5755,1.6627,-0.8681,1.0818,-0.7332,0.22,-1.0975,-1.5545,-1.0609,0.2958,-0.8289
0.5861,-0.845,1.0569,-0.2522,0.7916,-0.5755,1.6627,-0.8681,1.0818,-0.7332,0.22,-1.0975,-1.5545,-1.0609,0.2958,-0.8289
0.6305,-0.8383,1.0759,-0.2437,0.8428,-0.5604,1.6977,-0.8578,1.0716,-0.6719,0.2714,-1.0855,-1.5048,-1.0597,0.3545,-0.8278
0.6305,-0.8383,1.0759,-0.2437,0.8428,-0.5604,1.6977,-0.8578,1.0716,-0.6719,0.2714,-1.0855,-1.5048,-1.0597,0.3545,-0.8278
0.6305,-0.8383,1.0759,-0.2437,0.8428,-0.5604,1.6977,-0.8578,1.0716,-0.6719,0.2714,-1.0855,-1.5048,-1.0597,0.3545,-0.8278
0.6745,-0.823,1.1233,-0.2401,0.9138,-0.5492,1.7363,-0.8374,0.9915,-0.5563,0.3231,-1.0734,-1.4618,-1.0608,0.4043,-0.8208
0.6745,-0.823,1.1233,-0.2401,0.9138,-0.5492,1.7363,-0.8374,0.9915,-0.5563,0.3231,-1.0734,-1.4618,-1.0608,0.4043,-0.8208
0.7119,-0.8138,1.1582,-0.2422,0.9785,-0.5448,1.7855,-0.832,0.9486,-0.5412,0.3573,-1.0627,-1.4368,-1.0603,0.4329,-0.8118
0.7119,-0.8138,1.1582,-0.2422,0.9785,-0.5448,1.7855,-0.832,0.9486,-0.5412,0.3573,-1.0627,-1.4368,-1.0603,0.4329,-0.8118
0.7119,-0.8138,1.1582,-0.2422,0.9785,-0.5448,1.7855,-0.832,0.9486,-0.5412,0.3573,-1.0627,-1.4368,-1.0603,0.4329,-0.8118
0.7521,-0.8082,1.182,-0.2404,1.0416,-0.5458,1.8068,-0.8167,0.9217,-0.5025,0.3964,-1.0588,-1.4049,-1.0574,0.4524,-0.7967
0.7756,-0.8024,1.1995,-0.2415,1.0927,-0.5456,1.8281,-0.8013,0.9647,-0.5177,0.4217,-1.055,-1.391,-1.0529,0.4637,-0.7843
0.7756,-0.8024,1.1995,-0.2415,1.0927,-0.5456,1.8281,-0.8013,0.9647,-0.5177,0.4217,-1.055,-1.391,-1.0529,0.4637,-0.7843
0.7944,-0.7978,1.217,-0.2426,1.1221,-0.5468,1.8458,-0.7962,0.9325,-0.5646,0.4378,-1.0582,-1.3867,-1.0592,0.4562,-0.7734
0.7944,-0.7978,1.217,-0.2426,1.1221,-0.5468,1.8458,-0.7962,0.9325,-0.5646,0.4378,-1.0582,-1.3867,-1.0592,0.4562,-0.7734
0.7991,-0.7966,1.2217,-0.2493,1.1268,-0.5454,1.8458,-0.7962,0.9269,-0.6497,0.4587,-1.0681,-1.3936,-1.0614,0.4511,-0.7661
0.7991,-0.7966,1.2217,-0.2493,1.1268,-0.5454,1.8458,-0.7962,0.9269,-0.6497,0.4587,-1.0681,-1.3936,-1.0614,0.4511,-0.7661
0.7991,-0.7966,1.2217,-0.2493,1.1268,-0.5454,1.8458,-0.7962,0.9269,-0.6497,0.4587,-1.0681,-1.3936,-1.0614,0.4511,-0.7661
0.7991,-0.7966,1.2375,-0.26,1.1165,-0.5387,1.8563,-0.8113,0.9373,-0.7109,0.461,-1.0714,-1.3962,-1.0699,0.447,-0.7674
0.7991,-0.7966,1.2375,-0.26,1.1165,-0.5387,1.8563,-0.8113,0.9373,-0.7109,0.461,-1.0714,-1.3962,-1.0699,0.447,-0.7674
0.7991,-0.7966,1.2375,-0.26,1.1165,-0.5387,1.8563,-0.8113,0.9373,-0.7109,0.461,-1.0714,-1.3962,-1.0699,0.447,-0.7674
0.797,-0.8015,1.2422,-0.2668,1.0862,-0.528,1.8333,-0.8089,1.0062,-0.764,0.4642,-1.0827,-1.4075,-1.0659,0.4413,-0.7736
0.797,-0.8015,1.2422,-0.2668,1.0862,-0.528,1.8333,-0.8089,1.0062,-0.764,0.4642,-1.0827,-1.4075,-1.0659,0.4413,-0.7736
0.797,-0.8015,1.2422,-0.2668,1.0862,-0.528,1.8333,-0.8089,1.0062,-0.764,0.4642,-1.0827,-1.4075,-1.0659,0.4413,-0.7736
0.797,-0.8015,1.2422,-0.2668,1.0862,-0.528,1.8333,-0.8089,1.0062,-0.764,0.4642,-1.0827,-1.4075,-1.0659,0.4413,-0.7736
0.7906,-0.8162,1.2358,-0.2696,1.0343,-0.5188,1.812,-0.8243,1.0653,-0.7562,0.4496,-1.0953,-1.4299,-1.058,0.4234,-0.7838
0.7906,-0.8162,1.2358,-0.2696,1.0343,-0.5188,1.812,-0.8243,1.0653,-0.7562,0.4496,-1.0953,-1.4299,-1.058,0.4234,-0.7838
0.7812,-0.8185,1.234,-0.2792,1.0173,-0.5189,1.7891,-0.8219,1.1677,-0.7636,0.4396,-1.0943,-1.4118,-1.0597,0.4285,-0.791
0.7812,-0.8185,1.234,-0.2792,1.0173,-0.5189,1.7891,-0.8219,1.1677,-0.7636,0.4396,-1.0943,-1.4118,-1.0597,0.4285,-0.791
0.7817,-0.8271,1.2165,-0.2781,0.9976,-0.515,1.7803,-0.8245,1.1412,-0.7254,0.4258,-1.0945,-1.4118,-1.0597,0.4178,-0.79
0.7796,-0.832,1.2148,-0.2877,0.9881,-0.5177,1.7715,-0.827,1.2009,-0.7175,0.4197,-1.0923,-1.4092,-1.0512,0.4269,-0.796
0.7796,-0.832,1.2148,-0.2877,0.9881,-0.5177,1.7715,-0.827,1.2009,-0.7175,0.4197,-1.0923,-1.4092,-1.0512,0.4269,-0.796
0.7942,-0.8372,1.2148,-0.2877,0.9834,-0.5191,1.7855,-0.832,1.2009,-0.7175,0.4059,-1.0925,-1.4049,-1.0574,0.4162,-0.7949
0.7942,-0.8372,1.2148,-0.2877,0.9834,-0.5191,1.7855,-0.832,1.2009,-0.7175,0.4059,-1.0925,-1.4049,-1.0574,0.4162,-0.7949
0.7942,-0.8372,1.2148,-0.2877,0.9834,-0.5191,1.7855,-0.832,1.2009,-0.7175,0.4059,-1.0925,-1.4049,-1.0574,0.4162,-0.7949
0.7895,-0.8383,1.2037,-0.2837,0.974,-0.5219,1.7767,-0.8346,1.1476,-0.6406,0.3912,-1.0848,-1.4092,-1.0512,0.4187,-0.7986
0.7895,-0.8383,1.2037,-0.2837,0.974,-0.5219,1.7767,-0.8346,1.1476,-0.6406,0.3912,-1.0848,-1.4092,-1.0512,0.4187,-0.7986
0.792,-0.8421,1.2037,-0.2837,0.9674,-0.5287,1.782,-0.8421,1.1311,-0.6639,0.3705,-1.075,-1.4204,-1.0472,0.408,-0.7975
0.792,-0.8421,1.2037,-0.2837,0.9674,-0.5287,1.782,-0.8421,1.1311,-0.6639,0.3705,-1.075,-1.4204,-1.0472,0.408,-0.7975
0.792,-0.8421,1.2037,-0.2837,0.9674,-0.5287,1.782,-0.8421,1.1311,-0.6639,0.3705,-1.075,-1.4204,-1.0472,0.408,-0.7975
0.78,-0.8406,1.1926,-0.2798,0.9635,-0.5395,1.7679,-0.8372,1.088,-0.6486,0.3521,-1.0685,-1.4273,-1.0495,0.3974,-0.7965
0.78,-0.8406,1.1926,-0.2798,0.9635,-0.5395,1.7679,-0.8372,1.088,-0.6486,0.3521,-1.0685,-1.4273,-1.0495,0.3974,-0.7965
0.78,-0.8406,1.1926,-0.2798,0.9635,-0.5395,1.7679,-0.8372,1.088,-0.6486,0.3521,-1.0685,-1.4273,-1.0495,0.3974,-0.7965
0.7368,-0.8338,1.1594,-0.2681,0.9409,-0.5557,1.7924,-0.8572,1.0183,-0.5949,0.3246,-1.0689,-1.4592,-1.0524,0.3811,-0.8017
0.7368,-0.8338,1.1594,-0.2681,0.9409,-0.5557,1.7924,-0.8572,1.0183,-0.5949,0.3246,-1.0689,-1.4592,-1.0524,0.3811,-0.8017
0.7103,-0.8273,1.1373,-0.2603,0.9221,-0.5612,1.8169,-0.8772,0.9915,-0.5563,0.3032,-1.0715,-1.4661,-1.0546,0.3664,-0.802
0.7103,-0.8273,1.1373,-0.2603,0.9221,-0.5612,1.8169,-0.8772,0.9915,-0.5563,0.3032,-1.0715,-1.4661,-1.0546,0.3664,-0.802
0.6766,-0.8182,1.1199,-0.2592,0.8913,-0.5654,1.8221,-0.8847,0.9753,-0.5798,0.2843,-1.0774,-1.4911,-1.0552,0.3501,-0.8071
0.6766,-0.8182,1.1199,-0.2592,0.8913,-0.5654,1.8221,-0.8847,0.9753,-0.5798,0.2843,-1.0774,-1.4911,-1.0552,0.3501,-0.8071
0.6476,-0.8079,1.1136,-0.2621,0.8698,-0.5669,1.8273,-0.8923,0.9753,-0.5798,0.2676,-1.0867,-1.4979,-1.0575,0.3354,-0.8074
0.6476,-0.8079,1.1136,-0.2621,0.8698,-0.5669,1.8273,-0.8923,0.9753,-0.5798,0.2676,-1.0867,-1.4979,-1.0575,0.3354,-0.8074
0.6212,-0.8014,1.0962,-0.261,0.8484,-0.5684,1.8097,-0.8974,1.0183,-0.5949,0.2464,-1.0892,-1.4936,-1.0637,0.3207,-0.8077
0.6212,-0.8014,1.0962,-0.261,0.8484,-0.5684,1.8097,-0.8974,1.0183,-0.5949,0.2464,-1.0892,-1.4936,-1.0637,0.3207,-0.8077
0.6212,-0.8014,1.0962,-0.261,0.8484,-0.5684,1.8097,-0.8974,1.0183,-0.5949,0.2464,-1.0892,-1.4936,-1.0637,0.3207,-0.8077
0.5949,-0.7949,1.0835,-0.2667,0.8269,-0.5698,1.778,-0.8975,1.0183,-0.5949,0.2336,-1.0973,-1.4893,-1.0699,0.3111,-0.8152
0.5949,-0.7949,1.0835,-0.2667,0.8269,-0.5698,1.778,-0.8975,1.0183,-0.5949,0.2336,-1.0973,-1.4893,-1.0699,0.3111,-0.8152
0.583,-0.7935,1.0772,-0.2695,0.813,-0.574,1.736,-0.8827,1.002,-0.6183,0.2124,-1.0999,-1.4807,-1.0823,0.2989,-0.8191
0.5665,-0.7933,1.0598,-0.2685,0.799,-0.5781,1.6993,-0.8754,1.0183,-0.5949,0.1951,-1.1013,-1.4652,-1.0925,0.2843,-0.8193
0.5665,-0.7933,1.0598,-0.2685,0.799,-0.5781,1.6993,-0.8754,1.0183,-0.5949,0.1951,-1.1013,-1.4652,-1.0925,0.2843,-0.8193
0.5526,-0.7968,1.0645,-0.2752,0.7805,-0.5835,1.6488,-0.8632,1.002,-0.6183,0.1739,-1.1039,-1.4609,-1.0987,0.2591,-0.8186
0.5526,-0.7968,1.0645,-0.2752,0.7805,-0.5835,1.6488,-0.8632,1.002,-0.6183,0.1739,-1.1039,-1.4609,-1.0987,0.2591,-0.8186
0.5367,-0.8052,1.0362,-0.2703,0.7619,-0.589,1.6122,-0.8559,1.0183,-0.5949,0.1566,-1.1053,-1.4454,-1.1088,0.242,-0.8153
0.5367,-0.8052,1.0362,-0.2703,0.7619,-0.589,1.6122,-0.8559,1.0183,-0.5949,0.1566,-1.1053,-1.4454,-1.1088,0.242,-0.8153
0.5208,-0.8136,1.0236,-0.2759,0.7314,-0.5932,1.5567,-0.8363,0.9753,-0.5798,0.1393,-1.1067,-1.4592,-1.1133,0.2234,-0.8169
0.4931,-0.8206,1.0156,-0.2883,0.7083,-0.6001,1.5117,-0.8317,0.9431,-0.6264,0.1243,-1.1115,-1.4841,-1.1139,0.2023,-0.8149
0.4931,-0.8206,1.0156,-0.2883,0.7083,-0.6001,1.5117,-0.8317,0.9431,-0.6264,0.1243,-1.1115,-1.4841,-1.1139,0.2023,-0.8149
0.4931,-0.8206,1.0156,-0.2883,0.7083,-0.6001,1.5117,-0.8317,0.9431,-0.6264,0.1243,-1.1115,-1.4841,-1.1139,0.2023,-0.8149
0.4844,-0.8315,1.003,-0.294,0.6918,-0.6002,1.4754,-0.8246,0.8843,-0.6346,0.1168,-1.1138,-1.5202,-1.1105,0.1878,-0.8152
0.4844,-0.8315,1.003,-0.294,0.6918,-0.6002,1.4754,-0.8246,0.8843,-0.6346,0.1168,-1.1138,-1.5202,-1.1105,0.1878,-0.8152
0.4798,-0.8326,1.0123,-0.3073,0.7037,-0.6015,1.4565,-0.8122,0.8258,-0.6428,0.122,-1.1081,-1.5313,-1.1066,0.1853,-0.8116
0.4865,-0.8266,1.0388,-0.3218,0.7314,-0.5932,1.4651,-0.8096,0.8418,-0.6196,0.1581,-1.1008,-1.5219,-1.0959,0.2079,-0.8087
0.4865,-0.8266,1.0388,-0.3218,0.7314,-0.5932,1.4651,-0.8096,0.8418,-0.6196,0.1581,-1.1008,-1.5219,-1.0959,0.2079,-0.8087
0.5167,-0.8233,1.0717,-0.3334,0.7731,-0.5809,1.4823,-0.8044,0.8258,-0.6428,0.2078,-1.0932,-1.5125,-1.0852,0.2426,-0.8019
0.5167,-0.8233,1.0717,-0.3334,0.7731,-0.5809,1.4823,-0.8044,0.8258,-0.6428,0.2078,-1.0932,-1.5125,-1.0852,0.2426,-0.8019
0.5609,-0.8165,1.1017,-0.3288,0.8344,-0.5725,1.5359,-0.8063,0.8523,-0.6809,0.2676,-1.0867,-1.485,-1.0761,0.2814,-0.7938
0.5609,-0.8165,1.1017,-0.3288,0.8344,-0.5725,1.5359,-0.8063,0.8523,-0.6809,0.2676,-1.0867,-1.485,-1.0761,0.2814,-0.7938
0.5609,-0.8165,1.1017,-0.3288,0.8344,-0.5725,1.5359,-0.8063,0.8523,-0.6809,0.2676,-1.0867,-1.485,-1.0761,0.2814,-0.7938
0.6125,-0.8123,1.1538,-0.3321,0.9006,-0.5627,1.5793,-0.7933,0.8843,-0.6346,0.317,-1.0712,-1.4506,-1.0648,0.335,-0.7854
0.6125,-0.8123,1.1538,-0.3321,0.9006,-0.5627,1.5793,-0.7933,0.8843,-0.6346,0.317,-1.0712,-1.4506,-1.0648,0.335,-0.7854
0.6125,-0.8123,1.1538,-0.3321,0.9006,-0.5627,1.5793,-0.7933,0.8843,-0.6346,0.317,-1.0712,-1.4506,-1.0648,0.335,-0.7854
0.6569,-0.8056,1.1904,-0.3247,0.9503,-0.553,1.628,-0.7877,0.8843,-0.6346,0.3635,-1.0649,-1.423,-1.0557,0.3741,-0.7773
0.6969,-0.8,1.2271,-0.3174,0.9927,-0.5406,1.6822,-0.7898,0.9269,-0.6497,0.3902,-1.0566,-1.3997,-1.0404,0.4052,-0.7718
0.725,-0.793,1.2463,-0.309,1.0257,-0.531,1.7277,-0.7945,0.9431,-0.6264,0.4178,-1.0562,-1.3945,-1.0234,0.4347,-0.7713
0.725,-0.793,1.2463,-0.309,1.0257,-0.531,1.7277,-0.7945,0.9431,-0.6264,0.4178,-1.0562,-1.3945,-1.0234,0.4347,-0.7713
0.725,-0.793,1.2463,-0.309,1.0257,-0.531,1.7277,-0.7945,0.9431,-0.6264,0.4178,-1.0562,-1.3945,-1.0234,0.4347,-0.7713
0.7558,-0.7898,1.2767,-0.3044,1.0589,-0.5214,1.7734,-0.7992,1.045,-0.6334,0.4308,-1.0481,-1.3824,-1.004,0.4577,-0.7684
0.7558,-0.7898,1.2767,-0.3044,1.0589,-0.5214,1.7734,-0.7992,1.045,-0.6334,0.4308,-1.0481,-1.3824,-1.004,0.4577,-0.7684
0.7746,-0.7851,1.2896,-0.2988,1.0778,-0.5159,1.8104,-0.8065,1.088,-0.6486,0.4385,-1.0457,-1.3729,-0.9932,0.4725,-0.7682
0.7746,-0.7851,1.2896,-0.2988,1.0778,-0.5159,1.8104,-0.8065,1.088,-0.6486,0.4385,-1.0457,-1.3729,-0.9932,0.4725,-0.7682
0.7887,-0.7816,1.3025,-0.2932,1.0921,-0.5118,1.8474,-0.8139,1.1311,-0.6639,0.4362,-1.0423,-1.3703,-0.9846,0.4767,-0.7669
0.796,-0.7842,1.2978,-0.2864,1.0996,-0.5145,1.8563,-0.8113,1.1311,-0.6639,0.4323,-1.0435,-1.3747,-0.9783,0.4767,-0.7669
0.796,-0.7842,1.2978,-0.2864,1.0996,-0.5145,1.8563,-0.8113,1.1311,-0.6639,0.4323,-1.0435,-1.3747,-0.9783,0.4767,-0.7669
0.796,-0.7842,1.2978,-0.2864,1.0996,-0.5145,1.8563,-0.8113,1.1311,-0.6639,0.4323,-1.0435,-1.3747,-0.9783,0.4767,-0.7669
0.796,-0.7842,1.2978,-0.2864,1.0996,-0.5145,1.8563,-0.8113,1.1311,-0.6639,0.4323,-1.0435,-1.3747,-0.9783,0.4767,-0.7669
0.796,-0.7842,1.282,-0.2757,1.0949,-0.5158,1.8615,-0.8189,1.1641,-0.6173,0.4285,-1.0447,-1.3677,-0.976,0.4725,-0.7682
0.796,-0.7842,1.282,-0.2757,1.0949,-0.5158,1.8615,-0.8189,1.1641,-0.6173,0.4285,-1.0447,-1.3677,-0.976,0.4725,-0.7682
0.7845,-0.7914,1.2439,-0.2572,1.0815,-0.5294,1.8438,-0.8241,1.3647,-0.7173,0.4032,-1.0485,-1.3842,-0.9892,0.4587,-0.777
0.7845,-0.7914,1.2439,-0.2572,1.0815,-0.5294,1.8438,-0.8241,1.3647,-0.7173,0.4032,-1.0485,-1.3842,-0.9892,0.4587,-0.777
0.7845,-0.7914,1.2439,-0.2572,1.0815,-0.5294,1.8438,-0.8241,1.3647,-0.7173,0.4032,-1.0485,-1.3842,-0.9892,0.4587,-0.777
0.7751,-0.7938,1.217,-0.2426,1.0672,-0.5335,1.8209,-0.8217,1.3478,-0.7404,0.3917,-1.052,-1.3824,-1.004,0.4571,-0.7819
0.7751,-0.7938,1.217,-0.2426,1.0672,-0.5335,1.8209,-0.8217,1.3478,-0.7404,0.3917,-1.052,-1.3824,-1.004,0.4571,-0.7819
0.7657,-0.7961,1.1948,-0.2347,1.053,-0.5376,1.8173,-0.8318,1.2776,-0.6866,0.3826,-1.059,-1.3737,-1.0166,0.4688,-0.7916
0.7563,-0.7984,1.1884,-0.2376,1.0511,-0.543,1.8225,-0.8394,1.1641,-0.6173,0.3773,-1.0647,-1.365,-1.0291,0.4713,-0.7952
0.7563,-0.7984,1.1884,-0.2376,1.0511,-0.543,1.8225,-0.8394,1.1641,-0.6173,0.3773,-1.0647,-1.365,-1.0291,0.4713,-0.7952
0.7563,-0.7984,1.1884,-0.2376,1.0511,-0.543,1.8225,-0.8394,1.1641,-0.6173,0.3773,-1.0647,-1.365,-1.0291,0.4713,-0.7952
0.7396,-0.7982,1.1803,-0.25,1.0444,-0.5498,1.8189,-0.8495,1.0671,-0.5245,0.3696,-1.0671,-1.3564,-1.0416,0.4697,-0.8001
0.7396,-0.7982,1.1803,-0.25,1.0444,-0.5498,1.8189,-0.8495,1.0671,-0.5245,0.3696,-1.0671,-1.3564,-1.0416,0.4697,-0.8001
0.7276,-0.7968,1.1739,-0.2528,1.0472,-0.5538,1.8153,-0.8596,0.9699,-0.4314,0.3681,-1.0716,-1.352,-1.0478,0.4656,-0.8014
0.7276,-0.7968,1.1739,-0.2528,1.0472,-0.5538,1.8153,-0.8596,0.9699,-0.4314,0.3681,-1.0716,-1.352,-1.0478,0.4656,-0.8014
0.7203,-0.7942,1.1612,-0.2585,1.05,-0.5578,1.8065,-0.8622,0.8997,-0.3771,0.3567,-1.0752,-1.3659,-1.0524,0.4442,-0.7993
0.7203,-0.7942,1.1612,-0.2585,1.05,-0.5578,1.8065,-0.8622,0.8997,-0.3771,0.3567,-1.0752,-1.3659,-1.0524,0.4442,-0.7993
0.7063,-0.7977,1.1484,-0.2642,1.0461,-0.5686,1.7696,-0.8548,0.8567,-0.3619,0.3429,-1.0754,-1.3772,-1.0484,0.4285,-0.791
0.7063,-0.7977,1.1484,-0.2642,1.0461,-0.5686,1.7696,-0.8548,0.8567,-0.3619,0.3429,-1.0754,-1.3772,-1.0484,0.4285,-0.791
0.6995,-0.8037,1.1246,-0.266,1.0319,-0.5727,1.752,-0.86,0.8679,-0.4248,0.3254,-1.0768,-1.4023,-1.049,0.4046,-0.7853
0.6995,-0.8037,1.1246,-0.266,1.0319,-0.5727,1.752,-0.86,0.8679,-0.4248,0.3254,-1.0768,-1.4023,-1.049,0.4046,-0.7853
0.6901,-0.8061,1.1183,-0.2688,1.0178,-0.5768,1.7292,-0.8576,0.8361,-0.4722,0.3102,-1.0815,-1.4204,-1.0472,0.3807,-0.7797
0.6901,-0.8061,1.1183,-0.2688,1.0178,-0.5768,1.7292,-0.8576,0.8361,-0.4722,0.3102,-1.0815,-1.4204,-1.0472,0.3807,-0.7797
0.6735,-0.8058,1.1009,-0.2678,0.9914,-0.5796,1.7204,-0.8602,0.8578,-0.5963,0.2912,-1.0874,-1.4567,-1.0439,0.3513,-0.7802
0.6735,-0.8058,1.1009,-0.2678,0.9914,-0.5796,1.7204,-0.8602,0.8578,-0.5963,0.2912,-1.0874,-1.4567,-1.0439,0.3513,-0.7802
0.6735,-0.8058,1.1009,-0.2678,0.9914,-0.5796,1.7204,-0.8602,0.8578,-0.5963,0.2912,-1.0874,-1.4567,-1.0439,0.3513,-0.7802
0.6642,-0.8081,1.0899,-0.2639,0.9595,-0.5744,1.7064,-0.8552,0.8258,-0.6428,0.2784,-1.0955,-1.486,-1.0382,0.3259,-0.7795
0.6549,-0.8105,1.0899,-0.2639,0.9324,-0.5678,1.6925,-0.8503,0.8363,-0.704,0.2656,-1.1036,-1.504,-1.0365,0.3057,-0.786
0.6455,-0.8128,1.0945,-0.2706,0.8979,-0.5587,1.6837,-0.8529,0.8203,-0.7269,0.2504,-1.1083,-1.5221,-1.0349,0.2895,-0.7912
0.6455,-0.8128,1.0945,-0.2706,0.8979,-0.5587,1.6837,-0.8529,0.8203,-0.7269,0.2504,-1.1083,-1.5221,-1.0349,0.2895,-0.7912
0.6455,-0.8128,1.0945,-0.2706,0.8979,-0.5587,1.6837,-0.8529,0.8203,-0.7269,0.2504,-1.1083,-1.5221,-1.0349,0.2895,-0.7912
0.629,-0.8126,1.0818,-0.2762,0.8661,-0.5535,1.6662,-0.858,0.7781,-0.712,0.2376,-1.1163,-1.5358,-1.0394,0.2758,-0.8
0.629,-0.8126,1.0818,-0.2762,0.8661,-0.5535,1.6662,-0.858,0.7781,-0.712,0.2376,-1.1163,-1.5358,-1.0394,0.2758,-0.8
0.6176,-0.8198,1.0755,-0.2791,0.8345,-0.5484,1.6488,-0.8632,0.8363,-0.704,0.2301,-1.1187,-1.5246,-1.0434,0.2702,-0.8062
0.6176,-0.8198,1.0755,-0.2791,0.8345,-0.5484,1.6488,-0.8632,0.8363,-0.704,0.2301,-1.1187,-1.5246,-1.0434,0.2702,-0.8062
0.6083,-0.8221,1.0692,-0.2819,0.815,-0.5445,1.6401,-0.8658,0.8363,-0.704,0.2127,-1.1201,-1.5203,-1.0496,0.2581,-0.8101
0.6016,-0.8281,1.0518,-0.2809,0.7862,-0.5434,1.6174,-0.8634,0.8523,-0.6809,0.1892,-1.1193,-1.5228,-1.0581,0.2435,-0.8104
0.6016,-0.8281,1.0518,-0.2809,0.7862,-0.5434,1.6174,-0.8634,0.8523,-0.6809,0.1892,-1.1193,-1.5228,-1.0581,0.2435,-0.8104
0.5923,-0.8305,1.0409,-0.277,0.7649,-0.5449,1.6087,-0.866,0.8947,-0.6959,0.1696,-1.1174,-1.534,-1.0541,0.2355,-0.813
0.5923,-0.8305,1.0409,-0.277,0.7649,-0.5449,1.6087,-0.866,0.8947,-0.6959,0.1696,-1.1174,-1.534,-1.0541,0.2355,-0.813
0.5923,-0.8305,1.0409,-0.277,0.7649,-0.5449,1.6087,-0.866,0.8947,-0.6959,0.1696,-1.1174,-1.534,-1.0541,0.2355,-0.813
0.564,-0.8288,1.0282,-0.2826,0.7417,-0.5518,1.5965,-0.8786,0.8523,-0.6809,0.1485,-1.12,-1.5365,-1.0626,0.2169,-0.8146
0.564,-0.8288,1.0282,-0.2826,0.7417,-0.5518,1.5965,-0.8786,0.8523,-0.6809,0.1485,-1.12,-1.5365,-1.0626,0.2169,-0.8146
0.5501,-0.8323,1.0156,-0.2883,0.7131,-0.5507,1.574,-0.8763,0.8683,-0.6578,0.1312,-1.1214,-1.5477,-1.0587,0.2089,-0.8172
0.5501,-0.8323,1.0156,-0.2883,0.7131,-0.5507,1.574,-0.8763,0.8683,-0.6578,0.1312,-1.1214,-1.5477,-1.0587,0.2089,-0.8172
0.548,-0.8372,0.9983,-0.2873,0.6992,-0.5548,1.5653,-0.8789,0.8683,-0.6578,0.1117,-1.1195,-1.5502,-1.0671,0.1943,-0.8175
0.548,-0.8372,0.9983,-0.2873,0.6992,-0.5548,1.5653,-0.8789,0.8683,-0.6578,0.1117,-1.1195,-1.5502,-1.0671,0.1943,-0.8175
0.5552,-0.8397,0.9983,-0.2873,0.7066,-0.5574,1.5653,-0.8789,0.9108,-0.6728,0.0987,-1.1074,-1.5502,-1.0671,0.1943,-0.8175
0.5737,-0.8351,0.9937,-0.2806,0.7398,-0.5572,1.5878,-0.8812,0.9799,-0.726,0.1068,-1.0927,-1.5365,-1.0626,0.2129,-0.8159
0.5737,-0.8351,0.9937,-0.2806,0.7398,-0.5572,1.5878,-0.8812,0.9799,-0.726,0.1068,-1.0927,-1.5365,-1.0626,0.2129,-0.8159
0.5944,-0.8256,1.0236,-0.2759,0.7843,-0.5488,1.6365,-0.8758,1.0124,-0.6798,0.141,-1.0696,-1.4979,-1.0575,0.2476,-0.8091
0.5944,-0.8256,1.0236,-0.2759,0.7843,-0.5488,1.6365,-0.8758,1.0124,-0.6798,0.141,-1.0696,-1.4979,-1.0575,0.2476,-0.8091
0.5944,-0.8256,1.0236,-0.2759,0.7843,-0.5488,1.6365,-0.8758,1.0124,-0.6798,0.141,-1.0696,-1.4979,-1.0575,0.2476,-0.8091
0.6238,-0.8051,1.0488,-0.2646,0.8531,-0.5429,1.7133,-0.8803,1.0124,-0.6798,0.1922,-1.0575,-1.4636,-1.0461,0.293,-0.8033
0.6238,-0.8051,1.0488,-0.2646,0.8531,-0.5429,1.7133,-0.8803,1.0124,-0.6798,0.1922,-1.0575,-1.4636,-1.0461,0.293,-0.8033
0.6238,-0.8051,1.0488,-0.2646,0.8531,-0.5429,1.7133,-0.8803,1.0124,-0.6798,0.1922,-1.0575,-1.4636,-1.0461,0.293,-0.8033
0.6606,-0.7872,1.0852,-0.2571,0.9148,-0.5344,1.766,-0.8649,1.0124,-0.6798,0.2421,-1.0499,-1.4204,-1.0472,0.3229,-0.7893
0.6606,-0.7872,1.0852,-0.2571,0.9148,-0.5344,1.766,-0.8649,1.0124,-0.6798,0.2421,-1.0499,-1.4204,-1.0472,0.3229,-0.7893
0.6606,-0.7872,1.0852,-0.2571,0.9148,-0.5344,1.766,-0.8649,1.0124,-0.6798,0.2421,-1.0499,-1.4204,-1.0472,0.3229,-0.7893
0.7282,-0.7659,1.1565,-0.2518,1.0249,-0.5216,1.8313,-0.8368,1.002,-0.6183,0.3311,-1.0382,-1.3112,-1.0575,0.392,-0.7672
0.7282,-0.7659,1.1565,-0.2518,1.0249,-0.5216,1.8313,-0.8368,1.002,-0.6183,0.3311,-1.0382,-1.3112,-1.0575,0.392,-0.7672
0.7522,-0.7687,1.1833,-0.2664,1.0664,-0.5241,1.8438,-0.8241,1.045,-0.6334,0.3624,-1.0366,-1.2903,-1.0508,0.419,-0.763
0.7522,-0.7687,1.1833,-0.2664,1.0664,-0.5241,1.8438,-0.8241,1.045,-0.6334,0.3624,-1.0366,-1.2903,-1.0508,0.419,-0.763
0.7642,-0.7701,1.2212,-0.2848,1.0834,-0.524,1.8333,-0.8089,1.045,-0.6334,0.3862,-1.0374,-1.2877,-1.0422,0.4379,-0.7614
0.7642,-0.7701,1.2212,-0.2848,1.0834,-0.524,1.8333,-0.8089,1.045,-0.6334,0.3862,-1.0374,-1.2877,-1.0422,0.4379,-0.7614
0.7788,-0.7753,1.2434,-0.2927,1.1005,-0.5239,1.8333,-0.8089,1.0287,-0.6567,0.4023,-1.0405,-1.2964,-1.0297,0.4577,-0.7684
0.7788,-0.7753,1.2434,-0.2927,1.1005,-0.5239,1.8333,-0.8089,1.0287,-0.6567,0.4023,-1.0405,-1.2964,-1.0297,0.4577,-0.7684
0.7956,-0.7756,1.2656,-0.3005,1.1072,-0.5171,1.8474,-0.8139,1.1146,-0.687,0.4147,-1.0449,-1.3051,-1.0172,0.4618,-0.7671
0.7956,-0.7756,1.2656,-0.3005,1.1072,-0.5171,1.8474,-0.8139,1.1146,-0.687,0.4147,-1.0449,-1.3051,-1.0172,0.4618,-0.7671
0.7956,-0.7756,1.2656,-0.3005,1.1072,-0.5171,1.8474,-0.8139,1.1146,-0.687,0.4147,-1.0449,-1.3051,-1.0172,0.4618,-0.7671
0.8175,-0.7833,1.2609,-0.2938,1.1119,-0.5158,1.8615,-0.8189,1.1743,-0.6791,0.4147,-1.0449,-1.3225,-0.992,0.4725,-0.7682
0.8175,-0.7833,1.2609,-0.2938,1.1119,-0.5158,1.8615,-0.8189,1.1743,-0.6791,0.4147,-1.0449,-1.3225,-0.992,0.4725,-0.7682
0.8175,-0.7833,1.2609,-0.2938,1.1119,-0.5158,1.8615,-0.8189,1.1743,-0.6791,0.4147,-1.0449,-1.3225,-0.992,0.4725,-0.7682
0.8201,-0.7871,1.234,-0.2792,1.1072,-0.5171,1.8668,-0.8265,1.3043,-0.7251,0.3955,-1.0508,-1.3425,-0.9755,0.4603,-0.7721
0.8201,-0.7871,1.234,-0.2792,1.1072,-0.5171,1.8668,-0.8265,1.3043,-0.7251,0.3955,-1.0508,-1.3425,-0.9755,0.4603,-0.7721
0.8201,-0.7871,1.234,-0.2792,1.1072,-0.5171,1.8668,-0.8265,1.3043,-0.7251,0.3955,-1.0508,-1.3425,-0.9755,0.4603,-0.7721
0.8133,-0.7931,1.2118,-0.2713,1.0929,-0.5212,1.849,-0.8316,1.3744,-0.7788,0.3779,-1.0522,-1.3538,-0.9715,0.448,-0.776
0.8038,-0.7955,1.1961,-0.2607,1.0834,-0.524,1.835,-0.8266,1.3744,-0.7788,0.3641,-1.0524,-1.3564,-0.98,0.4398,-0.7786
0.8038,-0.7955,1.1961,-0.2607,1.0834,-0.524,1.835,-0.8266,1.3744,-0.7788,0.3641,-1.0524,-1.3564,-0.98,0.4398,-0.7786
0.7918,-0.794,1.1709,-0.2365,1.0739,-0.5267,1.8402,-0.8342,1.3478,-0.7404,0.3565,-1.0548,-1.3477,-0.9926,0.4291,-0.7775
0.7678,-0.7912,1.1488,-0.2287,1.0522,-0.5282,1.8277,-0.8469,1.3043,-0.7251,0.3404,-1.0517,-1.3503,-1.0012,0.4341,-0.7848
0.7678,-0.7912,1.1488,-0.2287,1.0522,-0.5282,1.8277,-0.8469,1.3043,-0.7251,0.3404,-1.0517,-1.3503,-1.0012,0.4341,-0.7848
0.7678,-0.7912,1.1488,-0.2287,1.0522,-0.5282,1.8277,-0.8469,1.3043,-0.7251,0.3404,-1.0517,-1.3503,-1.0012,0.4341,-0.7848
0.7678,-0.7912,1.1488,-0.2287,1.0522,-0.5282,1.8277,-0.8469,1.3043,-0.7251,0.3404,-1.0517,-1.3503,-1.0012,0.4341,-0.7848
0.7532,-0.786,1.1377,-0.2248,1.0427,-0.5309,1.8189,-0.8495,1.1908,-0.6559,0.3328,-1.0541,-1.3529,-1.0097,0.4392,-0.7921
0.7532,-0.786,1.1377,-0.2248,1.0427,-0.5309,1.8189,-0.8495,1.1908,-0.6559,0.3328,-1.0541,-1.3529,-1.0097,0.4392,-0.7921
0.7532,-0.786,1.1377,-0.2248,1.0427,-0.5309,1.8189,-0.8495,1.1908,-0.6559,0.3328,-1.0541,-1.3529,-1.0097,0.4392,-0.7921
0.7261,-0.7708,1.125,-0.2305,1.0285,-0.5351,1.833,-0.8545,0.9969,-0.4704,0.3275,-1.0598,-1.3599,-1.012,0.4508,-0.8017
0.7261,-0.7708,1.125,-0.2305,1.0285,-0.5351,1.833,-0.8545,0.9969,-0.4704,0.3275,-1.0598,-1.3599,-1.012,0.4508,-0.8017
0.7167,-0.7732,1.1344,-0.244,1.0341,-0.5431,1.8241,-0.857,0.9268,-0.4162,0.3138,-1.06,-1.3668,-1.0143,0.4426,-0.8043
0.7167,-0.7732,1.1344,-0.244,1.0341,-0.5431,1.8241,-0.857,0.9268,-0.4162,0.3138,-1.06,-1.3668,-1.0143,0.4426,-0.8043
0.7074,-0.7755,1.1437,-0.2575,1.0397,-0.5512,1.8101,-0.8521,0.8948,-0.4637,0.3047,-1.0669,-1.3694,-1.0228,0.4253,-0.8009
0.7074,-0.7755,1.1437,-0.2575,1.0397,-0.5512,1.8101,-0.8521,0.8948,-0.4637,0.3047,-1.0669,-1.3694,-1.0228,0.4253,-0.8009
0.6933,-0.779,1.1373,-0.2603,1.033,-0.5579,1.8012,-0.8546,0.8897,-0.5495,0.2895,-1.0717,-1.3902,-1.0296,0.3908,-0.7942
0.6933,-0.779,1.1373,-0.2603,1.033,-0.5579,1.8012,-0.8546,0.8897,-0.5495,0.2895,-1.0717,-1.3902,-1.0296,0.3908,-0.7942
0.6819,-0.7862,1.1246,-0.266,1.0066,-0.5607,1.7748,-0.8623,0.8843,-0.6346,0.2729,-1.081,-1.4066,-1.0427,0.3588,-0.7911
0.6679,-0.7897,1.1229,-0.2755,0.9719,-0.5515,1.752,-0.86,0.9211,-0.7339,0.2601,-1.089,-1.4204,-1.0472,0.336,-0.794
0.6679,-0.7897,1.1229,-0.2755,0.9719,-0.5515,1.752,-0.86,0.9211,-0.7339,0.2601,-1.089,-1.4204,-1.0472,0.336,-0.794
0.6539,-0.7932,1.1055,-0.2745,0.94,-0.5463,1.7292,-0.8576,0.9636,-0.749,0.2403,-1.0871,-1.436,-1.037,0.3173,-0.7955
0.6539,-0.7932,1.1055,-0.2745,0.94,-0.5463,1.7292,-0.8576,0.9636,-0.749,0.2403,-1.0871,-1.436,-1.037,0.3173,-0.7955
0.6497,-0.803,1.0835,-0.2667,0.9082,-0.5411,1.6977,-0.8578,0.9799,-0.726,0.2145,-1.083,-1.436,-1.037,0.3051,-0.7994
0.6497,-0.803,1.0835,-0.2667,0.9082,-0.5411,1.6977,-0.8578,0.9799,-0.726,0.2145,-1.083,-1.436,-1.037,0.3051,-0.7994
0.6497,-0.803,1.0835,-0.2667,0.9082,-0.5411,1.6977,-0.8578,0.9799,-0.726,0.2145,-1.083,-1.436,-1.037,0.3051,-0.7994
0.6502,-0.8116,1.0725,-0.2628,0.8895,-0.5466,1.6837,-0.8529,1.0124,-0.6798,0.1902,-1.0744,-1.4403,-1.0308,0.2905,-0.7997
0.6502,-0.8116,1.0725,-0.2628,0.8895,-0.5466,1.6837,-0.8529,1.0124,-0.6798,0.1902,-1.0744,-1.4403,-1.0308,0.2905,-0.7997
0.6502,-0.8116,1.0725,-0.2628,0.8895,-0.5466,1.6837,-0.8529,1.0124,-0.6798,0.1902,-1.0744,-1.4403,-1.0308,0.2905,-0.7997
0.6362,-0.8151,1.0552,-0.2618,0.8661,-0.5535,1.6802,-0.863,1.0552,-0.695,0.1621,-1.067,-1.4403,-1.0308,0.2758,-0.8
0.6362,-0.8151,1.0552,-0.2618,0.8661,-0.5535,1.6802,-0.863,1.0552,-0.695,0.1621,-1.067,-1.4403,-1.0308,0.2758,-0.8
0.6362,-0.8151,1.0552,-0.2618,0.8661,-0.5535,1.6802,-0.863,1.0552,-0.695,0.1621,-1.067,-1.4403,-1.0308,0.2758,-0.8
0.5815,-0.807,1.0206,-0.2597,0.839,-0.5711,1.6958,-0.8854,1.0552,-0.695,0.1116,-1.0668,-1.4679,-1.0399,0.2541,-0.8114
0.5815,-0.807,1.0206,-0.2597,0.839,-0.5711,1.6958,-0.8854,1.0552,-0.695,0.1116,-1.0668,-1.4679,-1.0399,0.2541,-0.8114
0.5526,-0.7968,1.008,-0.2654,0.8232,-0.5806,1.6922,-0.8955,0.9858,-0.6415,0.0929,-1.0728,-1.4592,-1.0524,0.2355,-0.813
0.5526,-0.7968,1.008,-0.2654,0.8232,-0.5806,1.6922,-0.8955,0.9858,-0.6415,0.0929,-1.0728,-1.4592,-1.0524,0.2355,-0.813
0.5264,-0.7904,0.9798,-0.2604,0.7944,-0.5794,1.6556,-0.8882,0.9696,-0.6647,0.0728,-1.0832,-1.4506,-1.0648,0.2154,-0.8195
0.5264,-0.7904,0.9798,-0.2604,0.7944,-0.5794,1.6556,-0.8882,0.9696,-0.6647,0.0728,-1.0832,-1.4506,-1.0648,0.2154,-0.8195
0.5264,-0.7904,0.9798,-0.2604,0.7944,-0.5794,1.6556,-0.8882,0.9696,-0.6647,0.0728,-1.0832,-1.4506,-1.0648,0.2154,-0.8195
0.5264,-0.7904,0.9798,-0.2604,0.7944,-0.5794,1.6556,-0.8882,0.9696,-0.6647,0.0728,-1.0832,-1.4506,-1.0648,0.2154,-0.8195
0.468,-0.7921,0.953,-0.2813,0.7351,-0.5826,1.5636,-0.8614,0.8258,-0.6428,0.0356,-1.0951,-1.4738,-1.0801,0.1653,-0.8181
0.468,-0.7921,0.953,-0.2813,0.7351,-0.5826,1.5636,-0.8614,0.8258,-0.6428,0.0356,-1.0951,-1.4738,-1.0801,0.1653,-0.8181
0.4496,-0.7968,0.9451,-0.2937,0.7056,-0.5721,1.5031,-0.8343,0.8099,-0.6659,0.0341,-1.0996,-1.485,-1.0761,0.1548,-0.8171
0.4496,-0.7968,0.9451,-0.2937,0.7056,-0.5721,1.5031,-0.8343,0.8099,-0.6659,0.0341,-1.0996,-1.485,-1.0761,0.1548,-0.8171
0.4496,-0.7968,0.9451,-0.2937,0.7056,-0.5721,1.5031,-0.8343,0.8099,-0.6659,0.0341,-1.0996,-1.485,-1.0761,0.1548,-0.8171
0.4496,-0.7968,0.9451,-0.2937,0.7056,-0.5721,1.5031,-0.8343,0.8099,-0.6659,0.0341,-1.0996,-1.485,-1.0761,0.1548,-0.8171
0.4777,-0.7984,0.9841,-0.3024,0.7537,-0.553,1.5204,-0.8291,0.8523,-0.6809,0.097,-1.0918,-1.4972,-1.0343,0.1828,-0.808
0.4777,-0.7984,0.9841,-0.3024,0.7537,-0.553,1.5204,-0.8291,0.8523,-0.6809,0.097,-1.0918,-1.4972,-1.0343,0.1828,-0.808
0.4777,-0.7984,0.9841,-0.3024,0.7537,-0.553,1.5204,-0.8291,0.8523,-0.6809,0.097,-1.0918,-1.4972,-1.0343,0.1828,-0.808
0.5244,-0.7952,1.0139,-0.2978,0.8048,-0.5379,1.5654,-0.8337,0.9534,-0.6879,0.1517,-1.0784,-1.4714,-1.0104,0.228,-0.8022
0.5805,-0.7898,1.0565,-0.2876,0.8803,-0.5252,1.6419,-0.8381,1.0982,-0.7102,0.2044,-1.0618,-1.4301,-0.9967,0.2774,-0.7951
0.6368,-0.7844,1.0725,-0.2628,0.9421,-0.5167,1.7275,-0.84,1.1843,-0.7406,0.2558,-1.0496,-1.3911,-0.9915,0.331,-0.7867
0.6368,-0.7844,1.0725,-0.2628,0.9421,-0.5167,1.7275,-0.84,1.1843,-0.7406,0.2558,-1.0496,-1.3911,-0.9915,0.331,-0.7867
0.6814,-0.7776,1.1042,-0.2486,0.9948,-0.511,1.8101,-0.8521,1.2275,-0.7558,0.2899,-1.0389,-1.366,-0.9909,0.3726,-0.7823
0.6814,-0.7776,1.1042,-0.2486,0.9948,-0.511,1.8101,-0.8521,1.2275,-0.7558,0.2899,-1.0389,-1.366,-0.9909,0.3726,-0.7823
0.6814,-0.7776,1.1042,-0.2486,0.9948,-0.511,1.8101,-0.8521,1.2275,-0.7558,0.2899,-1.0389,-1.366,-0.9909,0.3726,-0.7823
0.7167,-0.7732,1.1186,-0.2333,1.0382,-0.508,1.8595,-0.8467,1.2009,-0.7175,0.3165,-1.0305,-1.3477,-0.9926,0.4168,-0.7814
0.7167,-0.7732,1.1186,-0.2333,1.0382,-0.508,1.8595,-0.8467,1.2009,-0.7175,0.3165,-1.0305,-1.3477,-0.9926,0.4168,-0.7814
0.7167,-0.7732,1.1186,-0.2333,1.0382,-0.508,1.8595,-0.8467,1.2009,-0.7175,0.3165,-1.0305,-1.3477,-0.9926,0.4168,-0.7814
0.7428,-0.7711,1.1377,-0.2248,1.0694,-0.5038,1.8914,-0.8466,1.1476,-0.6406,0.3417,-1.0267,-1.3251,-1.0006,0.4489,-0.7846
0.7428,-0.7711,1.1377,-0.2248,1.0694,-0.5038,1.8914,-0.8466,1.1476,-0.6406,0.3417,-1.0267,-1.3251,-1.0006,0.4489,-0.7846
0.7616,-0.7664,1.1535,-0.2354,1.0912,-0.5023,1.895,-0.8365,0.9588,-0.3684,0.3569,-1.0219,-1.2885,-1.004,0.4893,-0.7851
0.7616,-0.7664,1.1535,-0.2354,1.0912,-0.5023,1.895,-0.8365,0.9588,-0.3684,0.3569,-1.0219,-1.2885,-1.004,0.4893,-0.7851
0.7663,-0.7652,1.1535,-0.2354,1.1139,-0.5103,1.8987,-0.8263,0.8883,-0.3138,0.3431,-1.0222,-1.2955,-1.0063,0.4785,-0.784
0.7663,-0.7652,1.1535,-0.2354,1.1139,-0.5103,1.8987,-0.8263,0.8883,-0.3138,0.3431,-1.0222,-1.2955,-1.0063,0.4785,-0.784
0.7663,-0.7652,1.1535,-0.2354,1.1139,-0.5103,1.8987,-0.8263,0.8883,-0.3138,0.3431,-1.0222,-1.2955,-1.0063,0.4785,-0.784
0.7543,-0.7638,1.1518,-0.245,1.1119,-0.5158,1.8793,-0.8137,0.8452,-0.2986,0.3378,-1.0279,-1.2798,-1.0166,0.4628,-0.7757
0.7543,-0.7638,1.1518,-0.245,1.1119,-0.5158,1.8793,-0.8137,0.8452,-0.2986,0.3378,-1.0279,-1.2798,-1.0166,0.4628,-0.7757
0.7402,-0.7673,1.128,-0.2468,1.108,-0.5266,1.8474,-0.8139,0.8567,-0.3619,0.3288,-1.0349,-1.2937,-1.0212,0.4322,-0.7677
0.7402,-0.7673,1.128,-0.2468,1.108,-0.5266,1.8474,-0.8139,0.8567,-0.3619,0.3288,-1.0349,-1.2937,-1.0212,0.4322,-0.7677
0.7261,-0.7708,1.1216,-0.2497,1.091,-0.5267,1.8297,-0.8191,0.8948,-0.4637,0.3197,-1.0418,-1.3007,-1.0234,0.4042,-0.7633
0.7261,-0.7708,1.1216,-0.2497,1.091,-0.5267,1.8297,-0.8191,0.8948,-0.4637,0.3197,-1.0418,-1.3007,-1.0234,0.4042,-0.7633
0.7095,-0.7706,1.1199,-0.2592,1.0767,-0.5308,1.812,-0.8243,0.9325,-0.5646,0.3252,-1.0564,-1.3146,-1.028,0.3854,-0.7648
0.7074,-0.7755,1.1136,-0.2621,1.0569,-0.5268,1.8032,-0.8268,0.9696,-0.6647,0.326,-1.0643,-1.3286,-1.0325,0.3666,-0.7664
0.7074,-0.7755,1.1136,-0.2621,1.0569,-0.5268,1.8032,-0.8268,0.9696,-0.6647,0.326,-1.0643,-1.3286,-1.0325,0.3666,-0.7664
0.7074,-0.7755,1.1136,-0.2621,1.0569,-0.5268,1.8032,-0.8268,0.9696,-0.6647,0.326,-1.0643,-1.3286,-1.0325,0.3666,-0.7664
0.7079,-0.7841,1.1293,-0.2727,1.0446,-0.5255,1.8137,-0.8419,1.0818,-0.7332,0.3307,-1.071,-1.3329,-1.0262,0.365,-0.7714
0.7079,-0.7841,1.1293,-0.2727,1.0446,-0.5255,1.8137,-0.8419,1.0818,-0.7332,0.3307,-1.071,-1.3329,-1.0262,0.365,-0.7714
0.7058,-0.789,1.1119,-0.2716,1.0145,-0.5149,1.796,-0.8471,1.0982,-0.7102,0.3246,-1.0689,-1.3373,-1.02,0.3609,-0.7727
0.7058,-0.789,1.1119,-0.2716,1.0145,-0.5149,1.796,-0.8471,1.0982,-0.7102,0.3246,-1.0689,-1.3373,-1.02,0.3609,-0.7727
0.7182,-0.7991,1.1212,-0.2851,1.0023,-0.5136,1.7872,-0.8497,1.1577,-0.7023,0.3123,-1.0645,-1.3416,-1.0137,0.3635,-0.7763
0.7182,-0.7991,1.1212,-0.2851,1.0023,-0.5136,1.7872,-0.8497,1.1577,-0.7023,0.3123,-1.0645,-1.3416,-1.0137,0.3635,-0.7763
0.7182,-0.7991,1.1212,-0.2851,1.0023,-0.5136,1.7872,-0.8497,1.1577,-0.7023,0.3123,-1.0645,-1.3416,-1.0137,0.3635,-0.7763
0.7281,-0.8054,1.1102,-0.2812,0.9901,-0.5123,1.7872,-0.8497,1.1577,-0.7023,0.2954,-1.0535,-1.3347,-1.0114,0.366,-0.7799
0.7281,-0.8054,1.1102,-0.2812,0.9901,-0.5123,1.7872,-0.8497,1.1577,-0.7023,0.2954,-1.0535,-1.3347,-1.0114,0.366,-0.7799
0.7281,-0.8054,1.1102,-0.2812,0.9901,-0.5123,1.7872,-0.8497,1.1577,-0.7023,0.2954,-1.0535,-1.3347,-1.0114,0.366,-0.7799
0.7114,-0.8051,1.0818,-0.2762,0.9693,-0.5233,1.7924,-0.8572,1.1044,-0.6254,0.2541,-1.0338,-1.346,-1.0074,0.3578,-0.7825
0.7114,-0.8051,1.0818,-0.2762,0.9693,-0.5233,1.7924,-0.8572,1.1044,-0.6254,0.2541,-1.0338,-1.346,-1.0074,0.3578,-0.7825
0.685,-0.7986,1.0708,-0.2724,0.9552,-0.5274,1.7976,-0.8647,1.0345,-0.5715,0.2343,-1.0319,-1.3686,-0.9995,0.3497,-0.7851
0.685,-0.7986,1.0708,-0.2724,0.9552,-0.5274,1.7976,-0.8647,1.0345,-0.5715,0.2343,-1.0319,-1.3686,-0.9995,0.3497,-0.7851
0.6534,-0.7846,1.0598,-0.2685,0.9364,-0.5329,1.7888,-0.8673,0.9647,-0.5177,0.2169,-1.0333,-1.3755,-1.0017,0.3416,-0.7877
0.6316,-0.7769,1.0535,-0.2713,0.912,-0.5304,1.7888,-0.8673,0.9647,-0.5177,0.1995,-1.0348,-1.3529,-1.0097,0.3335,-0.7903
0.6316,-0.7769,1.0535,-0.2713,0.912,-0.5304,1.7888,-0.8673,0.9647,-0.5177,0.1995,-1.0348,-1.3529,-1.0097,0.3335,-0.7903
0.6052,-0.7704,1.0472,-0.2741,0.9008,-0.5385,1.766,-0.8649,0.9808,-0.4941,0.1905,-1.0417,-1.3146,-1.028,0.3254,-0.7929
0.6052,-0.7704,1.0472,-0.2741,0.9008,-0.5385,1.766,-0.8649,0.9808,-0.4941,0.1905,-1.0417,-1.3146,-1.028,0.3254,-0.7929
0.6052,-0.7704,1.0472,-0.2741,0.9008,-0.5385,1.766,-0.8649,0.9808,-0.4941,0.1905,-1.0417,-1.3146,-1.028,0.3254,-0.7929
0.5748,-0.7737,1.0282,-0.2826,0.8727,-0.5468,1.7116,-0.8627,0.9647,-0.5177,0.1815,-1.0487,-1.3173,-1.0365,0.3066,-0.7945
0.5748,-0.7737,1.0282,-0.2826,0.8727,-0.5468,1.7116,-0.8627,0.9647,-0.5177,0.1815,-1.0487,-1.3173,-1.0365,0.3066,-0.7945
0.547,-0.7808,1.0202,-0.295,0.8447,-0.555,1.6662,-0.858,0.9915,-0.5563,0.1688,-1.0568,-1.3242,-1.0388,0.2945,-0.7984
0.547,-0.7808,1.0202,-0.295,0.8447,-0.555,1.6662,-0.858,0.9915,-0.5563,0.1688,-1.0568,-1.3242,-1.0388,0.2945,-0.7984
0.5192,-0.7878,1.0278,-0.3179,0.8195,-0.5672,1.6209,-0.8534,0.9325,-0.5646,0.1523,-1.0661,-1.3538,-1.0331,0.2693,-0.7977
0.4936,-0.79,1.0215,-0.3207,0.7889,-0.5715,1.581,-0.8562,0.9325,-0.5646,0.1312,-1.0687,-1.3919,-1.0149,0.2572,-0.8016
0.4936,-0.79,1.0215,-0.3207,0.7889,-0.5715,1.581,-0.8562,0.9325,-0.5646,0.1312,-1.0687,-1.3919,-1.0149,0.2572,-0.8016
0.4823,-0.7972,1.0043,-0.3196,0.7676,-0.573,1.5636,-0.8614,1.002,-0.6183,0.1102,-1.0713,-1.4301,-0.9967,0.2385,-0.8032
0.4823,-0.7972,1.0043,-0.3196,0.7676,-0.573,1.5636,-0.8614,1.002,-0.6183,0.1102,-1.0713,-1.4301,-0.9967,0.2385,-0.8032
0.4823,-0.7972,1.0043,-0.3196,0.7676,-0.573,1.5636,-0.8614,1.002,-0.6183,0.1102,-1.0713,-1.4301,-0.9967,0.2385,-0.8032
0.4757,-0.8032,0.9824,-0.3119,0.7509,-0.5731,1.5463,-0.8665,1.045,-0.6334,0.0869,-1.0706,-1.4569,-0.9824,0.2199,-0.8048
0.4757,-0.8032,0.9824,-0.3119,0.7509,-0.5731,1.5463,-0.8665,1.045,-0.6334,0.0869,-1.0706,-1.4569,-0.9824,0.2199,-0.8048
0.4757,-0.8032,0.9824,-0.3119,0.7509,-0.5731,1.5463,-0.8665,1.045,-0.6334,0.0869,-1.0706,-1.4569,-0.9824,0.2199,-0.8048
0.4619,-0.8067,0.9404,-0.287,0.7269,-0.5706,1.5376,-0.8691,1.088,-0.6486,0.0576,-1.0678,-1.4707,-0.987,0.1989,-0.8028
0.4619,-0.8067,0.9404,-0.287,0.7269,-0.5706,1.5376,-0.8691,1.088,-0.6486,0.0576,-1.0678,-1.4707,-0.987,0.1989,-0.8028
0.4527,-0.8091,0.9047,-0.2592,0.7241,-0.5666,1.5376,-0.8691,1.045,-0.6334,0.0418,-1.0647,-1.4801,-0.9979,0.2039,-0.81
0.4527,-0.8091,0.9047,-0.2592,0.7241,-0.5666,1.5376,-0.8691,1.045,-0.6334,0.0418,-1.0647,-1.4801,-0.9979,0.2039,-0.81
0.4711,-0.8044,0.9063,-0.2497,0.762,-0.565,1.5688,-0.8688,0.9753,-0.5798,0.0604,-1.0588,-1.4508,-1.0035,0.2315,-0.8143
0.4711,-0.8044,0.9063,-0.2497,0.762,-0.565,1.5688,-0.8688,0.9753,-0.5798,0.0604,-1.0588,-1.4508,-1.0035,0.2315,-0.8143
0.4711,-0.8044,0.9063,-0.2497,0.762,-0.565,1.5688,-0.8688,0.9753,-0.5798,0.0604,-1.0588,-1.4508,-1.0035,0.2315,-0.8143
0.5033,-0.7962,0.9344,-0.2545,0.8112,-0.5552,1.6,-0.8686,0.9486,-0.5412,0.1084,-1.0556,-1.4006,-1.0023,0.2727,-0.8098
0.5033,-0.7962,0.9344,-0.2545,0.8112,-0.5552,1.6,-0.8686,0.9486,-0.5412,0.1084,-1.0556,-1.4006,-1.0023,0.2727,-0.8098
0.5033,-0.7962,0.9344,-0.2545,0.8112,-0.5552,1.6,-0.8686,0.9486,-0.5412,0.1084,-1.0556,-1.4006,-1.0023,0.2727,-0.8098
0.5033,-0.7962,0.9344,-0.2545,0.8112,-0.5552,1.6,-0.8686,0.9486,-0.5412,0.1084,-1.0556,-1.4006,-1.0023,0.2727,-0.8098
0.5866,-0.7751,1.0096,-0.2558,0.971,-0.5421,1.7064,-0.8552,0.852,-0.4485,0.2093,-1.0357,-1.3094,-1.0109,0.3416,-0.7877
0.5866,-0.7751,1.0096,-0.2558,0.971,-0.5421,1.7064,-0.8552,0.852,-0.4485,0.2093,-1.0357,-1.3094,-1.0109,0.3416,-0.7877
0.6311,-0.7683,1.0395,-0.2511,1.0257,-0.531,1.7503,-0.8423,0.8203,-0.4958,0.2578,-1.0326,-1.3068,-1.0023,0.3584,-0.769
0.6311,-0.7683,1.0395,-0.2511,1.0257,-0.531,1.7503,-0.8423,0.8203,-0.4958,0.2578,-1.0326,-1.3068,-1.0023,0.3584,-0.769
0.671,-0.7627,1.0742,-0.2532,1.0608,-0.516,1.7855,-0.832,0.8578,-0.5963,0.3028,-1.0308,-1.2998,-1,0.3829,-0.7612
0.671,-0.7627,1.0742,-0.2532,1.0608,-0.516,1.7855,-0.832,0.8578,-0.5963,0.3028,-1.0308,-1.2998,-1,0.3829,-0.7612
0.7043,-0.7631,1.0979,-0.2514,1.0837,-0.4996,1.8261,-0.8292,0.8843,-0.6346,0.334,-1.0291,-1.2902,-0.9892,0.4073,-0.7534
0.7043,-0.7631,1.0979,-0.2514,1.0837,-0.4996,1.8261,-0.8292,0.8843,-0.6346,0.334,-1.0291,-1.2902,-0.9892,0.4073,-0.7534
0.7522,-0.7687,1.1216,-0.2497,1.1018,-0.4846,1.8527,-0.8215,0.9108,-0.6728,0.3493,-1.0243,-1.2833,-0.9869,0.4196,-0.7495
0.7522,-0.7687,1.1216,-0.2497,1.1018,-0.4846,1.8527,-0.8215,0.9108,-0.6728,0.3493,-1.0243,-1.2833,-0.9869,0.4196,-0.7495
0.7835,-0.7741,1.128,-0.2468,1.1113,-0.4819,1.8757,-0.8239,0.9696,-0.6647,0.3584,-1.0174,-1.2806,-0.9783,0.441,-0.7515
0.8102,-0.7807,1.1391,-0.2507,1.1189,-0.4845,1.8898,-0.8289,1.0552,-0.695,0.3575,-1.0094,-1.2623,-0.98,0.4517,-0.7525
0.8102,-0.7807,1.1391,-0.2507,1.1189,-0.4845,1.8898,-0.8289,1.0552,-0.695,0.3575,-1.0094,-1.2623,-0.98,0.4517,-0.7525
0.8102,-0.7807,1.1391,-0.2507,1.1189,-0.4845,1.8898,-0.8289,1.0552,-0.695,0.3575,-1.0094,-1.2623,-0.98,0.4517,-0.7525
0.8128,-0.7845,1.1391,-0.2507,1.1141,-0.4859,1.9039,-0.8339,1.0818,-0.7332,0.3429,-1.0017,-1.2736,-0.976,0.4542,-0.7562
0.8128,-0.7845,1.1391,-0.2507,1.1141,-0.4859,1.9039,-0.8339,1.0818,-0.7332,0.3429,-1.0017,-1.2736,-0.976,0.4542,-0.7562
0.8034,-0.7868,1.128,-0.2468,1.0999,-0.4901,1.9233,-0.8464,1.1247,-0.7484,0.3344,-0.9962,-1.2666,-0.9737,0.4634,-0.7622
0.8034,-0.7868,1.128,-0.2468,1.0999,-0.4901,1.9233,-0.8464,1.1247,-0.7484,0.3344,-0.9962,-1.2666,-0.9737,0.4634,-0.7622
0.8034,-0.7868,1.128,-0.2468,1.0999,-0.4901,1.9233,-0.8464,1.1247,-0.7484,0.3344,-0.9962,-1.2666,-0.9737,0.4634,-0.7622
0.7814,-0.7791,1.1123,-0.2362,1.0932,-0.4969,1.9517,-0.8565,1.1247,-0.7484,0.3145,-0.9942,-1.2736,-0.976,0.4486,-0.7624
0.7814,-0.7791,1.1123,-0.2362,1.0932,-0.4969,1.9517,-0.8565,1.1247,-0.7484,0.3145,-0.9942,-1.2736,-0.976,0.4486,-0.7624
0.7183,-0.7596,1.0885,-0.238,1.0675,-0.5092,1.9286,-0.854,1.0716,-0.6719,0.2917,-1.0014,-1.2693,-0.9823,0.4231,-0.7617
0.7183,-0.7596,1.0885,-0.238,1.0675,-0.5092,1.9286,-0.854,1.0716,-0.6719,0.2917,-1.0014,-1.2693,-0.9823,0.4231,-0.7617
0.7183,-0.7596,1.0885,-0.238,1.0675,-0.5092,1.9286,-0.854,1.0716,-0.6719,0.2917,-1.0014,-1.2693,-0.9823,0.4231,-0.7617
0.7089,-0.7619,1.0759,-0.2437,1.0561,-0.5174,1.8914,-0.8466,1.045,-0.6334,0.2803,-1.005,-1.2535,-0.9926,0.4124,-0.7607
0.7089,-0.7619,1.0759,-0.2437,1.0561,-0.5174,1.8914,-0.8466,1.045,-0.6334,0.2803,-1.005,-1.2535,-0.9926,0.4124,-0.7607
0.6897,-0.758,1.0805,-0.2504,1.0541,-0.5228,1.8668,-0.8265,1.0287,-0.6567,0.2751,-1.0108,-1.2492,-0.9989,0.4042,-0.7633
0.6897,-0.758,1.0805,-0.2504,1.0541,-0.5228,1.8668,-0.8265,1.0287,-0.6567,0.2751,-1.0108,-1.2492,-0.9989,0.4042,-0.7633
0.6684,-0.7589,1.0835,-0.2667,1.0324,-0.5242,1.8156,-0.8141,1.0287,-0.6567,0.2736,-1.0154,-1.2605,-0.9949,0.4001,-0.7646
0.6684,-0.7589,1.0835,-0.2667,1.0324,-0.5242,1.8156,-0.8141,1.0287,-0.6567,0.2736,-1.0154,-1.2605,-0.9949,0.4001,-0.7646
0.6736,-0.7664,1.1149,-0.2879,1.0277,-0.5256,1.7927,-0.8117,1.0287,-0.6567,0.2783,-1.0221,-1.2649,-0.9886,0.3961,-0.7659
0.6736,-0.7664,1.1149,-0.2879,1.0277,-0.5256,1.7927,-0.8117,1.0287,-0.6567,0.2783,-1.0221,-1.2649,-0.9886,0.3961,-0.7659
0.6788,-0.7739,1.1259,-0.2918,1.0229,-0.527,1.7839,-0.8143,1.0716,-0.6719,0.2707,-1.0245,-1.2806,-0.9783,0.3854,-0.7648
0.6788,-0.7739,1.1212,-0.2851,1.0182,-0.5284,1.7891,-0.8219,1.1577,-0.7023,0.2631,-1.0269,-1.292,-0.9743,0.3813,-0.7662
0.6788,-0.7739,1.1212,-0.2851,1.0182,-0.5284,1.7891,-0.8219,1.1577,-0.7023,0.2631,-1.0269,-1.292,-0.9743,0.3813,-0.7662
0.6788,-0.7739,1.1212,-0.2851,1.0182,-0.5284,1.7891,-0.8219,1.1577,-0.7023,0.2631,-1.0269,-1.292,-0.9743,0.3813,-0.7662
0.6668,-0.7725,1.0899,-0.2639,1.0012,-0.5285,1.7855,-0.832,1.2009,-0.7175,0.2555,-1.0293,-1.3103,-0.9726,0.3732,-0.7688
0.6668,-0.7725,1.0899,-0.2639,1.0012,-0.5285,1.7855,-0.832,1.2009,-0.7175,0.2555,-1.0293,-1.3103,-0.9726,0.3732,-0.7688
0.6668,-0.7725,1.0899,-0.2639,1.0012,-0.5285,1.7855,-0.832,1.2009,-0.7175,0.2555,-1.0293,-1.3103,-0.9726,0.3732,-0.7688
0.6549,-0.7711,1.0695,-0.2465,0.9815,-0.5245,1.7715,-0.827,1.1577,-0.7023,0.232,-1.0286,-1.3312,-0.9795,0.3675,-0.775
0.6549,-0.7711,1.0695,-0.2465,0.9815,-0.5245,1.7715,-0.827,1.1577,-0.7023,0.232,-1.0286,-1.3312,-0.9795,0.3675,-0.775
0.6549,-0.7711,1.0695,-0.2465,0.9815,-0.5245,1.7715,-0.827,1.1577,-0.7023,0.232,-1.0286,-1.3312,-0.9795,0.3675,-0.775
0.6238,-0.7657,1.0302,-0.2377,0.9458,-0.5301,1.7732,-0.8447,0.9808,-0.4941,0.1948,-1.0281,-1.3408,-0.9903,0.3604,-0.7862
0.6238,-0.7657,1.0302,-0.2377,0.9458,-0.5301,1.7732,-0.8447,0.9808,-0.4941,0.1948,-1.0281,-1.3408,-0.9903,0.3604,-0.7862
0.6238,-0.7657,1.0302,-0.2377,0.9458,-0.5301,1.7732,-0.8447,0.9808,-0.4941,0.1948,-1.0281,-1.3408,-0.9903,0.3604,-0.7862
0.5933,-0.769,1.0222,-0.2501,0.9353,-0.5477,1.7556,-0.8499,0.8567,-0.3619,0.1601,-1.031,-1.3616,-0.9972,0.3203,-0.7857
0.5933,-0.769,1.0222,-0.2501,0.9353,-0.5477,1.7556,-0.8499,0.8567,-0.3619,0.1601,-1.031,-1.3616,-0.9972,0.3203,-0.7857
0.5722,-0.77,1.0159,-0.253,0.9138,-0.5492,1.7328,-0.8475,0.8092,-0.4334,0.1436,-1.0403,-1.3868,-0.9978,0.2951,-0.785
0.5722,-0.77,1.0159,-0.253,0.9138,-0.5492,1.7328,-0.8475,0.8092,-0.4334,0.1436,-1.0403,-1.3868,-0.9978,0.2951,-0.785
0.5464,-0.7722,1.008,-0.2654,0.8876,-0.552,1.7012,-0.8477,0.7619,-0.5044,0.1332,-1.0518,-1.4032,-1.0109,0.2593,-0.7832
0.5464,-0.7722,1.008,-0.2654,0.8876,-0.552,1.7012,-0.8477,0.7619,-0.5044,0.1332,-1.0518,-1.4032,-1.0109,0.2593,-0.7832
0.5325,-0.7757,0.9907,-0.2643,0.8512,-0.5482,1.6837,-0.8529,0.7835,-0.6278,0.1229,-1.0632,-1.4196,-1.024,0.226,-0.7851
0.5325,-0.7757,0.9907,-0.2643,0.8512,-0.5482,1.6837,-0.8529,0.7835,-0.6278,0.1229,-1.0632,-1.4196,-1.024,0.226,-0.7851
0.5325,-0.7757,0.9907,-0.2643,0.8512,-0.5482,1.6837,-0.8529,0.7835,-0.6278,0.1229,-1.0632,-1.4196,-1.024,0.226,-0.7851
0.5115,-0.7767,0.9625,-0.2594,0.8224,-0.5471,1.661,-0.8505,0.8203,-0.7269,0.1139,-1.0701,-1.4447,-1.0246,0.2009,-0.7844
0.5115,-0.7767,0.9625,-0.2594,0.8224,-0.5471,1.661,-0.8505,0.8203,-0.7269,0.1139,-1.0701,-1.4447,-1.0246,0.2009,-0.7844
0.4858,-0.7788,0.9344,-0.2545,0.7936,-0.546,1.6436,-0.8557,0.8043,-0.7499,0.1013,-1.0782,-1.4671,-1.0166,0.1848,-0.7897
0.4858,-0.7788,0.9344,-0.2545,0.7936,-0.546,1.6436,-0.8557,0.8043,-0.7499,0.1013,-1.0782,-1.4671,-1.0166,0.1848,-0.7897
0.4858,-0.7788,0.9344,-0.2545,0.7936,-0.546,1.6436,-0.8557,0.8043,-0.7499,0.1013,-1.0782,-1.4671,-1.0166,0.1848,-0.7897
0.4669,-0.7749,0.9281,-0.2574,0.7593,-0.5369,1.607,-0.8484,0.7781,-0.712,0.0817,-1.0763,-1.4671,-1.0166,0.1768,-0.7923
0.4669,-0.7749,0.9281,-0.2574,0.7593,-0.5369,1.607,-0.8484,0.7781,-0.712,0.0817,-1.0763,-1.4671,-1.0166,0.1768,-0.7923
0.4669,-0.7749,0.9281,-0.2574,0.7593,-0.5369,1.607,-0.8484,0.7781,-0.712,0.0817,-1.0763,-1.4671,-1.0166,0.1768,-0.7923
0.474,-0.7775,0.9172,-0.2535,0.764,-0.5355,1.5931,-0.8435,0.8626,-0.7419,0.0595,-1.0509,-1.4533,-1.0121,0.1833,-0.7946
0.474,-0.7775,0.9172,-0.2535,0.764,-0.5355,1.5931,-0.8435,0.8626,-0.7419,0.0595,-1.0509,-1.4533,-1.0121,0.1833,-0.7946
0.5043,-0.7741,0.9344,-0.2545,0.8085,-0.5271,1.6471,-0.8456,0.8523,-0.6809,0.0824,-1.0313,-1.4257,-1.0029,0.214,-0.789
0.5043,-0.7741,0.9344,-0.2545,0.8085,-0.5271,1.6471,-0.8456,0.8523,-0.6809,0.0824,-1.0313,-1.4257,-1.0029,0.214,-0.789
0.5459,-0.7635,0.9704,-0.247,0.8822,-0.5198,1.724,-0.8501,0.9108,-0.6728,0.1311,-1.0157,-1.3755,-1.0017,0.2593,-0.7832
0.5459,-0.7635,0.9704,-0.247,0.8822,-0.5198,1.724,-0.8501,0.9108,-0.6728,0.1311,-1.0157,-1.3755,-1.0017,0.2593,-0.7832
0.5897,-0.748,1.0113,-0.2462,0.9562,-0.5126,1.782,-0.8421,0.9269,-0.6497,0.1823,-1.0034,-1.3181,-0.9983,0.3047,-0.7774
0.5897,-0.748,1.0113,-0.2462,0.9562,-0.5126,1.782,-0.8421,0.9269,-0.6497,0.1823,-1.0034,-1.3181,-0.9983,0.3047,-0.7774
0.5897,-0.748,1.0113,-0.2462,0.9562,-0.5126,1.782,-0.8421,0.9269,-0.6497,0.1823,-1.0034,-1.3181,-0.9983,0.3047,-0.7774
0.6342,-0.7412,1.0412,-0.2416,1.0184,-0.5041,1.812,-0.8243,0.9431,-0.6264,0.2398,-0.9933,-1.2562,-1.0012,0.3544,-0.7703
0.6342,-0.7412,1.0412,-0.2416,1.0184,-0.5041,1.812,-0.8243,0.9431,-0.6264,0.2398,-0.9933,-1.2562,-1.0012,0.3544,-0.7703
0.6342,-0.7412,1.0412,-0.2416,1.0184,-0.5041,1.812,-0.8243,0.9431,-0.6264,0.2398,-0.9933,-1.2562,-1.0012,0.3544,-0.7703
0.7027,-0.7371,1.0979,-0.2514,1.0923,-0.4874,1.8458,-0.7962,0.9431,-0.6264,0.3089,-0.9795,-1.1983,-0.9979,0.4287,-0.7554
0.7027,-0.7371,1.0979,-0.2514,1.0923,-0.4874,1.8458,-0.7962,0.9431,-0.6264,0.3089,-0.9795,-1.1983,-0.9979,0.4287,-0.7554
0.7168,-0.7336,1.131,-0.2631,1.1189,-0.4845,1.8405,-0.7886,0.9858,-0.6415,0.3441,-0.9766,-1.1974,-0.9744,0.4533,-0.7476
0.7168,-0.7336,1.131,-0.2631,1.1189,-0.4845,1.8405,-0.7886,0.9858,-0.6415,0.3441,-0.9766,-1.1974,-0.9744,0.4533,-0.7476
0.7408,-0.7364,1.1594,-0.2681,1.138,-0.479,1.8582,-0.7834,1.045,-0.6334,0.364,-0.9786,-1.1992,-0.9594,0.4697,-0.7424
0.7408,-0.7364,1.1594,-0.2681,1.138,-0.479,1.8582,-0.7834,1.045,-0.6334,0.364,-0.9786,-1.1992,-0.9594,0.4697,-0.7424
0.7408,-0.7364,1.1594,-0.2681,1.138,-0.479,1.8582,-0.7834,1.045,-0.6334,0.364,-0.9786,-1.1992,-0.9594,0.4697,-0.7424
0.7648,-0.7392,1.1565,-0.2518,1.157,-0.4735,1.8954,-0.7908,1.1743,-0.6791,0.3816,-0.9771,-1.1895,-0.9485,0.4886,-0.7408
0.7648,-0.7392,1.1565,-0.2518,1.157,-0.4735,1.8954,-0.7908,1.1743,-0.6791,0.3816,-0.9771,-1.1895,-0.9485,0.4886,-0.7408
0.7648,-0.7392,1.1565,-0.2518,1.157,-0.4735,1.8954,-0.7908,1.1743,-0.6791,0.3816,-0.9771,-1.1895,-0.9485,0.4886,-0.7408
0.7936,-0.7408,1.1552,-0.2258,1.1742,-0.4734,1.9469,-0.8032,1.1641,-0.6173,0.3916,-0.9781,-1.1939,-0.9422,0.5326,-0.7536
0.7936,-0.7408,1.1552,-0.2258,1.1742,-0.4734,1.9469,-0.8032,1.1641,-0.6173,0.3916,-0.9781,-1.1939,-0.9422,0.5326,-0.7536
0.7936,-0.7408,1.1394,-0.2151,1.1798,-0.4815,1.9327,-0.7982,1.1267,-0.5162,0.3878,-0.9793,-1.1939,-0.9422,0.5393,-0.7559
0.7936,-0.7408,1.1394,-0.2151,1.1798,-0.4815,1.9327,-0.7982,1.1267,-0.5162,0.3878,-0.9793,-1.1939,-0.9422,0.5393,-0.7559
0.7936,-0.7408,1.1394,-0.2151,1.1798,-0.4815,1.9327,-0.7982,1.1267,-0.5162,0.3878,-0.9793,-1.1939,-0.9422,0.5393,-0.7559
0.7889,-0.742,1.1441,-0.2219,1.1855,-0.4897,1.9327,-0.7982,1.0834,-0.5009,0.3725,-0.9841,-1.2035,-0.9531,0.5244,-0.7562
0.7889,-0.742,1.1441,-0.2219,1.1855,-0.4897,1.9327,-0.7982,1.0834,-0.5009,0.3725,-0.9841,-1.2035,-0.9531,0.5244,-0.7562
0.7889,-0.742,1.1441,-0.2219,1.1855,-0.4897,1.9327,-0.7982,1.0834,-0.5009,0.3725,-0.9841,-1.2035,-0.9531,0.5244,-0.7562
0.7601,-0.7404,1.125,-0.2305,1.1748,-0.5074,1.9201,-0.811,1.0183,-0.5949,0.352,-0.9947,-1.2229,-0.9749,0.4722,-0.746
0.7507,-0.7427,1.1233,-0.2401,1.1548,-0.5034,1.9112,-0.8136,1.0287,-0.6567,0.3528,-1.0027,-1.2369,-0.9795,0.4599,-0.7499
0.7507,-0.7427,1.1233,-0.2401,1.1548,-0.5034,1.9112,-0.8136,1.0287,-0.6567,0.3528,-1.0027,-1.2369,-0.9795,0.4599,-0.7499
0.7606,-0.749,1.1344,-0.244,1.1397,-0.498,1.9112,-0.8136,1.088,-0.6486,0.359,-1.0049,-1.2299,-0.9772,0.4533,-0.7476
0.7606,-0.749,1.1344,-0.244,1.1397,-0.498,1.9112,-0.8136,1.088,-0.6486,0.359,-1.0049,-1.2299,-0.9772,0.4533,-0.7476
0.7606,-0.749,1.1344,-0.244,1.1397,-0.498,1.9112,-0.8136,1.088,-0.6486,0.359,-1.0049,-1.2299,-0.9772,0.4533,-0.7476
0.7658,-0.7566,1.1327,-0.2536,1.1122,-0.4914,1.8934,-0.8187,1.1146,-0.687,0.3528,-1.0027,-1.2299,-0.9772,0.4451,-0.7502
0.7658,-0.7566,1.1327,-0.2536,1.1122,-0.4914,1.8934,-0.8187,1.1146,-0.687,0.3528,-1.0027,-1.2299,-0.9772,0.4451,-0.7502
0.7757,-0.7629,1.1327,-0.2536,1.0999,-0.4901,1.8934,-0.8187,1.088,-0.6486,0.3443,-0.9971,-1.2299,-0.9772,0.4476,-0.7539
0.7757,-0.7629,1.1327,-0.2536,1.0999,-0.4901,1.8934,-0.8187,1.088,-0.6486,0.3443,-0.9971,-1.2299,-0.9772,0.4476,-0.7539
0.7658,-0.7566,1.128,-0.2468,1.0979,-0.4955,1.9217,-0.8287,1.0345,-0.5715,0.332,-0.9928,-1.2273,-0.9686,0.4501,-0.7575
0.7658,-0.7566,1.128,-0.2468,1.0979,-0.4955,1.9217,-0.8287,1.0345,-0.5715,0.332,-0.9928,-1.2273,-0.9686,0.4501,-0.7575
0.7439,-0.7488,1.1106,-0.2458,1.0789,-0.501,1.9322,-0.8439,1.0508,-0.5481,0.3159,-0.9897,-1.2273,-0.9686,0.446,-0.7588
0.7439,-0.7488,1.1106,-0.2458,1.0789,-0.501,1.9322,-0.8439,1.0508,-0.5481,0.3159,-0.9897,-1.2273,-0.9686,0.446,-0.7588
0.7314,-0.7387,1.1106,-0.2458,1.0694,-0.5038,1.9322,-0.8439,0.9969,-0.4704,0.3022,-0.9899,-1.2316,-0.9623,0.4419,-0.7601
0.7314,-0.7387,1.1106,-0.2458,1.0694,-0.5038,1.9322,-0.8439,0.9969,-0.4704,0.3022,-0.9899,-1.2316,-0.9623,0.4419,-0.7601
0.7314,-0.7387,1.1106,-0.2458,1.0694,-0.5038,1.9322,-0.8439,0.9969,-0.4704,0.3022,-0.9899,-1.2316,-0.9623,0.4419,-0.7601
0.6996,-0.7247,1.0996,-0.2419,1.0476,-0.5052,1.9375,-0.8514,1.0239,-0.5093,0.287,-0.9947,-1.2273,-0.9686,0.4363,-0.7664
0.6996,-0.7247,1.0996,-0.2419,1.0476,-0.5052,1.9375,-0.8514,1.0239,-0.5093,0.287,-0.9947,-1.2273,-0.9686,0.4363,-0.7664
0.645,-0.7252,1.0852,-0.2571,1.0079,-0.5217,1.8543,-0.8392,1.0401,-0.4856,0.2619,-0.9986,-1.2159,-0.9726,0.4174,-0.7679
0.645,-0.7252,1.0852,-0.2571,1.0079,-0.5217,1.8543,-0.8392,1.0401,-0.4856,0.2619,-0.9986,-1.2159,-0.9726,0.4174,-0.7679
0.645,-0.7252,1.0852,-0.2571,1.0079,-0.5217,1.8543,-0.8392,1.0401,-0.4856,0.2619,-0.9986,-1.2159,-0.9726,0.4174,-0.7679
0.6217,-0.7311,1.0945,-0.2706,0.9843,-0.5286,1.8032,-0.8268,1.0508,-0.5481,0.243,-1.0046,-1.2299,-0.9772,0.4011,-0.7731
0.6217,-0.7311,1.0945,-0.2706,0.9843,-0.5286,1.8032,-0.8268,1.0508,-0.5481,0.243,-1.0046,-1.2299,-0.9772,0.4011,-0.7731
0.6011,-0.7408,1.0818,-0.2762,0.9608,-0.5354,1.7627,-0.8296,1.094,-0.5633,0.2218,-1.0072,-1.2527,-0.9691,0.3797,-0.7711
0.6011,-0.7408,1.0818,-0.2762,0.9608,-0.5354,1.7627,-0.8296,1.094,-0.5633,0.2218,-1.0072,-1.2527,-0.9691,0.3797,-0.7711
0.5943,-0.7469,1.0818,-0.2762,0.9439,-0.5355,1.7399,-0.8273,1.1372,-0.5786,0.2006,-1.0099,-1.271,-0.9674,0.3609,-0.7727
0.5943,-0.7469,1.0818,-0.2762,0.9439,-0.5355,1.7399,-0.8273,1.1372,-0.5786,0.2006,-1.0099,-1.271,-0.9674,0.3609,-0.7727
0.5804,-0.7504,1.0442,-0.2579,0.9176,-0.5384,1.7223,-0.8324,1.1476,-0.6406,0.1696,-1.0116,-1.3077,-0.964,0.3381,-0.7756
0.5804,-0.7504,1.0442,-0.2579,0.9176,-0.5384,1.7223,-0.8324,1.1476,-0.6406,0.1696,-1.0116,-1.3077,-0.964,0.3381,-0.7756
0.5737,-0.7565,1.0192,-0.2338,0.8933,-0.5359,1.6996,-0.8301,1.1476,-0.6406,0.1484,-1.0142,-1.3216,-0.9686,0.3194,-0.7771
0.5624,-0.7637,0.977,-0.2087,0.8672,-0.5387,1.682,-0.8353,1.1476,-0.6406,0.1274,-1.0169,-1.3469,-0.9692,0.3097,-0.7847
0.5624,-0.7637,0.977,-0.2087,0.8672,-0.5387,1.682,-0.8353,1.1476,-0.6406,0.1274,-1.0169,-1.3469,-0.9692,0.3097,-0.7847
0.5413,-0.7647,0.9441,-0.1971,0.8485,-0.5442,1.6593,-0.8329,1.0613,-0.6101,0.1086,-1.0229,-1.3608,-0.9737,0.3041,-0.7909
0.5413,-0.7647,0.9441,-0.1971,0.8485,-0.5442,1.6593,-0.8329,1.0613,-0.6101,0.1086,-1.0229,-1.3608,-0.9737,0.3041,-0.7909
0.5413,-0.7647,0.9441,-0.1971,0.8485,-0.5442,1.6593,-0.8329,1.0613,-0.6101,0.1086,-1.0229,-1.3608,-0.9737,0.3041,-0.7909
0.5202,-0.7657,0.9143,-0.2018,0.8326,-0.5537,1.6332,-0.8407,0.9915,-0.5563,0.0913,-1.0244,-1.3634,-0.9823,0.292,-0.7948
0.5202,-0.7657,0.9143,-0.2018,0.8326,-0.5537,1.6332,-0.8407,0.9915,-0.5563,0.0913,-1.0244,-1.3634,-0.9823,0.292,-0.7948
0.5037,-0.7655,0.9127,-0.2114,0.8428,-0.5604,1.6245,-0.8433,0.863,-0.5109,0.0801,-1.028,-1.3773,-0.9869,0.2708,-0.7928
0.5084,-0.7643,0.9221,-0.2249,0.867,-0.5629,1.6332,-0.8407,0.8737,-0.5729,0.0839,-1.0268,-1.3885,-0.9829,0.2593,-0.7832
0.5084,-0.7643,0.9221,-0.2249,0.867,-0.5629,1.6332,-0.8407,0.8737,-0.5729,0.0839,-1.0268,-1.3885,-0.9829,0.2593,-0.7832
0.5243,-0.7559,0.9439,-0.2326,0.897,-0.5493,1.6646,-0.8404,0.7835,-0.6278,0.1109,-1.0262,-1.3885,-0.9829,0.2608,-0.7783
0.5243,-0.7559,0.9439,-0.2326,0.897,-0.5493,1.6646,-0.8404,0.7835,-0.6278,0.1109,-1.0262,-1.3885,-0.9829,0.2608,-0.7783
0.5243,-0.7559,0.9439,-0.2326,0.897,-0.5493,1.6646,-0.8404,0.7835,-0.6278,0.1109,-1.0262,-1.3885,-0.9829,0.2608,-0.7783
0.5613,-0.7465,0.9847,-0.2318,0.9505,-0.5288,1.7223,-0.8324,0.7781,-0.712,0.1629,-1.0219,-1.3747,-0.9783,0.281,-0.7718
0.5613,-0.7465,0.9847,-0.2318,0.9505,-0.5288,1.7223,-0.8324,0.7781,-0.712,0.1629,-1.0219,-1.3747,-0.9783,0.281,-0.7718
0.5613,-0.7465,0.9847,-0.2318,0.9505,-0.5288,1.7223,-0.8324,0.7781,-0.712,0.1629,-1.0219,-1.3747,-0.9783,0.281,-0.7718
0.6124,-0.7335,1.0318,-0.2281,1.0089,-0.5068,1.7751,-0.8169,0.7622,-0.735,0.2227,-1.0151,-1.3469,-0.9692,0.324,-0.7624
0.6124,-0.7335,1.0318,-0.2281,1.0089,-0.5068,1.7751,-0.8169,0.7622,-0.735,0.2227,-1.0151,-1.3469,-0.9692,0.324,-0.7624
0.7304,-0.7213,1.1267,-0.2209,1.1143,-0.4615,1.9059,-0.806,0.794,-0.689,0.332,-0.9928,-1.2728,-0.9525,0.4262,-0.7518
0.7304,-0.7213,1.1267,-0.2209,1.1143,-0.4615,1.9059,-0.806,0.794,-0.689,0.332,-0.9928,-1.2728,-0.9525,0.4262,-0.7518
0.7304,-0.7213,1.1267,-0.2209,1.1143,-0.4615,1.9059,-0.806,0.794,-0.689,0.332,-0.9928,-1.2728,-0.9525,0.4262,-0.7518
0.79,-0.7197,1.168,-0.2201,1.1649,-0.4517,1.9416,-0.7956,0.8683,-0.6578,0.3702,-0.9808,-1.222,-0.9514,0.4722,-0.746
0.79,-0.7197,1.168,-0.2201,1.1649,-0.4517,1.9416,-0.7956,0.8683,-0.6578,0.3702,-0.9808,-1.222,-0.9514,0.4722,-0.746
0.8283,-0.719,1.1871,-0.2116,1.1936,-0.4433,1.9969,-0.7979,0.9696,-0.6647,0.3961,-0.9643,-1.1939,-0.9422,0.5143,-0.7416
0.8283,-0.719,1.1871,-0.2116,1.1936,-0.4433,1.9969,-0.7979,0.9696,-0.6647,0.3961,-0.9643,-1.1939,-0.9422,0.5143,-0.7416
0.8572,-0.7206,1.211,-0.2098,1.2261,-0.4486,2.0433,-0.8028,1.0287,-0.6567,0.4105,-0.9515,-1.1683,-0.9416,0.5482,-0.7397
0.8572,-0.7206,1.211,-0.2098,1.2261,-0.4486,2.0433,-0.8028,1.0287,-0.6567,0.4105,-0.9515,-1.1683,-0.9416,0.5482,-0.7397
0.8572,-0.7206,1.211,-0.2098,1.2261,-0.4486,2.0433,-0.8028,1.0287,-0.6567,0.4105,-0.9515,-1.1683,-0.9416,0.5482,-0.7397
0.8693,-0.7221,1.2222,-0.2137,1.2385,-0.4499,2.0719,-0.8129,1.0716,-0.6719,0.4173,-0.9411,-1.1542,-0.937,0.5739,-0.7405
0.8693,-0.7221,1.2222,-0.2137,1.2385,-0.4499,2.0719,-0.8129,1.0716,-0.6719,0.4173,-0.9411,-1.1542,-0.937,0.5739,-0.7405
0.8693,-0.7221,1.2222,-0.2137,1.2385,-0.4499,2.0719,-0.8129,1.0716,-0.6719,0.4173,-0.9411,-1.1542,-0.937,0.5739,-0.7405
0.8562,-0.7032,1.2222,-0.2137,1.2595,-0.4635,2.1435,-0.8382,1.1044,-0.6254,0.4297,-0.9455,-1.1198,-0.9492,0.5822,-0.7379
0.8562,-0.7032,1.2222,-0.2137,1.2595,-0.4635,2.1435,-0.8382,1.1044,-0.6254,0.4297,-0.9455,-1.1198,-0.9492,0.5822,-0.7379
0.8415,-0.698,1.211,-0.2098,1.2498,-0.4663,2.1292,-0.8331,1.0776,-0.5868,0.4182,-0.9491,-1.1084,-0.9532,0.5755,-0.7356
0.8415,-0.698,1.211,-0.2098,1.2498,-0.4663,2.1292,-0.8331,1.0776,-0.5868,0.4182,-0.9491,-1.1084,-0.9532,0.5755,-0.7356
0.8415,-0.698,1.211,-0.2098,1.2498,-0.4663,2.1292,-0.8331,1.0776,-0.5868,0.4182,-0.9491,-1.1084,-0.9532,0.5755,-0.7356
0.8294,-0.6965,1.1999,-0.2058,1.2459,-0.4772,2.0952,-0.8154,1.0345,-0.5715,0.4091,-0.9561,-1.104,-0.9596,0.5606,-0.7358
0.8294,-0.6965,1.1999,-0.2058,1.2459,-0.4772,2.0952,-0.8154,1.0345,-0.5715,0.4091,-0.9561,-1.104,-0.9596,0.5606,-0.7358
0.7895,-0.7109,1.1901,-0.228,1.2027,-0.4896,1.9863,-0.7827,1.0613,-0.6101,0.3908,-0.9701,-1.1225,-0.9578,0.5358,-0.7437
0.7895,-0.7109,1.1901,-0.228,1.2027,-0.4896,1.9863,-0.7827,1.0613,-0.6101,0.3908,-0.9701,-1.1225,-0.9578,0.5358,-0.7437
0.7779,-0.7183,1.2059,-0.2386,1.1883,-0.4937,1.9542,-0.7828,1.0613,-0.6101,0.3855,-0.9759,-1.134,-0.9538,0.5276,-0.7463
0.7779,-0.7183,1.2059,-0.2386,1.1883,-0.4937,1.9542,-0.7828,1.0613,-0.6101,0.3855,-0.9759,-1.134,-0.9538,0.5276,-0.7463
0.7784,-0.727,1.1995,-0.2415,1.1787,-0.4965,1.9363,-0.788,1.1044,-0.6254,0.3778,-0.9784,-1.1657,-0.933,0.5193,-0.7489
0.7784,-0.727,1.1995,-0.2415,1.1787,-0.4965,1.9363,-0.788,1.1044,-0.6254,0.3778,-0.9784,-1.1657,-0.933,0.5193,-0.7489
0.7784,-0.727,1.2106,-0.2454,1.1711,-0.4938,1.9416,-0.7956,1.1743,-0.6791,0.3725,-0.9841,-1.1842,-0.9312,0.507,-0.7528
0.7784,-0.727,1.2106,-0.2454,1.1711,-0.4938,1.9416,-0.7956,1.1743,-0.6791,0.3725,-0.9841,-1.1842,-0.9312,0.507,-0.7528
0.7711,-0.7244,1.2012,-0.2319,1.1664,-0.4952,1.9416,-0.7956,1.2609,-0.7097,0.3649,-0.9866,-1.2027,-0.9295,0.5095,-0.7564
0.7711,-0.7244,1.2012,-0.2319,1.1664,-0.4952,1.9416,-0.7956,1.2609,-0.7097,0.3649,-0.9866,-1.2027,-0.9295,0.5095,-0.7564
0.7711,-0.7244,1.2012,-0.2319,1.1664,-0.4952,1.9416,-0.7956,1.2609,-0.7097,0.3649,-0.9866,-1.2027,-0.9295,0.5095,-0.7564
0.7711,-0.7244,1.1918,-0.2183,1.1616,-0.4966,1.9611,-0.8082,1.2342,-0.6712,0.3587,-0.9844,-1.1983,-0.9358,0.5162,-0.7588
0.7711,-0.7244,1.1918,-0.2183,1.1616,-0.4966,1.9611,-0.8082,1.2342,-0.6712,0.3587,-0.9844,-1.1983,-0.9358,0.5162,-0.7588
0.7638,-0.7218,1.176,-0.2076,1.1568,-0.4979,1.9611,-0.8082,1.1537,-0.5551,0.3449,-0.9846,-1.2009,-0.9445,0.5212,-0.7661
0.7638,-0.7218,1.176,-0.2076,1.1568,-0.4979,1.9611,-0.8082,1.1537,-0.5551,0.3449,-0.9846,-1.2009,-0.9445,0.5212,-0.7661
0.7591,-0.723,1.1649,-0.2037,1.1596,-0.502,1.9663,-0.8158,1.0725,-0.4382,0.3373,-0.987,-1.2009,-0.9445,0.5146,-0.7637
0.7591,-0.723,1.1649,-0.2037,1.1596,-0.502,1.9663,-0.8158,1.0725,-0.4382,0.3373,-0.987,-1.2009,-0.9445,0.5146,-0.7637
0.7591,-0.723,1.1649,-0.2037,1.1596,-0.502,1.9663,-0.8158,1.0725,-0.4382,0.3373,-0.987,-1.2009,-0.9445,0.5146,-0.7637
0.7497,-0.7253,1.1586,-0.2066,1.1605,-0.5115,1.9574,-0.8184,0.9859,-0.4076,0.3159,-0.9897,-1.2106,-0.9554,0.4931,-0.7617
0.7497,-0.7253,1.1586,-0.2066,1.1605,-0.5115,1.9574,-0.8184,0.9859,-0.4076,0.3159,-0.9897,-1.2106,-0.9554,0.4931,-0.7617
0.7377,-0.7239,1.1633,-0.2133,1.1433,-0.5116,1.9521,-0.8108,0.9378,-0.4789,0.3054,-1.0012,-1.2386,-0.9646,0.465,-0.7572
0.7189,-0.7286,1.1505,-0.2191,1.1167,-0.5144,1.9201,-0.811,0.9486,-0.5412,0.2926,-1.0094,-1.2483,-0.9755,0.4394,-0.7565
0.7048,-0.7322,1.133,-0.218,1.0873,-0.5132,1.8971,-0.8086,0.9164,-0.588,0.2736,-1.0154,-1.2736,-0.976,0.4165,-0.7594
0.7048,-0.7322,1.133,-0.218,1.0873,-0.5132,1.8971,-0.8086,0.9164,-0.588,0.2736,-1.0154,-1.2736,-0.976,0.4165,-0.7594
0.7048,-0.7322,1.133,-0.218,1.0873,-0.5132,1.8971,-0.8086,0.9164,-0.588,0.2736,-1.0154,-1.2736,-0.976,0.4165,-0.7594
0.698,-0.7383,1.1156,-0.217,1.0504,-0.5093,1.8652,-0.8087,0.9164,-0.588,0.2599,-1.0156,-1.2693,-0.9823,0.4001,-0.7646
0.698,-0.7383,1.1156,-0.217,1.0504,-0.5093,1.8652,-0.8087,0.9164,-0.588,0.2599,-1.0156,-1.2693,-0.9823,0.4001,-0.7646
0.6986,-0.7469,1.0982,-0.2159,1.0315,-0.5148,1.8422,-0.8063,0.9431,-0.6264,0.234,-1.0115,-1.2876,-0.9806,0.3772,-0.7675
0.6986,-0.7469,1.0982,-0.2159,1.0315,-0.5148,1.8422,-0.8063,0.9431,-0.6264,0.234,-1.0115,-1.2876,-0.9806,0.3772,-0.7675
0.6986,-0.7469,1.0982,-0.2159,1.0315,-0.5148,1.8422,-0.8063,0.9431,-0.6264,0.234,-1.0115,-1.2876,-0.9806,0.3772,-0.7675
0.6965,-0.7519,1.0872,-0.212,1.0098,-0.5163,1.8474,-0.8139,1.0287,-0.6567,0.2119,-1.0063,-1.299,-0.9766,0.365,-0.7714
0.6778,-0.7566,1.0635,-0.2138,0.9787,-0.5205,1.835,-0.8266,1.0124,-0.6798,0.18,-1.0001,-1.3129,-0.9812,0.3422,-0.7743
0.6612,-0.7563,1.0571,-0.2167,0.9599,-0.526,1.8402,-0.8342,1.0287,-0.6567,0.1579,-0.9948,-1.3312,-0.9795,0.3341,-0.7769
0.6612,-0.7563,1.0571,-0.2167,0.9599,-0.526,1.8402,-0.8342,1.0287,-0.6567,0.1579,-0.9948,-1.3312,-0.9795,0.3341,-0.7769
0.6612,-0.7563,1.0571,-0.2167,0.9599,-0.526,1.8402,-0.8342,1.0287,-0.6567,0.1579,-0.9948,-1.3312,-0.9795,0.3341,-0.7769
0.6202,-0.7447,1.0398,-0.2157,0.9336,-0.5289,1.8454,-0.8418,0.9858,-0.6415,0.1368,-0.9975,-1.3382,-0.9817,0.3153,-0.7784
0.6202,-0.7447,1.0398,-0.2157,0.9336,-0.5289,1.8454,-0.8418,0.9858,-0.6415,0.1368,-0.9975,-1.3382,-0.9817,0.3153,-0.7784
0.5938,-0.7382,1.0225,-0.2146,0.9148,-0.5344,1.8277,-0.8469,0.9858,-0.6415,0.1181,-1.0035,-1.3451,-0.984,0.3057,-0.786
0.5938,-0.7382,1.0225,-0.2146,0.9148,-0.5344,1.8277,-0.8469,0.9858,-0.6415,0.1181,-1.0035,-1.3451,-0.984,0.3057,-0.786
0.5938,-0.7382,1.0225,-0.2146,0.9148,-0.5344,1.8277,-0.8469,0.9858,-0.6415,0.1181,-1.0035,-1.3451,-0.984,0.3057,-0.786
0.5628,-0.7329,1.0052,-0.2136,0.8858,-0.5332,1.8048,-0.8445,0.9534,-0.6879,0.0956,-1.0107,-1.3321,-1.0029,0.2804,-0.7853
0.5628,-0.7329,1.0052,-0.2136,0.8858,-0.5332,1.8048,-0.8445,0.9534,-0.6879,0.0956,-1.0107,-1.3321,-1.0029,0.2804,-0.7853
0.5298,-0.7325,0.9847,-0.2318,0.8616,-0.5307,1.7242,-0.8046,0.8843,-0.6346,0.0919,-1.0119,-1.3094,-1.0109,0.2739,-0.7829
0.5298,-0.7325,0.9847,-0.2318,0.8616,-0.5307,1.7242,-0.8046,0.8843,-0.6346,0.0919,-1.0119,-1.3094,-1.0109,0.2739,-0.7829
0.5371,-0.7351,0.9893,-0.2385,0.8803,-0.5252,1.7049,-0.7921,0.8843,-0.6346,0.1241,-1.0056,-1.2885,-1.004,0.2941,-0.7764
0.5371,-0.7351,0.9893,-0.2385,0.8803,-0.5252,1.7049,-0.7921,0.8843,-0.6346,0.1241,-1.0056,-1.2885,-1.004,0.2941,-0.7764
0.5371,-0.7351,0.9893,-0.2385,0.8803,-0.5252,1.7049,-0.7921,0.8843,-0.6346,0.1241,-1.0056,-1.2885,-1.004,0.2941,-0.7764
0.5674,-0.7317,1.0395,-0.2511,0.9271,-0.5114,1.7172,-0.7793,0.8418,-0.6196,0.18,-1.0001,-1.2605,-0.9949,0.3265,-0.766
0.5674,-0.7317,1.0395,-0.2511,0.9271,-0.5114,1.7172,-0.7793,0.8418,-0.6196,0.18,-1.0001,-1.2605,-0.9949,0.3265,-0.766
0.6145,-0.7285,1.0962,-0.261,0.9789,-0.4962,1.7576,-0.7765,0.8311,-0.5579,0.245,-0.9875,-1.2299,-0.9772,0.3803,-0.7576
0.6145,-0.7285,1.0962,-0.261,0.9789,-0.4962,1.7576,-0.7765,0.8311,-0.5579,0.245,-0.9875,-1.2299,-0.9772,0.3803,-0.7576
0.6544,-0.7228,1.1484,-0.2642,1.0478,-0.4809,1.807,-0.771,0.8737,-0.5729,0.3028,-0.9774,-1.2018,-0.968,0.4211,-0.7445
0.6544,-0.7228,1.1484,-0.2642,1.0478,-0.4809,1.807,-0.771,0.8737,-0.5729,0.3028,-0.9774,-1.2018,-0.968,0.4211,-0.7445
0.697,-0.7209,1.1897,-0.2635,1.0981,-0.4711,1.8477,-0.7682,0.8897,-0.5495,0.3546,-0.965,-1.178,-0.9525,0.4687,-0.7338
0.697,-0.7209,1.1897,-0.2635,1.0981,-0.4711,1.8477,-0.7682,0.8897,-0.5495,0.3546,-0.965,-1.178,-0.9525,0.4687,-0.7338
0.7371,-0.7152,1.2311,-0.2628,1.1486,-0.4613,1.9027,-0.7704,0.9325,-0.5646,0.3914,-0.9576,-1.1657,-0.933,0.5066,-0.7306
0.7371,-0.7152,1.2311,-0.2628,1.1486,-0.4613,1.9027,-0.7704,0.9325,-0.5646,0.3914,-0.9576,-1.1657,-0.933,0.5066,-0.7306
0.7371,-0.7152,1.2311,-0.2628,1.1486,-0.4613,1.9027,-0.7704,0.9325,-0.5646,0.3914,-0.9576,-1.1657,-0.933,0.5066,-0.7306
0.7701,-0.707,1.2568,-0.2515,1.1973,-0.4569,1.9525,-0.765,1.0613,-0.6101,0.4229,-0.9559,-1.1489,-0.9197,0.5406,-0.7288
0.7701,-0.707,1.2568,-0.2515,1.1973,-0.4569,1.9525,-0.765,1.0613,-0.6101,0.4229,-0.9559,-1.1489,-0.9197,0.5406,-0.7288
0.801,-0.7036,1.2714,-0.2362,1.2317,-0.4568,2.0079,-0.7672,1.1476,-0.6406,0.4383,-0.9511,-1.1463,-0.911,0.5637,-0.7259
0.8272,-0.7015,1.2684,-0.2198,1.2586,-0.454,2.0544,-0.7721,1.2609,-0.7097,0.4459,-0.9487,-1.1392,-0.9087,0.5787,-0.7256
0.8467,-0.7055,1.2607,-0.1965,1.2663,-0.4567,2.0778,-0.7746,1.2609,-0.7097,0.4483,-0.9521,-1.1419,-0.9174,0.5879,-0.7317
0.8467,-0.7055,1.2607,-0.1965,1.2663,-0.4567,2.0778,-0.7746,1.2609,-0.7097,0.4483,-0.9521,-1.1419,-0.9174,0.5879,-0.7317
0.854,-0.7081,1.2401,-0.179,1.2663,-0.4567,2.1064,-0.7847,1.2776,-0.6866,0.4507,-0.9554,-1.1375,-0.9238,0.608,-0.7387
0.854,-0.7081,1.2401,-0.179,1.2663,-0.4567,2.1064,-0.7847,1.2776,-0.6866,0.4507,-0.9554,-1.1375,-0.9238,0.608,-0.7387
0.854,-0.7081,1.2401,-0.179,1.2663,-0.4567,2.1064,-0.7847,1.2776,-0.6866,0.4507,-0.9554,-1.1375,-0.9238,0.608,-0.7387
0.8472,-0.7143,1.229,-0.1751,1.2518,-0.4608,2.0974,-0.7873,1.2508,-0.648,0.4391,-0.9591,-1.1445,-0.9261,0.6131,-0.7461
0.8472,-0.7143,1.229,-0.1751,1.2518,-0.4608,2.0974,-0.7873,1.2508,-0.648,0.4391,-0.9591,-1.1445,-0.9261,0.6131,-0.7461
0.8377,-0.7166,1.2178,-0.1711,1.245,-0.4677,2.0831,-0.7823,1.1537,-0.5551,0.4214,-0.9605,-1.1472,-0.9347,0.6207,-0.7571
0.8377,-0.7166,1.2178,-0.1711,1.245,-0.4677,2.0831,-0.7823,1.1537,-0.5551,0.4214,-0.9605,-1.1472,-0.9347,0.6207,-0.7571
0.8188,-0.7213,1.1892,-0.1661,1.2258,-0.4732,2.0703,-0.7951,1.0834,-0.5009,0.4099,-0.9641,-1.1542,-0.937,0.6216,-0.7657
0.8188,-0.7213,1.1892,-0.1661,1.2258,-0.4732,2.0703,-0.7951,1.0834,-0.5009,0.4099,-0.9641,-1.1542,-0.937,0.6216,-0.7657
0.8093,-0.7237,1.1875,-0.1758,1.2086,-0.4733,2.047,-0.7926,1.0292,-0.4229,0.4023,-0.9665,-1.1542,-0.937,0.6175,-0.767
0.8093,-0.7237,1.1875,-0.1758,1.2086,-0.4733,2.047,-0.7926,1.0292,-0.4229,0.4023,-0.9665,-1.1542,-0.937,0.6175,-0.767
0.8093,-0.7237,1.1875,-0.1758,1.2086,-0.4733,2.047,-0.7926,1.0292,-0.4229,0.4023,-0.9665,-1.1542,-0.937,0.6175,-0.767
0.7947,-0.7185,1.1875,-0.1758,1.2038,-0.4746,2.047,-0.7926,0.9588,-0.3684,0.3946,-0.9689,-1.1613,-0.9393,0.6092,-0.7696
0.7947,-0.7185,1.1875,-0.1758,1.2038,-0.4746,2.047,-0.7926,0.9588,-0.3684,0.3946,-0.9689,-1.1613,-0.9393,0.6092,-0.7696
0.7826,-0.7171,1.1969,-0.1894,1.2018,-0.4801,2.0238,-0.7901,0.9042,-0.2897,0.387,-0.9714,-1.1569,-0.9457,0.5891,-0.7625
0.7706,-0.7157,1.1905,-0.1923,1.2075,-0.4882,2.0238,-0.7901,0.8337,-0.235,0.377,-0.9704,-1.1569,-0.9457,0.5717,-0.7591
0.7706,-0.7157,1.1905,-0.1923,1.2075,-0.4882,2.0238,-0.7901,0.8337,-0.235,0.377,-0.9704,-1.1569,-0.9457,0.5717,-0.7591
0.7659,-0.7168,1.1999,-0.2058,1.2131,-0.4964,2.0238,-0.7901,0.8062,-0.1954,0.3693,-0.9728,-1.1639,-0.948,0.5583,-0.7544
0.7659,-0.7168,1.1999,-0.2058,1.2131,-0.4964,2.0238,-0.7901,0.8062,-0.1954,0.3693,-0.9728,-1.1639,-0.948,0.5583,-0.7544
0.7659,-0.7168,1.1999,-0.2058,1.2131,-0.4964,2.0238,-0.7901,0.8062,-0.1954,0.3693,-0.9728,-1.1639,-0.948,0.5583,-0.7544
0.7539,-0.7154,1.1935,-0.2087,1.2083,-0.4977,2.0238,-0.7901,0.7787,-0.1557,0.3617,-0.9752,-1.1754,-0.9439,0.5475,-0.7533
0.7539,-0.7154,1.1935,-0.2087,1.2083,-0.4977,2.0238,-0.7901,0.7787,-0.1557,0.3617,-0.9752,-1.1754,-0.9439,0.5475,-0.7533
0.7492,-0.7166,1.1982,-0.2155,1.214,-0.5059,2.0095,-0.7851,0.7787,-0.1557,0.364,-0.9786,-1.171,-0.9502,0.5393,-0.7559
0.7492,-0.7166,1.1982,-0.2155,1.214,-0.5059,2.0095,-0.7851,0.7787,-0.1557,0.364,-0.9786,-1.171,-0.9502,0.5393,-0.7559
0.7424,-0.7227,1.1807,-0.2144,1.2148,-0.5154,2.0095,-0.7851,0.8179,-0.2592,0.3464,-0.98,-1.1824,-0.9462,0.5219,-0.7525
0.7424,-0.7227,1.1807,-0.2144,1.2148,-0.5154,2.0095,-0.7851,0.8179,-0.2592,0.3464,-0.98,-1.1824,-0.9462,0.5219,-0.7525
0.733,-0.7251,1.1586,-0.2066,1.1976,-0.5154,1.981,-0.775,0.8725,-0.3379,0.335,-0.9836,-1.1895,-0.9485,0.5019,-0.7455
0.733,-0.7251,1.1586,-0.2066,1.1976,-0.5154,1.981,-0.775,0.8725,-0.3379,0.335,-0.9836,-1.1895,-0.9485,0.5019,-0.7455
0.7121,-0.7347,1.1237,-0.2045,1.1793,-0.5304,1.9489,-0.7752,0.9217,-0.5025,0.2961,-0.9877,-1.2106,-0.9554,0.4539,-0.734
0.7121,-0.7347,1.1237,-0.2045,1.1793,-0.5304,1.9489,-0.7752,0.9217,-0.5025,0.2961,-0.9877,-1.2106,-0.9554,0.4539,-0.734
0.7121,-0.7347,1.1237,-0.2045,1.1793,-0.5304,1.9489,-0.7752,0.9217,-0.5025,0.2961,-0.9877,-1.2106,-0.9554,0.4539,-0.734
0.6908,-0.7357,1.1063,-0.2034,1.1574,-0.5318,1.9258,-0.7728,0.9217,-0.5025,0.2809,-0.9925,-1.2132,-0.964,0.4391,-0.7343
0.6908,-0.7357,1.1063,-0.2034,1.1574,-0.5318,1.9258,-0.7728,0.9217,-0.5025,0.2809,-0.9925,-1.2132,-0.964,0.4391,-0.7343
0.672,-0.7404,1.0935,-0.2091,1.1335,-0.5386,1.9079,-0.778,0.9486,-0.5412,0.2573,-0.9918,-1.2202,-0.9663,0.4268,-0.7382
0.672,-0.7404,1.0935,-0.2091,1.1335,-0.5386,1.9079,-0.778,0.9486,-0.5412,0.2573,-0.9918,-1.2202,-0.9663,0.4268,-0.7382
0.672,-0.7404,1.0935,-0.2091,1.1335,-0.5386,1.9079,-0.778,0.9486,-0.5412,0.2573,-0.9918,-1.2202,-0.9663,0.4268,-0.7382
0.6508,-0.7414,1.0762,-0.2081,1.1117,-0.5401,1.8954,-0.7908,0.9325,-0.5646,0.2383,-0.9978,-1.2457,-0.9669,0.4013,-0.7375
0.6295,-0.7423,1.0745,-0.2177,1.0776,-0.5402,1.8776,-0.796,0.9431,-0.6264,0.2171,-1.0005,-1.271,-0.9674,0.3825,-0.7391
0.6295,-0.7423,1.0745,-0.2177,1.0776,-0.5402,1.8776,-0.796,0.9431,-0.6264,0.2171,-1.0005,-1.271,-0.9674,0.3825,-0.7391
0.6109,-0.7471,1.0571,-0.2167,1.0464,-0.5444,1.8599,-0.8012,0.9108,-0.6728,0.1982,-1.0065,-1.292,-0.9743,0.3636,-0.7407
0.6109,-0.7471,1.0571,-0.2167,1.0464,-0.5444,1.8599,-0.8012,0.9108,-0.6728,0.1982,-1.0065,-1.292,-0.9743,0.3636,-0.7407
0.5897,-0.748,1.0555,-0.2263,1.0124,-0.5446,1.8369,-0.7988,0.9211,-0.7339,0.1733,-1.0104,-1.3173,-0.9749,0.3408,-0.7436
0.5897,-0.748,1.0555,-0.2263,1.0124,-0.5446,1.8369,-0.7988,0.9211,-0.7339,0.1733,-1.0104,-1.3173,-0.9749,0.3408,-0.7436
0.5711,-0.7527,1.0428,-0.232,0.986,-0.5474,1.8333,-0.8089,0.9049,-0.7569,0.1583,-1.0152,-1.3312,-0.9795,0.3195,-0.7416
0.5711,-0.7527,1.0428,-0.232,0.986,-0.5474,1.8333,-0.8089,0.9049,-0.7569,0.1583,-1.0152,-1.3312,-0.9795,0.3195,-0.7416
0.5546,-0.7525,1.0365,-0.2348,0.9616,-0.5448,1.8156,-0.8141,0.8888,-0.7797,0.147,-1.0188,-1.3451,-0.984,0.3074,-0.7455
0.5546,-0.7525,1.0365,-0.2348,0.9616,-0.5448,1.8156,-0.8141,0.8888,-0.7797,0.147,-1.0188,-1.3451,-0.984,0.3074,-0.7455
0.5454,-0.7549,1.0255,-0.231,0.942,-0.5409,1.798,-0.8193,0.8566,-0.8253,0.1493,-1.0221,-1.3521,-0.9863,0.2927,-0.7458
0.5454,-0.7549,1.0255,-0.231,0.942,-0.5409,1.798,-0.8193,0.8566,-0.8253,0.1493,-1.0221,-1.3521,-0.9863,0.2927,-0.7458
0.552,-0.7488,1.0318,-0.2281,0.9552,-0.5274,1.8209,-0.8217,0.8727,-0.8025,0.1826,-1.0238,-1.3338,-0.988,0.3099,-0.7491
0.5799,-0.7417,1.0665,-0.2302,0.9873,-0.5083,1.8527,-0.8215,0.915,-0.8175,0.2311,-1.0206,-1.3173,-0.9749,0.3367,-0.7449
0.5799,-0.7417,1.0665,-0.2302,0.9873,-0.5083,1.8527,-0.8215,0.915,-0.8175,0.2311,-1.0206,-1.3173,-0.9749,0.3367,-0.7449
0.5799,-0.7417,1.0665,-0.2302,0.9873,-0.5083,1.8527,-0.8215,0.915,-0.8175,0.2311,-1.0206,-1.3173,-0.9749,0.3367,-0.7449
0.629,-0.7337,1.114,-0.2266,1.0308,-0.481,1.8971,-0.8086,0.9736,-0.8097,0.285,-1.0118,-1.278,-0.9697,0.3875,-0.7464
0.629,-0.7337,1.114,-0.2266,1.0308,-0.481,1.8971,-0.8086,0.9736,-0.8097,0.285,-1.0118,-1.278,-0.9697,0.3875,-0.7464
0.629,-0.7337,1.114,-0.2266,1.0308,-0.481,1.8971,-0.8086,0.9736,-0.8097,0.285,-1.0118,-1.278,-0.9697,0.3875,-0.7464
0.6902,-0.727,1.1552,-0.2258,1.0849,-0.4603,1.9469,-0.8032,1.0062,-0.764,0.3429,-1.0017,-1.2474,-0.9519,0.44,-0.7429
0.6902,-0.727,1.1552,-0.2258,1.0849,-0.4603,1.9469,-0.8032,1.0062,-0.764,0.3429,-1.0017,-1.2474,-0.9519,0.44,-0.7429
0.6902,-0.727,1.1552,-0.2258,1.0849,-0.4603,1.9469,-0.8032,1.0062,-0.764,0.3429,-1.0017,-1.2474,-0.9519,0.44,-0.7429
0.7973,-0.7223,1.2269,-0.2205,1.1879,-0.4352,2.0418,-0.785,1.0287,-0.6567,0.4114,-0.9595,-1.1613,-0.9393,0.5323,-0.7314
0.7973,-0.7223,1.2269,-0.2205,1.1879,-0.4352,2.0418,-0.785,1.0287,-0.6567,0.4114,-0.9595,-1.1613,-0.9393,0.5323,-0.7314
0.833,-0.7178,1.235,-0.208,1.23,-0.4377,2.0778,-0.7746,1.0183,-0.5949,0.4335,-0.9443,-1.1401,-0.9324,0.5637,-0.7259
0.833,-0.7178,1.235,-0.208,1.23,-0.4377,2.0778,-0.7746,1.0183,-0.5949,0.4335,-0.9443,-1.1401,-0.9324,0.5637,-0.7259
0.8519,-0.7131,1.2478,-0.2023,1.2521,-0.4362,2.1389,-0.7846,0.9486,-0.5412,0.4404,-0.9338,-1.1216,-0.9342,0.5803,-0.7206
0.8519,-0.7131,1.2478,-0.2023,1.2521,-0.4362,2.1389,-0.7846,0.9486,-0.5412,0.4404,-0.9338,-1.1216,-0.9342,0.5803,-0.7206
0.8562,-0.7032,1.2543,-0.1994,1.2646,-0.4375,2.1714,-0.7845,0.9378,-0.4789,0.4542,-0.9336,-1.1074,-0.9296,0.5968,-0.7154
0.8562,-0.7032,1.2543,-0.1994,1.2646,-0.4375,2.1714,-0.7845,0.9378,-0.4789,0.4542,-0.9336,-1.1074,-0.9296,0.5968,-0.7154
0.8557,-0.6944,1.2719,-0.2005,1.2799,-0.4429,2.1949,-0.7871,0.9538,-0.4552,0.4581,-0.9324,-1.0773,-0.9354,0.6077,-0.7165
0.8557,-0.6944,1.2719,-0.2005,1.2799,-0.4429,2.1949,-0.7871,0.9538,-0.4552,0.4581,-0.9324,-1.0773,-0.9354,0.6077,-0.7165
0.8362,-0.6904,1.2766,-0.2073,1.2807,-0.4525,2.1661,-0.7769,0.9538,-0.4552,0.469,-0.9414,-1.0472,-0.9412,0.6118,-0.7151
0.8362,-0.6904,1.2766,-0.2073,1.2807,-0.4525,2.1661,-0.7769,0.9538,-0.4552,0.469,-0.9414,-1.0472,-0.9412,0.6118,-0.7151
0.8173,-0.6951,1.2684,-0.2198,1.2719,-0.4648,2.1283,-0.7693,0.9538,-0.4552,0.466,-0.9506,-1.0472,-0.9412,0.6102,-0.7201
0.8173,-0.6951,1.2684,-0.2198,1.2719,-0.4648,2.1283,-0.7693,0.9538,-0.4552,0.466,-0.9506,-1.0472,-0.9412,0.6102,-0.7201
0.7984,-0.6999,1.2667,-0.2294,1.2507,-0.4758,2.0762,-0.7567,0.9647,-0.5177,0.453,-0.9589,-1.0773,-0.9354,0.5978,-0.7241
0.7984,-0.6999,1.2667,-0.2294,1.2507,-0.4758,2.0762,-0.7567,0.9647,-0.5177,0.453,-0.9589,-1.0773,-0.9354,0.5978,-0.7241
0.7821,-0.7084,1.265,-0.2391,1.2315,-0.4813,2.0491,-0.7645,1.0345,-0.5715,0.4438,-0.9659,-1.0932,-0.925,0.5895,-0.7267
0.7821,-0.7084,1.265,-0.2391,1.2315,-0.4813,2.0491,-0.7645,1.0345,-0.5715,0.4438,-0.9659,-1.0932,-0.925,0.5895,-0.7267
0.768,-0.7119,1.2585,-0.2419,1.2142,-0.4814,2.0259,-0.762,1.0613,-0.6101,0.4323,-0.9695,-1.1251,-0.9041,0.5746,-0.7269
0.768,-0.7119,1.2585,-0.2419,1.2142,-0.4814,2.0259,-0.762,1.0613,-0.6101,0.4323,-0.9695,-1.1251,-0.9041,0.5746,-0.7269
0.7732,-0.7194,1.2538,-0.2351,1.2066,-0.4787,2.0312,-0.7697,1.1743,-0.6791,0.4161,-0.9663,-1.1481,-0.896,0.5637,-0.7259
0.7784,-0.727,1.235,-0.208,1.2018,-0.4801,2.0365,-0.7773,1.2609,-0.7097,0.4084,-0.9687,-1.1507,-0.9047,0.5663,-0.7295
0.7784,-0.727,1.235,-0.208,1.2018,-0.4801,2.0365,-0.7773,1.2609,-0.7097,0.4084,-0.9687,-1.1507,-0.9047,0.5663,-0.7295
0.7784,-0.727,1.235,-0.208,1.2018,-0.4801,2.0365,-0.7773,1.2609,-0.7097,0.4084,-0.9687,-1.1507,-0.9047,0.5663,-0.7295
0.7737,-0.7281,1.2192,-0.1973,1.1999,-0.4855,2.0418,-0.785,1.2342,-0.6712,0.3984,-0.9677,-1.1578,-0.907,0.578,-0.7392
0.7737,-0.7281,1.2192,-0.1973,1.1999,-0.4855,2.0418,-0.785,1.2342,-0.6712,0.3984,-0.9677,-1.1578,-0.907,0.578,-0.7392
0.7737,-0.7281,1.2192,-0.1973,1.1999,-0.4855,2.0418,-0.785,1.2342,-0.6712,0.3984,-0.9677,-1.1578,-0.907,0.578,-0.7392
0.7737,-0.7281,1.2192,-0.1973,1.2075,-0.4882,2.056,-0.79,1.1641,-0.6173,0.397,-0.9723,-1.1489,-0.9197,0.5898,-0.7489
0.757,-0.7279,1.1952,-0.1991,1.2007,-0.495,2.0523,-0.8002,1.0239,-0.5093,0.377,-0.9704,-1.1401,-0.9324,0.5815,-0.7515
0.757,-0.7279,1.1952,-0.1991,1.2007,-0.495,2.0523,-0.8002,1.0239,-0.5093,0.377,-0.9704,-1.1401,-0.9324,0.5815,-0.7515
0.745,-0.7265,1.1888,-0.2019,1.2016,-0.5046,2.0433,-0.8028,0.9538,-0.4552,0.3717,-0.9762,-1.1472,-0.9347,0.5707,-0.7505
0.7283,-0.7263,1.176,-0.2076,1.1824,-0.5101,2.0201,-0.8004,0.8948,-0.4637,0.354,-0.9776,-1.1613,-0.9393,0.5441,-0.741
0.7283,-0.7263,1.176,-0.2076,1.1824,-0.5101,2.0201,-0.8004,0.8948,-0.4637,0.354,-0.9776,-1.1613,-0.9393,0.5441,-0.741
0.7116,-0.7261,1.1743,-0.2173,1.1501,-0.5048,1.9969,-0.7979,0.8044,-0.5194,0.3411,-0.9858,-1.1983,-0.9358,0.5158,-0.7366
0.7116,-0.7261,1.1743,-0.2173,1.1501,-0.5048,1.9969,-0.7979,0.8044,-0.5194,0.3411,-0.9858,-1.1983,-0.9358,0.5158,-0.7366
0.7116,-0.7261,1.1743,-0.2173,1.1501,-0.5048,1.9969,-0.7979,0.8044,-0.5194,0.3411,-0.9858,-1.1983,-0.9358,0.5158,-0.7366
0.7069,-0.7272,1.1743,-0.2173,1.1198,-0.494,1.9826,-0.7929,0.8418,-0.6196,0.3344,-0.9962,-1.2237,-0.9364,0.4877,-0.7322
0.7069,-0.7272,1.1743,-0.2173,1.1198,-0.494,1.9826,-0.7929,0.8418,-0.6196,0.3344,-0.9962,-1.2237,-0.9364,0.4877,-0.7322
0.7074,-0.7359,1.1726,-0.2269,1.0903,-0.4928,1.9737,-0.7955,0.8258,-0.6428,0.3215,-1.0043,-1.2422,-0.9347,0.4754,-0.7361
0.7074,-0.7359,1.1726,-0.2269,1.0903,-0.4928,1.9737,-0.7955,0.8258,-0.6428,0.3215,-1.0043,-1.2422,-0.9347,0.4754,-0.7361
0.7074,-0.7359,1.1726,-0.2269,1.0903,-0.4928,1.9737,-0.7955,0.8258,-0.6428,0.3215,-1.0043,-1.2422,-0.9347,0.4754,-0.7361
0.7126,-0.7434,1.1616,-0.223,1.0733,-0.4929,1.9647,-0.798,0.8418,-0.6196,0.3078,-1.0046,-1.2536,-0.9306,0.463,-0.74
0.7126,-0.7434,1.1616,-0.223,1.0733,-0.4929,1.9647,-0.798,0.8418,-0.6196,0.3078,-1.0046,-1.2536,-0.9306,0.463,-0.74
0.7126,-0.7434,1.1616,-0.223,1.0733,-0.4929,1.9647,-0.798,0.8418,-0.6196,0.3078,-1.0046,-1.2536,-0.9306,0.463,-0.74
0.6601,-0.739,1.1267,-0.2209,1.0184,-0.5041,1.9806,-0.8209,0.9269,-0.6497,0.2573,-0.9918,-1.2562,-0.9393,0.4583,-0.7549
0.6601,-0.739,1.1267,-0.2209,1.0184,-0.5041,1.9806,-0.8209,0.9269,-0.6497,0.2573,-0.9918,-1.2562,-0.9393,0.4583,-0.7549
0.629,-0.7337,1.1203,-0.2237,0.9948,-0.511,1.9769,-0.831,0.9108,-0.6728,0.2337,-0.9911,-1.2746,-0.9376,0.4435,-0.7552
0.629,-0.7337,1.1203,-0.2237,0.9948,-0.511,1.9769,-0.831,0.9108,-0.6728,0.2337,-0.9911,-1.2746,-0.9376,0.4435,-0.7552
0.5907,-0.7258,1.1029,-0.2227,0.9609,-0.5112,1.9732,-0.8412,0.9534,-0.6879,0.2162,-0.9926,-1.2772,-0.9462,0.4272,-0.7604
0.5907,-0.7258,1.1029,-0.2227,0.9609,-0.5112,1.9732,-0.8412,0.9534,-0.6879,0.2162,-0.9926,-1.2772,-0.9462,0.4272,-0.7604
0.5715,-0.7219,1.0919,-0.2188,0.9496,-0.5193,1.959,-0.8362,0.9108,-0.6728,0.1889,-0.9931,-1.2911,-0.9508,0.4017,-0.7596
0.5715,-0.7219,1.0919,-0.2188,0.9496,-0.5193,1.959,-0.8362,0.9108,-0.6728,0.1889,-0.9931,-1.2911,-0.9508,0.4017,-0.7596
0.5715,-0.7219,1.0919,-0.2188,0.9496,-0.5193,1.959,-0.8362,0.9108,-0.6728,0.1889,-0.9931,-1.2911,-0.9508,0.4017,-0.7596
0.553,-0.7266,1.0635,-0.2138,0.9233,-0.5222,1.9076,-0.8237,0.8418,-0.6196,0.1701,-0.9991,-1.2824,-0.9634,0.3763,-0.7589
0.553,-0.7266,1.0635,-0.2138,0.9233,-0.5222,1.9076,-0.8237,0.8418,-0.6196,0.1701,-0.9991,-1.2824,-0.9634,0.3763,-0.7589
0.553,-0.7266,1.0635,-0.2138,0.9233,-0.5222,1.9076,-0.8237,0.8418,-0.6196,0.1701,-0.9991,-1.2824,-0.9634,0.3763,-0.7589
0.5443,-0.7376,1.0932,-0.2447,0.9252,-0.5168,1.8458,-0.7962,0.8683,-0.6578,0.1438,-1.0075,-1.2736,-0.976,0.3443,-0.7558
0.5443,-0.7376,1.0932,-0.2447,0.9252,-0.5168,1.8458,-0.7962,0.8683,-0.6578,0.1438,-1.0075,-1.2736,-0.976,0.3443,-0.7558
0.568,-0.7404,1.131,-0.2631,0.9609,-0.5112,1.8405,-0.7886,0.8418,-0.6196,0.1672,-1.0082,-1.2666,-0.9737,0.3524,-0.7532
0.568,-0.7404,1.131,-0.2631,0.9609,-0.5112,1.8405,-0.7886,0.8418,-0.6196,0.1672,-1.0082,-1.2666,-0.9737,0.3524,-0.7532
0.568,-0.7404,1.131,-0.2631,0.9609,-0.5112,1.8405,-0.7886,0.8418,-0.6196,0.1672,-1.0082,-1.2666,-0.9737,0.3524,-0.7532
0.6243,-0.7349,1.1833,-0.2664,1.0203,-0.4986,1.8813,-0.7858,0.8418,-0.6196,0.2072,-0.9995,-1.25,-0.9605,0.3794,-0.749
0.6243,-0.7349,1.1833,-0.2664,1.0203,-0.4986,1.8813,-0.7858,0.8418,-0.6196,0.2072,-0.9995,-1.25,-0.9605,0.3794,-0.749
0.6243,-0.7349,1.1833,-0.2664,1.0203,-0.4986,1.8813,-0.7858,0.8418,-0.6196,0.2072,-0.9995,-1.25,-0.9605,0.3794,-0.749
0.7523,-0.7291,1.2503,-0.2543,1.159,-0.468,1.9953,-0.7801,0.9004,-0.6113,0.325,-0.9827,-1.2,-0.9208,0.4671,-0.7387
0.7523,-0.7291,1.2503,-0.2543,1.159,-0.468,1.9953,-0.7801,0.9004,-0.6113,0.325,-0.9827,-1.2,-0.9208,0.4671,-0.7387
0.802,-0.7211,1.2825,-0.2401,1.2269,-0.4582,2.0597,-0.7798,0.9858,-0.6415,0.3808,-0.9692,-1.1622,-0.9006,0.5174,-0.7316
0.802,-0.7211,1.2825,-0.2401,1.2269,-0.4582,2.0597,-0.7798,0.9858,-0.6415,0.3808,-0.9692,-1.1622,-0.9006,0.5174,-0.7316
0.8446,-0.7105,1.2942,-0.2084,1.2855,-0.4511,2.1192,-0.7719,1.0716,-0.6719,0.4253,-0.9593,-1.1339,-0.8914,0.5596,-0.7272
0.873,-0.7034,1.2994,-0.1793,1.3194,-0.4414,2.1608,-0.7692,1.1577,-0.7023,0.4622,-0.9518,-1.1083,-0.8908,0.5911,-0.7217
0.873,-0.7034,1.2994,-0.1793,1.3194,-0.4414,2.1608,-0.7692,1.1577,-0.7023,0.4622,-0.9518,-1.1083,-0.8908,0.5911,-0.7217
0.873,-0.7034,1.2994,-0.1793,1.3194,-0.4414,2.1608,-0.7692,1.1577,-0.7023,0.4622,-0.9518,-1.1083,-0.8908,0.5911,-0.7217
0.873,-0.7034,1.2994,-0.1793,1.3194,-0.4414,2.1608,-0.7692,1.1577,-0.7023,0.4622,-0.9518,-1.1083,-0.8908,0.5911,-0.7217
0.8894,-0.6949,1.2981,-0.1531,1.3541,-0.4413,2.1789,-0.764,1.1843,-0.7406,0.4853,-0.9446,-1.1012,-0.8885,0.6102,-0.7201
0.8894,-0.6949,1.2981,-0.1531,1.3541,-0.4413,2.1789,-0.764,1.1843,-0.7406,0.4853,-0.9446,-1.1012,-0.8885,0.6102,-0.7201
0.8989,-0.6926,1.2886,-0.1394,1.361,-0.4345,2.1736,-0.7563,1.2275,-0.7558,0.5007,-0.9397,-1.0826,-0.8902,0.6319,-0.7222
0.8989,-0.6926,1.2886,-0.1394,1.361,-0.4345,2.1736,-0.7563,1.2275,-0.7558,0.5007,-0.9397,-1.0826,-0.8902,0.6319,-0.7222
0.9037,-0.6914,1.2791,-0.1258,1.361,-0.4345,2.1736,-0.7563,1.2442,-0.7328,0.5162,-0.9349,-1.0639,-0.892,0.6469,-0.722
0.8963,-0.6888,1.2856,-0.1229,1.3638,-0.4386,2.1736,-0.7563,1.2275,-0.7558,0.52,-0.9337,-1.071,-0.8943,0.6562,-0.7281
0.8963,-0.6888,1.2856,-0.1229,1.3638,-0.4386,2.1736,-0.7563,1.2275,-0.7558,0.52,-0.9337,-1.071,-0.8943,0.6562,-0.7281
0.8963,-0.6888,1.2856,-0.1229,1.3638,-0.4386,2.1736,-0.7563,1.2275,-0.7558,0.52,-0.9337,-1.071,-0.8943,0.6562,-0.7281
0.8915,-0.6899,1.2791,-0.1258,1.3464,-0.4386,2.1698,-0.7666,1.2009,-0.7175,0.5177,-0.9303,-1.0595,-0.8984,0.6562,-0.7281
0.8915,-0.6899,1.2791,-0.1258,1.3464,-0.4386,2.1698,-0.7666,1.2009,-0.7175,0.5177,-0.9303,-1.0595,-0.8984,0.6562,-0.7281
0.8794,-0.6885,1.2774,-0.1355,1.3396,-0.4455,2.1752,-0.7743,1.1577,-0.7023,0.5076,-0.9293,-1.0595,-0.8984,0.6655,-0.7341
0.8794,-0.6885,1.2774,-0.1355,1.3396,-0.4455,2.1752,-0.7743,1.1577,-0.7023,0.5076,-0.9293,-1.0595,-0.8984,0.6655,-0.7341
0.8699,-0.6909,1.2916,-0.156,1.3404,-0.4551,2.1752,-0.7743,1.0613,-0.6101,0.5022,-0.9351,-1.0666,-0.9007,0.6706,-0.7414
0.8699,-0.6909,1.2916,-0.156,1.3404,-0.4551,2.1752,-0.7743,1.0613,-0.6101,0.5022,-0.9351,-1.0666,-0.9007,0.6706,-0.7414
0.8604,-0.6932,1.3011,-0.1697,1.3461,-0.4633,2.1661,-0.7769,0.9647,-0.5177,0.4907,-0.9388,-1.0737,-0.903,0.6664,-0.7427
0.8604,-0.6932,1.3011,-0.1697,1.3461,-0.4633,2.1661,-0.7769,0.9647,-0.5177,0.4907,-0.9388,-1.0737,-0.903,0.6664,-0.7427
0.8604,-0.6932,1.3011,-0.1697,1.3461,-0.4633,2.1661,-0.7769,0.9647,-0.5177,0.4907,-0.9388,-1.0737,-0.903,0.6664,-0.7427
0.863,-0.697,1.333,-0.1912,1.3594,-0.4742,2.1805,-0.782,0.8948,-0.4637,0.4814,-0.9458,-1.0808,-0.9053,0.6622,-0.7441
0.863,-0.697,1.333,-0.1912,1.3594,-0.4742,2.1805,-0.782,0.8948,-0.4637,0.4814,-0.9458,-1.0808,-0.9053,0.6622,-0.7441
0.863,-0.697,1.333,-0.1912,1.3594,-0.4742,2.1805,-0.782,0.8948,-0.4637,0.4814,-0.9458,-1.0808,-0.9053,0.6622,-0.7441
0.8467,-0.7055,1.3407,-0.2145,1.3449,-0.4783,2.1479,-0.782,0.8311,-0.5579,0.4716,-0.9654,-1.0932,-0.925,0.6204,-0.7348
0.8467,-0.7055,1.3407,-0.2145,1.3449,-0.4783,2.1479,-0.782,0.8311,-0.5579,0.4716,-0.9654,-1.0932,-0.925,0.6204,-0.7348
0.8467,-0.7055,1.3407,-0.2145,1.3449,-0.4783,2.1479,-0.782,0.8311,-0.5579,0.4716,-0.9654,-1.0932,-0.925,0.6204,-0.7348
0.8398,-0.7117,1.3213,-0.2231,1.2912,-0.4593,2.1208,-0.7898,0.8363,-0.704,0.4781,-0.9882,-1.1145,-0.9319,0.5838,-0.733
0.8398,-0.7117,1.3213,-0.2231,1.2912,-0.4593,2.1208,-0.7898,0.8363,-0.704,0.4781,-0.9882,-1.1145,-0.9319,0.5838,-0.733
0.8377,-0.7166,1.2989,-0.2152,1.2654,-0.4471,2.1117,-0.7924,0.8523,-0.6809,0.4804,-0.9916,-1.1189,-0.9255,0.5822,-0.7379
0.8377,-0.7166,1.2989,-0.2152,1.2654,-0.4471,2.1117,-0.7924,0.8523,-0.6809,0.4804,-0.9916,-1.1189,-0.9255,0.5822,-0.7379
0.8377,-0.7166,1.2989,-0.2152,1.2654,-0.4471,2.1117,-0.7924,0.8523,-0.6809,0.4804,-0.9916,-1.1189,-0.9255,0.5822,-0.7379
0.8377,-0.7166,1.2895,-0.2016,1.2425,-0.439,2.0974,-0.7873,0.9373,-0.7109,0.4766,-0.9928,-1.1348,-0.9151,0.5806,-0.7429
0.8377,-0.7166,1.2895,-0.2016,1.2425,-0.439,2.0974,-0.7873,0.9373,-0.7109,0.4766,-0.9928,-1.1348,-0.9151,0.5806,-0.7429
0.8377,-0.7166,1.2895,-0.2016,1.2425,-0.439,2.0974,-0.7873,0.9373,-0.7109,0.4766,-0.9928,-1.1348,-0.9151,0.5806,-0.7429
0.8361,-0.7303,1.2513,-0.1829,1.2032,-0.4405,2.065,-0.7874,0.9961,-0.703,0.4503,-0.9886,-1.1507,-0.9047,0.5574,-0.7458
0.8361,-0.7303,1.2513,-0.1829,1.2032,-0.4405,2.065,-0.7874,0.9961,-0.703,0.4503,-0.9886,-1.1507,-0.9047,0.5574,-0.7458
0.8366,-0.739,1.2401,-0.179,1.1868,-0.4502,2.047,-0.7926,1.0124,-0.6798,0.4255,-0.9799,-1.1551,-0.8983,0.545,-0.7497
0.8366,-0.739,1.2401,-0.179,1.1868,-0.4502,2.047,-0.7926,1.0124,-0.6798,0.4255,-0.9799,-1.1551,-0.8983,0.545,-0.7497
0.8366,-0.739,1.2401,-0.179,1.1868,-0.4502,2.047,-0.7926,1.0124,-0.6798,0.4255,-0.9799,-1.1551,-0.8983,0.545,-0.7497
0.8319,-0.7402,1.2243,-0.1682,1.1857,-0.4652,2.0328,-0.7875,0.9696,-0.6647,0.3993,-0.9757,-1.1622,-0.9006,0.526,-0.7512
0.8319,-0.7402,1.2243,-0.1682,1.1857,-0.4652,2.0328,-0.7875,0.9696,-0.6647,0.3993,-0.9757,-1.1622,-0.9006,0.526,-0.7512
0.8082,-0.746,1.2114,-0.174,1.1607,-0.4871,2.0344,-0.8054,1.0124,-0.6798,0.3561,-0.9605,-1.1648,-0.9093,0.4972,-0.7604
0.8082,-0.746,1.2114,-0.174,1.1607,-0.4871,2.0344,-0.8054,1.0124,-0.6798,0.3561,-0.9605,-1.1648,-0.9093,0.4972,-0.7604
0.8082,-0.746,1.2114,-0.174,1.1607,-0.4871,2.0344,-0.8054,1.0124,-0.6798,0.3561,-0.9605,-1.1648,-0.9093,0.4972,-0.7604
0.7747,-0.7455,1.1969,-0.1894,1.1397,-0.498,2.0412,-0.8308,1.0226,-0.7411,0.33,-0.9563,-1.186,-0.9162,0.4741,-0.7632
0.7747,-0.7455,1.1969,-0.1894,1.1397,-0.498,2.0412,-0.8308,1.0226,-0.7411,0.33,-0.9563,-1.186,-0.9162,0.4741,-0.7632
0.746,-0.7439,1.1888,-0.2019,1.1159,-0.5049,2.0713,-0.8587,0.9799,-0.726,0.3039,-0.9522,-1.193,-0.9185,0.4577,-0.7684
0.746,-0.7439,1.1888,-0.2019,1.1159,-0.5049,2.0713,-0.8587,0.9799,-0.726,0.3039,-0.9522,-1.193,-0.9185,0.4577,-0.7684
0.7121,-0.7347,1.1807,-0.2144,1.0968,-0.5104,2.0871,-0.8814,0.9799,-0.726,0.2887,-0.9571,-1.2115,-0.9168,0.4439,-0.7773
0.6856,-0.7282,1.1616,-0.223,1.0854,-0.5186,2.0691,-0.8865,0.9373,-0.7109,0.2759,-0.9653,-1.2185,-0.9191,0.4275,-0.7825
0.6856,-0.7282,1.1616,-0.223,1.0854,-0.5186,2.0691,-0.8865,0.9373,-0.7109,0.2759,-0.9653,-1.2185,-0.9191,0.4275,-0.7825
0.6856,-0.7282,1.1616,-0.223,1.0854,-0.5186,2.0691,-0.8865,0.9373,-0.7109,0.2759,-0.9653,-1.2185,-0.9191,0.4275,-0.7825
0.657,-0.7266,1.1424,-0.2315,1.0589,-0.5214,2.0279,-0.8891,0.8947,-0.6959,0.2593,-0.9747,-1.2141,-0.9254,0.4137,-0.7913
0.657,-0.7266,1.1424,-0.2315,1.0589,-0.5214,2.0279,-0.8891,0.8947,-0.6959,0.2593,-0.9747,-1.2141,-0.9254,0.4137,-0.7913
0.657,-0.7266,1.1424,-0.2315,1.0589,-0.5214,2.0279,-0.8891,0.8947,-0.6959,0.2593,-0.9747,-1.2141,-0.9254,0.4137,-0.7913
0.6404,-0.7264,1.1297,-0.2372,1.0418,-0.5215,1.9658,-0.8615,0.8523,-0.6809,0.2488,-0.9863,-1.1939,-0.9422,0.3933,-0.7978
0.6404,-0.7264,1.1297,-0.2372,1.0418,-0.5215,1.9658,-0.8615,0.8523,-0.6809,0.2488,-0.9863,-1.1939,-0.9422,0.3933,-0.7978
0.631,-0.7287,1.117,-0.2429,1.039,-0.5175,1.895,-0.8365,0.8363,-0.704,0.2351,-0.9865,-1.178,-0.9525,0.372,-0.7957
0.631,-0.7287,1.117,-0.2429,1.039,-0.5175,1.895,-0.8365,0.8363,-0.704,0.2351,-0.9865,-1.178,-0.9525,0.372,-0.7957
0.6544,-0.7228,1.1344,-0.244,1.0722,-0.5078,1.8934,-0.8187,0.8203,-0.7269,0.2549,-0.9885,-1.171,-0.9502,0.3695,-0.7921
0.697,-0.7209,1.1803,-0.25,1.1189,-0.4845,1.9059,-0.806,0.8363,-0.704,0.2952,-0.9798,-1.1472,-0.9347,0.4005,-0.7866
0.697,-0.7209,1.1803,-0.25,1.1189,-0.4845,1.9059,-0.806,0.8363,-0.704,0.2952,-0.9798,-1.1472,-0.9347,0.4005,-0.7866
0.697,-0.7209,1.1803,-0.25,1.1189,-0.4845,1.9059,-0.806,0.8363,-0.704,0.2952,-0.9798,-1.1472,-0.9347,0.4005,-0.7866
0.7466,-0.7129,1.2328,-0.2533,1.1866,-0.4747,1.9611,-0.8082,0.8786,-0.7189,0.3494,-0.9709,-1.1322,-0.9064,0.4357,-0.7799
0.7466,-0.7129,1.2328,-0.2533,1.1866,-0.4747,1.9611,-0.8082,0.8786,-0.7189,0.3494,-0.9709,-1.1322,-0.9064,0.4357,-0.7799
0.7466,-0.7129,1.2328,-0.2533,1.1866,-0.4747,1.9611,-0.8082,0.8786,-0.7189,0.3494,-0.9709,-1.1322,-0.9064,0.4357,-0.7799
0.873,-0.7034,1.3101,-0.2191,1.3307,-0.4578,2.1276,-0.8153,1.1843,-0.7406,0.4675,-0.946,-1.063,-0.8682,0.5469,-0.7669
0.873,-0.7034,1.3101,-0.2191,1.3307,-0.4578,2.1276,-0.8153,1.1843,-0.7406,0.4675,-0.946,-1.063,-0.8682,0.5469,-0.7669
0.9185,-0.6966,1.3312,-0.2009,1.3772,-0.4495,2.1836,-0.8178,1.3309,-0.7635,0.5162,-0.9349,-1.0345,-0.8589,0.5949,-0.7562
0.9185,-0.6966,1.3312,-0.2009,1.3772,-0.4495,2.1836,-0.8178,1.3309,-0.7635,0.5162,-0.9349,-1.0345,-0.8589,0.5949,-0.7562
0.9523,-0.6971,1.3347,-0.1815,1.4121,-0.4494,2.245,-0.8279,1.435,-0.7713,0.5549,-0.9228,-1.006,-0.8496,0.6414,-0.7506
0.9836,-0.6938,1.3429,-0.169,1.4442,-0.4452,2.2777,-0.8279,1.4788,-0.7867,0.5868,-0.9212,-0.9756,-0.8554,0.6756,-0.7488
0.9836,-0.6938,1.3429,-0.169,1.4442,-0.4452,2.2777,-0.8279,1.4788,-0.7867,0.5868,-0.9212,-0.9756,-0.8554,0.6756,-0.7488
0.9836,-0.6938,1.3429,-0.169,1.4442,-0.4452,2.2777,-0.8279,1.4788,-0.7867,0.5868,-0.9212,-0.9756,-0.8554,0.6756,-0.7488
1.0006,-0.6941,1.3494,-0.1661,1.4539,-0.4425,2.3067,-0.8381,1.5227,-0.8022,0.6047,-0.9197,-0.9568,-0.8572,0.7083,-0.752
1.0006,-0.6941,1.3494,-0.1661,1.4539,-0.4425,2.3067,-0.8381,1.5227,-0.8022,0.6047,-0.9197,-0.9568,-0.8572,0.7083,-0.752
1.0129,-0.6956,1.3606,-0.1701,1.4617,-0.4452,2.3211,-0.8432,1.4521,-0.7482,0.6149,-0.9207,-0.9452,-0.8613,0.7343,-0.7529
1.0129,-0.6956,1.3606,-0.1701,1.4617,-0.4452,2.3211,-0.8432,1.4521,-0.7482,0.6149,-0.9207,-0.9452,-0.8613,0.7343,-0.7529
1.0129,-0.6956,1.3541,-0.1729,1.4597,-0.4507,2.2922,-0.833,1.3816,-0.6942,0.6235,-0.9264,-0.9452,-0.8613,0.7587,-0.7587
1.0129,-0.6956,1.3541,-0.1729,1.4597,-0.4507,2.2922,-0.833,1.3816,-0.6942,0.6235,-0.9264,-0.9452,-0.8613,0.7587,-0.7587
1.0006,-0.6941,1.3524,-0.1826,1.4576,-0.4562,2.2579,-0.8151,1.2136,-0.547,0.622,-0.931,-0.9568,-0.8572,0.768,-0.7648
0.9884,-0.6927,1.3506,-0.1923,1.4584,-0.4658,2.2291,-0.8049,1.116,-0.4535,0.6103,-0.9346,-0.9568,-0.8572,0.7545,-0.76
0.9884,-0.6927,1.3506,-0.1923,1.4584,-0.4658,2.2291,-0.8049,1.116,-0.4535,0.6103,-0.9346,-0.9568,-0.8572,0.7545,-0.76
0.9789,-0.695,1.3377,-0.198,1.4592,-0.4754,2.2055,-0.8024,1.0454,-0.399,0.5986,-0.9383,-0.9524,-0.8637,0.7343,-0.7529
0.9789,-0.695,1.3377,-0.198,1.4592,-0.4754,2.2055,-0.8024,1.0454,-0.399,0.5986,-0.9383,-0.9524,-0.8637,0.7343,-0.7529
0.9789,-0.695,1.3377,-0.198,1.4592,-0.4754,2.2055,-0.8024,1.0454,-0.399,0.5986,-0.9383,-0.9524,-0.8637,0.7343,-0.7529
0.9741,-0.6962,1.3424,-0.2048,1.4417,-0.4754,2.182,-0.7999,1.0292,-0.4229,0.5807,-0.9397,-0.9667,-0.8683,0.7074,-0.7434
0.9741,-0.6962,1.3424,-0.2048,1.4417,-0.4754,2.182,-0.7999,1.0292,-0.4229,0.5807,-0.9397,-0.9667,-0.8683,0.7074,-0.7434
0.9741,-0.6962,1.3424,-0.2048,1.4417,-0.4754,2.182,-0.7999,1.0292,-0.4229,0.5807,-0.9397,-0.9667,-0.8683,0.7074,-0.7434
0.9719,-0.7012,1.3471,-0.2117,1.432,-0.4781,2.173,-0.8025,0.9969,-0.4704,0.5902,-0.9533,-0.981,-0.8729,0.6872,-0.7362
0.9719,-0.7012,1.3471,-0.2117,1.432,-0.4781,2.173,-0.8025,0.9969,-0.4704,0.5902,-0.9533,-0.981,-0.8729,0.6872,-0.7362
0.9624,-0.7035,1.3678,-0.2292,1.3886,-0.4659,2.1601,-0.8152,1.0287,-0.6567,0.6068,-0.9772,-1.0167,-0.8845,0.6581,-0.7454
0.9624,-0.7035,1.3678,-0.2292,1.3886,-0.4659,2.1601,-0.8152,1.0287,-0.6567,0.6068,-0.9772,-1.0167,-0.8845,0.6581,-0.7454
0.9624,-0.7035,1.3678,-0.2292,1.3886,-0.4659,2.1601,-0.8152,1.0287,-0.6567,0.6068,-0.9772,-1.0167,-0.8845,0.6581,-0.7454
0.9576,-0.7047,1.3725,-0.236,1.376,-0.4645,2.1654,-0.8229,1.0226,-0.7411,0.6123,-0.992,-1.0381,-0.8914,0.6456,-0.7493
0.9576,-0.7047,1.3725,-0.236,1.376,-0.4645,2.1654,-0.8229,1.0226,-0.7411,0.6123,-0.992,-1.0381,-0.8914,0.6456,-0.7493
0.9628,-0.7123,1.366,-0.2389,1.3635,-0.4632,2.1563,-0.8254,1.0062,-0.764,0.6132,-1,-1.0453,-0.8938,0.6398,-0.7555
0.9628,-0.7123,1.366,-0.2389,1.3635,-0.4632,2.1563,-0.8254,1.0062,-0.764,0.6132,-1,-1.0453,-0.8938,0.6398,-0.7555
0.9628,-0.7123,1.366,-0.2389,1.3635,-0.4632,2.1563,-0.8254,1.0062,-0.764,0.6132,-1,-1.0453,-0.8938,0.6398,-0.7555
0.9729,-0.7187,1.3595,-0.2417,1.3432,-0.4592,2.1526,-0.8356,1.0917,-0.7942,0.6093,-1.0012,-1.0453,-0.8938,0.6357,-0.7568
0.9729,-0.7187,1.3595,-0.2417,1.3432,-0.4592,2.1526,-0.8356,1.0917,-0.7942,0.6093,-1.0012,-1.0453,-0.8938,0.6357,-0.7568
0.9729,-0.7187,1.3595,-0.2417,1.3432,-0.4592,2.1526,-0.8356,1.0917,-0.7942,0.6093,-1.0012,-1.0453,-0.8938,0.6357,-0.7568
0.986,-0.7376,1.3289,-0.2463,1.3142,-0.4674,2.1254,-0.8433,1.0982,-0.7102,0.5641,-0.9904,-1.031,-0.8891,0.6366,-0.7655
0.986,-0.7376,1.3289,-0.2463,1.3142,-0.4674,2.1254,-0.8433,1.0982,-0.7102,0.5641,-0.9904,-1.031,-0.8891,0.6366,-0.7655
0.9791,-0.7437,1.3066,-0.2384,1.3025,-0.4757,2.1217,-0.8535,1.1311,-0.6639,0.5267,-0.9772,-1.0354,-0.8827,0.635,-0.7704
0.9791,-0.7437,1.3066,-0.2384,1.3025,-0.4757,2.1217,-0.8535,1.1311,-0.6639,0.5267,-0.9772,-1.0354,-0.8827,0.635,-0.7704
0.9595,-0.7397,1.2954,-0.2345,1.2881,-0.4798,2.1269,-0.8611,1.1044,-0.6254,0.4917,-0.9674,-1.0354,-0.8827,0.6267,-0.773
0.9595,-0.7397,1.2954,-0.2345,1.2881,-0.4798,2.1269,-0.8611,1.1044,-0.6254,0.4917,-0.9674,-1.0354,-0.8827,0.6267,-0.773
0.9595,-0.7397,1.2954,-0.2345,1.2881,-0.4798,2.1269,-0.8611,1.1044,-0.6254,0.4917,-0.9674,-1.0354,-0.8827,0.6267,-0.773
0.9252,-0.7304,1.2778,-0.2334,1.2612,-0.4826,2.1428,-0.8839,1.0508,-0.5481,0.4616,-0.9644,-1.047,-0.8787,0.6184,-0.7756
0.9252,-0.7304,1.2778,-0.2334,1.2612,-0.4826,2.1428,-0.8839,1.0508,-0.5481,0.4616,-0.9644,-1.047,-0.8787,0.6184,-0.7756
0.8956,-0.72,1.2825,-0.2401,1.2495,-0.4908,2.1284,-0.8788,1.0239,-0.5093,0.44,-0.9671,-1.0354,-0.8827,0.6126,-0.7819
0.8956,-0.72,1.2825,-0.2401,1.2495,-0.4908,2.1284,-0.8788,1.0239,-0.5093,0.44,-0.9671,-1.0354,-0.8827,0.6126,-0.7819
0.8425,-0.7154,1.2521,-0.2447,1.2168,-0.5099,2.0638,-0.8789,1.0834,-0.5009,0.4093,-0.9767,-0.9963,-0.9014,0.5961,-0.787
0.8425,-0.7154,1.2521,-0.2447,1.2168,-0.5099,2.0638,-0.8789,1.0834,-0.5009,0.4093,-0.9767,-0.9963,-0.9014,0.5961,-0.787
0.8425,-0.7154,1.2521,-0.2447,1.2168,-0.5099,2.0638,-0.8789,1.0834,-0.5009,0.4093,-0.9767,-0.9963,-0.9014,0.5961,-0.787
0.8209,-0.7164,1.2345,-0.2436,1.1976,-0.5154,2.0353,-0.8689,1.0401,-0.4856,0.3902,-0.9827,-0.9642,-0.9224,0.577,-0.7886
0.8209,-0.7164,1.2345,-0.2436,1.1976,-0.5154,2.0353,-0.8689,1.0401,-0.4856,0.3902,-0.9827,-0.9642,-0.9224,0.577,-0.7886
0.802,-0.7211,1.2217,-0.2493,1.1861,-0.5236,1.9979,-0.8614,1.0401,-0.4856,0.3772,-0.9909,-0.9554,-0.9352,0.5579,-0.7901
0.802,-0.7211,1.2217,-0.2493,1.1861,-0.5236,1.9979,-0.8614,1.0401,-0.4856,0.3772,-0.9909,-0.9554,-0.9352,0.5579,-0.7901
0.7784,-0.727,1.2089,-0.255,1.1622,-0.5304,1.9606,-0.8539,1.0834,-0.5009,0.3658,-0.9945,-0.951,-0.9415,0.5497,-0.7927
0.7784,-0.727,1.2089,-0.255,1.1622,-0.5304,1.9606,-0.8539,1.0834,-0.5009,0.3658,-0.9945,-0.951,-0.9415,0.5497,-0.7927
0.7549,-0.7328,1.1897,-0.2635,1.1335,-0.5386,1.9286,-0.854,1.0239,-0.5093,0.349,-1.0039,-0.9609,-0.9525,0.5266,-0.7955
0.7549,-0.7328,1.1897,-0.2635,1.1335,-0.5386,1.9286,-0.854,1.0239,-0.5093,0.349,-1.0039,-0.9609,-0.9525,0.5266,-0.7955
0.734,-0.7425,1.1641,-0.2748,1.1022,-0.5428,1.8736,-0.8517,1.0239,-0.5093,0.3399,-1.0109,-0.968,-0.9548,0.5051,-0.7934
0.734,-0.7425,1.1641,-0.2748,1.1022,-0.5428,1.8736,-0.8517,1.0239,-0.5093,0.3399,-1.0109,-0.968,-0.9548,0.5051,-0.7934
0.734,-0.7425,1.1641,-0.2748,1.1022,-0.5428,1.8736,-0.8517,1.0239,-0.5093,0.3399,-1.0109,-0.968,-0.9548,0.5051,-0.7934
0.7199,-0.746,1.1671,-0.2911,1.0927,-0.5456,1.8507,-0.8493,1.0077,-0.5328,0.3308,-1.0178,-0.9895,-0.9616,0.4836,-0.7913
0.7199,-0.746,1.1671,-0.2911,1.0927,-0.5456,1.8507,-0.8493,1.0077,-0.5328,0.3308,-1.0178,-0.9895,-0.9616,0.4836,-0.7913
0.7199,-0.746,1.1671,-0.2911,1.0927,-0.5456,1.8507,-0.8493,1.0077,-0.5328,0.3308,-1.0178,-0.9895,-0.9616,0.4836,-0.7913
0.7533,-0.7465,1.2003,-0.3029,1.1327,-0.5292,1.8543,-0.8392,0.9486,-0.5412,0.3522,-1.0152,-1.0241,-0.9494,0.4969,-0.796
0.7983,-0.7397,1.2527,-0.3062,1.1956,-0.5208,1.9039,-0.8339,0.9753,-0.5798,0.3889,-1.0078,-1.0187,-0.9321,0.5282,-0.7906
0.7983,-0.7397,1.2527,-0.3062,1.1956,-0.5208,1.9039,-0.8339,0.9753,-0.5798,0.3889,-1.0078,-1.0187,-0.9321,0.5282,-0.7906
0.7983,-0.7397,1.2527,-0.3062,1.1956,-0.5208,1.9039,-0.8339,0.9753,-0.5798,0.3889,-1.0078,-1.0187,-0.9321,0.5282,-0.7906
0.8555,-0.7343,1.2896,-0.2988,1.2532,-0.5044,1.9537,-0.8286,0.9592,-0.6031,0.4334,-0.998,-1.0088,-0.9211,0.5703,-0.7862
0.8555,-0.7343,1.2896,-0.2988,1.2532,-0.5044,1.9537,-0.8286,0.9592,-0.6031,0.4334,-0.998,-1.0088,-0.9211,0.5703,-0.7862
0.903,-0.7226,1.3265,-0.2915,1.3215,-0.4947,2.0074,-0.8131,0.9753,-0.5798,0.4857,-0.9858,-0.9687,-0.916,0.6142,-0.7769
0.903,-0.7226,1.3265,-0.2915,1.3215,-0.4947,2.0074,-0.8131,0.9753,-0.5798,0.4857,-0.9858,-0.9687,-0.916,0.6142,-0.7769
0.9511,-0.7196,1.3636,-0.2841,1.3777,-0.4837,2.0576,-0.8079,1.0183,-0.5949,0.5391,-0.9816,-0.9356,-0.9132,0.6583,-0.7676
0.9511,-0.7196,1.3636,-0.2841,1.3777,-0.4837,2.0576,-0.8079,1.0183,-0.5949,0.5391,-0.9816,-0.9356,-0.9132,0.6583,-0.7676
0.9872,-0.7152,1.3896,-0.2728,1.4222,-0.4809,2.108,-0.8026,1.0345,-0.5715,0.574,-0.9708,-0.9024,-0.9104,0.6983,-0.7596
0.9872,-0.7152,1.3896,-0.2728,1.4222,-0.4809,2.108,-0.8026,1.0345,-0.5715,0.574,-0.9708,-0.9024,-0.9104,0.6983,-0.7596
1.009,-0.7143,1.4073,-0.274,1.4446,-0.4795,2.1223,-0.8077,1.0508,-0.5481,0.5997,-0.967,-0.888,-0.9058,0.7301,-0.7542
1.009,-0.7143,1.4073,-0.274,1.4446,-0.4795,2.1223,-0.8077,1.0508,-0.5481,0.5997,-0.967,-0.888,-0.9058,0.7301,-0.7542
1.009,-0.7143,1.4073,-0.274,1.4446,-0.4795,2.1223,-0.8077,1.0508,-0.5481,0.5997,-0.967,-0.888,-0.9058,0.7301,-0.7542
1.009,-0.7143,1.4073,-0.274,1.4446,-0.4795,2.1223,-0.8077,1.0508,-0.5481,0.5997,-0.967,-0.888,-0.9058,0.7301,-0.7542
1.0287,-0.7184,1.4362,-0.2791,1.4649,-0.4836,2.1367,-0.8127,1.0508,-0.5481,0.6316,-0.9654,-0.8897,-0.8907,0.7729,-0.7498
1.0287,-0.7184,1.4362,-0.2791,1.4649,-0.4836,2.1367,-0.8127,1.0508,-0.5481,0.6316,-0.9654,-0.8897,-0.8907,0.7729,-0.7498
1.0313,-0.7222,1.4522,-0.2898,1.46,-0.485,2.1367,-0.8127,1.0508,-0.5481,0.6379,-0.9676,-0.8897,-0.8907,0.7839,-0.7509
1.0217,-0.7245,1.4409,-0.2859,1.4503,-0.4877,2.142,-0.8204,1.0508,-0.5481,0.634,-0.9688,-0.9014,-0.8865,0.7881,-0.7496
1.0217,-0.7245,1.4409,-0.2859,1.4503,-0.4877,2.142,-0.8204,1.0508,-0.5481,0.634,-0.9688,-0.9014,-0.8865,0.7881,-0.7496
1.0217,-0.7245,1.4409,-0.2859,1.4503,-0.4877,2.142,-0.8204,1.0508,-0.5481,0.634,-0.9688,-0.9014,-0.8865,0.7881,-0.7496
1.0222,-0.7332,1.4279,-0.2915,1.4434,-0.4945,2.1276,-0.8153,1.0508,-0.5481,0.6262,-0.9712,-0.9086,-0.8888,0.7839,-0.7509
1.0222,-0.7332,1.4279,-0.2915,1.4434,-0.4945,2.1276,-0.8153,1.0508,-0.5481,0.6262,-0.9712,-0.9086,-0.8888,0.7839,-0.7509
1.0078,-0.7367,1.4326,-0.2983,1.4336,-0.4973,2.1186,-0.8179,1.1372,-0.5786,0.6208,-0.977,-0.9086,-0.8888,0.7839,-0.7509
1.0078,-0.7367,1.4326,-0.2983,1.4336,-0.4973,2.1186,-0.8179,1.1372,-0.5786,0.6208,-0.977,-0.9086,-0.8888,0.7839,-0.7509
0.9982,-0.7391,1.4373,-0.3051,1.4162,-0.4973,2.1148,-0.8281,1.0776,-0.5868,0.6014,-0.983,-0.9157,-0.8912,0.778,-0.7572
0.9982,-0.7391,1.4373,-0.3051,1.4162,-0.4973,2.1148,-0.8281,1.0776,-0.5868,0.6014,-0.983,-0.9157,-0.8912,0.778,-0.7572
0.9982,-0.7391,1.4373,-0.3051,1.4162,-0.4973,2.1148,-0.8281,1.0776,-0.5868,0.6014,-0.983,-0.9157,-0.8912,0.778,-0.7572
0.986,-0.7376,1.4438,-0.3022,1.4085,-0.4946,2.1201,-0.8357,1.0508,-0.5481,0.5835,-0.9844,-0.9435,-0.8765,0.7764,-0.7622
0.9908,-0.7365,1.4503,-0.2994,1.4133,-0.4932,2.1345,-0.8408,1.1103,-0.5398,0.5733,-0.9834,-0.9568,-0.8572,0.7764,-0.7622
0.9982,-0.7391,1.4409,-0.2859,1.4077,-0.485,2.1632,-0.8509,1.1103,-0.5398,0.5656,-0.9858,-0.9818,-0.8338,0.7722,-0.7635
0.9982,-0.7391,1.4409,-0.2859,1.4077,-0.485,2.1632,-0.8509,1.1103,-0.5398,0.5656,-0.9858,-0.9818,-0.8338,0.7722,-0.7635
0.9982,-0.7391,1.4409,-0.2859,1.4077,-0.485,2.1632,-0.8509,1.1103,-0.5398,0.5656,-0.9858,-0.9818,-0.8338,0.7722,-0.7635
1.003,-0.7379,1.4315,-0.2723,1.402,-0.4768,2.1722,-0.8483,1.1701,-0.5316,0.5593,-0.9836,-0.9952,-0.8145,0.7722,-0.7635
1.003,-0.7379,1.4315,-0.2723,1.402,-0.4768,2.1722,-0.8483,1.1701,-0.5316,0.5593,-0.9836,-0.9952,-0.8145,0.7722,-0.7635
1.0152,-0.7394,1.4174,-0.2519,1.4068,-0.4754,2.1957,-0.8509,1.2136,-0.547,0.5492,-0.9826,-0.9997,-0.808,0.768,-0.7648
1.0152,-0.7394,1.4174,-0.2519,1.4068,-0.4754,2.1957,-0.8509,1.2136,-0.547,0.5492,-0.9826,-0.9997,-0.808,0.768,-0.7648
1.0152,-0.7394,1.4174,-0.2519,1.4068,-0.4754,2.1957,-0.8509,1.2136,-0.547,0.5492,-0.9826,-0.9997,-0.808,0.768,-0.7648
1.0104,-0.7405,1.3808,-0.2235,1.3922,-0.4796,2.1775,-0.856,1.3885,-0.6087,0.5415,-0.985,-0.9952,-0.8145,0.7571,-0.7637
1.0104,-0.7405,1.3808,-0.2235,1.3922,-0.4796,2.1775,-0.856,1.3885,-0.6087,0.5415,-0.985,-0.9952,-0.8145,0.7571,-0.7637
1.0056,-0.7417,1.3554,-0.1991,1.3825,-0.4823,2.1775,-0.856,1.4764,-0.6398,0.5275,-0.9852,-0.9818,-0.8338,0.7529,-0.765
1.0056,-0.7417,1.3554,-0.1991,1.3825,-0.4823,2.1775,-0.856,1.4764,-0.6398,0.5275,-0.9852,-0.9818,-0.8338,0.7529,-0.765
1.0056,-0.7417,1.3554,-0.1991,1.3825,-0.4823,2.1775,-0.856,1.4764,-0.6398,0.5275,-0.9852,-0.9818,-0.8338,0.7529,-0.765
0.9886,-0.7414,1.3235,-0.1776,1.3603,-0.4837,2.1684,-0.8585,1.4863,-0.7019,0.5121,-0.99,-0.9872,-0.8513,0.7471,-0.7713
0.9886,-0.7414,1.3235,-0.1776,1.3603,-0.4837,2.1684,-0.8585,1.4863,-0.7019,0.5121,-0.99,-0.9872,-0.8513,0.7471,-0.7713
0.9695,-0.7461,1.2946,-0.1725,1.3361,-0.4906,2.1646,-0.8687,1.4594,-0.6631,0.5029,-0.997,-0.9899,-0.8601,0.7496,-0.7749
0.9695,-0.7461,1.2946,-0.1725,1.3361,-0.4906,2.1646,-0.8687,1.4594,-0.6631,0.5029,-0.997,-0.9899,-0.8601,0.7496,-0.7749
0.9626,-0.7522,1.2929,-0.1822,1.3244,-0.4988,2.1556,-0.8712,1.3716,-0.6321,0.4813,-0.9996,-0.9998,-0.8712,0.764,-0.7883
0.9626,-0.7522,1.2929,-0.1822,1.3244,-0.4988,2.1556,-0.8712,1.3716,-0.6321,0.4813,-0.9996,-0.9998,-0.8712,0.764,-0.7883
0.9409,-0.7531,1.2736,-0.1908,1.3079,-0.5083,2.1518,-0.8814,1.2572,-0.5624,0.4658,-1.0043,-1.0025,-0.8799,0.7623,-0.7933
0.9409,-0.7531,1.2736,-0.1908,1.3079,-0.5083,2.1518,-0.8814,1.2572,-0.5624,0.4658,-1.0043,-1.0025,-0.8799,0.7623,-0.7933
0.9192,-0.7539,1.2766,-0.2073,1.2886,-0.5138,2.148,-0.8915,1.1595,-0.4689,0.4528,-1.0125,-1.0096,-0.8822,0.7632,-0.8019
0.9192,-0.7539,1.2766,-0.2073,1.2886,-0.5138,2.148,-0.8915,1.1595,-0.4689,0.4528,-1.0125,-1.0096,-0.8822,0.7632,-0.8019
0.9192,-0.7539,1.2766,-0.2073,1.2886,-0.5138,2.148,-0.8915,1.1595,-0.4689,0.4528,-1.0125,-1.0096,-0.8822,0.7632,-0.8019
0.9192,-0.7539,1.2766,-0.2073,1.2886,-0.5138,2.148,-0.8915,1.1595,-0.4689,0.4528,-1.0125,-1.0096,-0.8822,0.7632,-0.8019
0.8807,-0.7546,1.2602,-0.2323,1.2729,-0.5328,2.1157,-0.8915,0.9908,-0.3203,0.4098,-1.0177,-1.015,-0.8996,0.7339,-0.8109
0.8807,-0.7546,1.2602,-0.2323,1.2729,-0.5328,2.1157,-0.8915,0.9908,-0.3203,0.4098,-1.0177,-1.015,-0.8996,0.7339,-0.8109
0.8807,-0.7546,1.2602,-0.2323,1.2729,-0.5328,2.1157,-0.8915,0.9908,-0.3203,0.4098,-1.0177,-1.015,-0.8996,0.7339,-0.8109
0.8565,-0.7517,1.2474,-0.238,1.2689,-0.5437,2.0923,-0.889,0.9201,-0.2655,0.3883,-1.0203,-1.0177,-0.9083,0.7054,-0.8064
0.8565,-0.7517,1.2474,-0.238,1.2689,-0.5437,2.0923,-0.889,0.9201,-0.2655,0.3883,-1.0203,-1.0177,-0.9083,0.7054,-0.8064
0.8565,-0.7517,1.2474,-0.238,1.2689,-0.5437,2.0923,-0.889,0.9201,-0.2655,0.3883,-1.0203,-1.0177,-0.9083,0.7054,-0.8064
0.8187,-0.761,1.2106,-0.2454,1.2409,-0.5613,2.0279,-0.8891,0.8725,-0.3379,0.3378,-1.0279,-1.0649,-0.9158,0.6378,-0.7962
0.8165,-0.766,1.2106,-0.2454,1.2333,-0.5586,2.0084,-0.8765,0.8408,-0.3858,0.3188,-1.0339,-1.0977,-0.9186,0.6027,-0.7894
0.8165,-0.766,1.2106,-0.2454,1.2333,-0.5586,2.0084,-0.8765,0.8408,-0.3858,0.3188,-1.0339,-1.0977,-0.9186,0.6027,-0.7894
0.8165,-0.766,1.2106,-0.2454,1.2333,-0.5586,2.0084,-0.8765,0.8408,-0.3858,0.3188,-1.0339,-1.0977,-0.9186,0.6027,-0.7894
0.8165,-0.766,1.2217,-0.2493,1.2249,-0.5465,2.0084,-0.8765,0.847,-0.5344,0.3059,-1.042,-1.1419,-0.9174,0.5703,-0.7862
0.8165,-0.766,1.2217,-0.2493,1.2249,-0.5465,2.0084,-0.8765,0.847,-0.5344,0.3059,-1.042,-1.1419,-0.9174,0.5703,-0.7862
0.8501,-0.7665,1.2457,-0.2476,1.2348,-0.5194,2.0353,-0.8689,0.8258,-0.6428,0.3144,-1.0476,-1.1489,-0.9197,0.5621,-0.7888
0.8501,-0.7665,1.2457,-0.2476,1.2348,-0.5194,2.0353,-0.8689,0.8258,-0.6428,0.3144,-1.0476,-1.1489,-0.9197,0.5621,-0.7888
0.9054,-0.7661,1.2761,-0.243,1.2745,-0.4935,2.0713,-0.8587,0.8947,-0.6959,0.3495,-1.0447,-1.1392,-0.9087,0.5786,-0.7836
0.9752,-0.7623,1.3195,-0.2327,1.3296,-0.4729,2.1307,-0.8509,0.9534,-0.6879,0.3977,-1.0338,-1.0994,-0.9035,0.6209,-0.7793
0.9752,-0.7623,1.3195,-0.2327,1.3296,-0.4729,2.1307,-0.8509,0.9534,-0.6879,0.3977,-1.0338,-1.0994,-0.9035,0.6209,-0.7793
1.0331,-0.7571,1.3566,-0.2253,1.3906,-0.4604,2.2048,-0.8483,1.0124,-0.6798,0.4452,-1.0149,-1.0595,-0.8984,0.681,-0.7784
1.0331,-0.7571,1.3566,-0.2253,1.3906,-0.4604,2.2048,-0.8483,1.0124,-0.6798,0.4452,-1.0149,-1.0595,-0.8984,0.681,-0.7784
1.0331,-0.7571,1.3566,-0.2253,1.3906,-0.4604,2.2048,-0.8483,1.0124,-0.6798,0.4452,-1.0149,-1.0595,-0.8984,0.681,-0.7784
1.0838,-0.7493,1.3938,-0.2178,1.447,-0.4494,2.3134,-0.8636,1.1311,-0.6639,0.499,-0.9982,-1.0167,-0.8845,0.7471,-0.7713
1.0838,-0.7493,1.3938,-0.2178,1.447,-0.4494,2.3134,-0.8636,1.1311,-0.6639,0.499,-0.9982,-1.0167,-0.8845,0.7471,-0.7713
1.0838,-0.7493,1.3938,-0.2178,1.447,-0.4494,2.3134,-0.8636,1.1311,-0.6639,0.499,-0.9982,-1.0167,-0.8845,0.7471,-0.7713
1.1123,-0.7336,1.4358,-0.2172,1.4968,-0.4452,2.3937,-0.8689,1.1908,-0.6559,0.5516,-0.986,-0.981,-0.8729,0.7983,-0.7644
1.1409,-0.7178,1.4666,-0.2127,1.5418,-0.4424,2.4598,-0.8691,1.2342,-0.6712,0.5803,-0.973,-0.9479,-0.8701,0.8387,-0.7564
1.1523,-0.7017,1.4797,-0.207,1.5692,-0.4396,2.4929,-0.8692,1.2675,-0.6246,0.6074,-0.9646,-0.9147,-0.8672,0.8683,-0.7473
1.1523,-0.7017,1.4797,-0.207,1.5692,-0.4396,2.4929,-0.8692,1.2675,-0.6246,0.6074,-0.9646,-0.9147,-0.8672,0.8683,-0.7473
1.1523,-0.7017,1.4797,-0.207,1.5692,-0.4396,2.4929,-0.8692,1.2675,-0.6246,0.6074,-0.9646,-0.9147,-0.8672,0.8683,-0.7473
1.1717,-0.6971,1.4863,-0.2041,1.5947,-0.4424,2.4769,-0.8461,1.2406,-0.5858,0.6254,-0.9632,-0.8842,-0.8732,0.8852,-0.7422
1.1717,-0.6971,1.4863,-0.2041,1.5947,-0.4424,2.4769,-0.8461,1.2406,-0.5858,0.6254,-0.9632,-0.8842,-0.8732,0.8852,-0.7422
1.1717,-0.6971,1.4863,-0.2041,1.5947,-0.4424,2.4769,-0.8461,1.2406,-0.5858,0.6254,-0.9632,-0.8842,-0.8732,0.8852,-0.7422
1.1766,-0.6959,1.4928,-0.2013,1.6124,-0.4424,2.4663,-0.8307,1.2406,-0.5858,0.6418,-0.9664,-0.8536,-0.8791,0.9021,-0.737
1.1766,-0.6959,1.4928,-0.2013,1.6124,-0.4424,2.4663,-0.8307,1.2406,-0.5858,0.6418,-0.9664,-0.8536,-0.8791,0.9021,-0.737
1.1766,-0.6959,1.4928,-0.2013,1.6124,-0.4424,2.4663,-0.8307,1.2406,-0.5858,0.6418,-0.9664,-0.8536,-0.8791,0.9021,-0.737
1.1678,-0.7158,1.5005,-0.2246,1.609,-0.463,2.3588,-0.7869,1.2406,-0.5858,0.6606,-0.9731,-0.8185,-0.8915,0.9217,-0.7355
1.1678,-0.7158,1.5005,-0.2246,1.609,-0.463,2.3588,-0.7869,1.2406,-0.5858,0.6606,-0.9731,-0.8185,-0.8915,0.9217,-0.7355
1.1678,-0.7158,1.5005,-0.2246,1.609,-0.463,2.3588,-0.7869,1.2406,-0.5858,0.6606,-0.9731,-0.8185,-0.8915,0.9217,-0.7355
1.1633,-0.7258,1.5213,-0.2423,1.5942,-0.4672,2.3205,-0.7792,1.2572,-0.5624,0.6591,-0.9777,-0.8302,-0.8874,0.92,-0.7405
1.1633,-0.7258,1.5213,-0.2423,1.5942,-0.4672,2.3205,-0.7792,1.2572,-0.5624,0.6591,-0.9777,-0.8302,-0.8874,0.92,-0.7405
1.1633,-0.7258,1.5213,-0.2423,1.5942,-0.4672,2.3205,-0.7792,1.2572,-0.5624,0.6591,-0.9777,-0.8302,-0.8874,0.92,-0.7405
1.1519,-0.7418,1.5289,-0.2656,1.5568,-0.4726,2.2892,-0.7972,1.2675,-0.6246,0.6443,-0.9905,-0.8887,-0.8667,0.9039,-0.7544
1.1519,-0.7418,1.5289,-0.2656,1.5568,-0.4726,2.2892,-0.7972,1.2675,-0.6246,0.6443,-0.9905,-0.8887,-0.8667,0.9039,-0.7544
1.1497,-0.7468,1.5176,-0.2616,1.5519,-0.474,2.2801,-0.7998,1.2842,-0.6012,0.6389,-0.9963,-0.9165,-0.8521,0.898,-0.7606
1.1497,-0.7468,1.5176,-0.2616,1.5519,-0.474,2.2801,-0.7998,1.2842,-0.6012,0.6389,-0.9963,-0.9165,-0.8521,0.898,-0.7606
1.147,-0.743,1.5129,-0.2548,1.5491,-0.4699,2.2945,-0.8049,1.3278,-0.6167,0.6334,-1.0021,-0.9442,-0.8374,0.8963,-0.7656
1.147,-0.743,1.5129,-0.2548,1.5491,-0.4699,2.2945,-0.8049,1.3278,-0.6167,0.6334,-1.0021,-0.9442,-0.8374,0.8963,-0.7656
1.1497,-0.7468,1.4921,-0.2371,1.5519,-0.474,2.2945,-0.8049,1.4594,-0.6631,0.628,-1.0078,-0.9559,-0.8333,0.8921,-0.7669
1.1497,-0.7468,1.4874,-0.2303,1.5442,-0.4712,2.3144,-0.8177,1.5916,-0.7099,0.6304,-1.0112,-0.9603,-0.8268,0.8879,-0.7682
1.1497,-0.7468,1.4874,-0.2303,1.5442,-0.4712,2.3144,-0.8177,1.5916,-0.7099,0.6304,-1.0112,-0.9603,-0.8268,0.8879,-0.7682
1.1497,-0.7468,1.4874,-0.2303,1.5442,-0.4712,2.3144,-0.8177,1.5916,-0.7099,0.6304,-1.0112,-0.9603,-0.8268,0.8879,-0.7682
1.1422,-0.7441,1.4732,-0.2098,1.5442,-0.4712,2.309,-0.81,1.6628,-0.7643,0.614,-1.008,-0.9514,-0.8397,0.8836,-0.7695
1.1422,-0.7441,1.4732,-0.2098,1.5442,-0.4712,2.309,-0.81,1.6628,-0.7643,0.614,-1.008,-0.9514,-0.8397,0.8836,-0.7695
1.1325,-0.7465,1.4572,-0.199,1.5343,-0.474,2.3144,-0.8177,1.8138,-0.7884,0.6124,-1.0126,-0.9541,-0.8485,0.882,-0.7745
1.1325,-0.7465,1.4572,-0.199,1.5343,-0.474,2.3144,-0.8177,1.8138,-0.7884,0.6124,-1.0126,-0.9541,-0.8485,0.882,-0.7745
1.1229,-0.7488,1.4251,-0.1773,1.5167,-0.474,2.3144,-0.8177,1.8138,-0.7884,0.6047,-1.015,-0.9568,-0.8572,0.8778,-0.7758
1.1132,-0.7511,1.4091,-0.1665,1.502,-0.4781,2.3052,-0.8202,1.7692,-0.7726,0.5907,-1.0152,-0.9551,-0.8724,0.8761,-0.7807
1.1132,-0.7511,1.4091,-0.1665,1.502,-0.4781,2.3052,-0.8202,1.7692,-0.7726,0.5907,-1.0152,-0.9551,-0.8724,0.8761,-0.7807
1.1132,-0.7511,1.4091,-0.1665,1.502,-0.4781,2.3052,-0.8202,1.7692,-0.7726,0.5907,-1.0152,-0.9551,-0.8724,0.8761,-0.7807
1.0961,-0.7508,1.3978,-0.1625,1.4873,-0.4822,2.2815,-0.8177,1.7692,-0.7726,0.5704,-1.0132,-0.9694,-0.877,0.8676,-0.7833
1.0961,-0.7508,1.3978,-0.1625,1.4873,-0.4822,2.2815,-0.8177,1.7692,-0.7726,0.5704,-1.0132,-0.9694,-0.877,0.8676,-0.7833
1.0891,-0.7569,1.3866,-0.1586,1.4649,-0.4836,2.2579,-0.8151,1.6802,-0.7412,0.555,-1.0179,-0.9837,-0.8817,0.855,-0.7872
1.0891,-0.7569,1.3866,-0.1586,1.4649,-0.4836,2.2579,-0.8151,1.6802,-0.7412,0.555,-1.0179,-0.9837,-0.8817,0.855,-0.7872
1.0891,-0.7569,1.3866,-0.1586,1.4649,-0.4836,2.2579,-0.8151,1.6802,-0.7412,0.555,-1.0179,-0.9837,-0.8817,0.855,-0.7872
1.072,-0.7566,1.3688,-0.1575,1.4454,-0.4891,2.2541,-0.8253,1.6359,-0.7255,0.5309,-1.0171,-0.998,-0.8863,0.8423,-0.791
1.0502,-0.7574,1.3606,-0.1701,1.4182,-0.4918,2.2503,-0.8356,1.5475,-0.6943,0.5155,-1.0219,-1.0123,-0.8909,0.8297,-0.7949
1.0331,-0.7571,1.3524,-0.1826,1.391,-0.4946,2.2321,-0.8407,1.5034,-0.6787,0.4938,-1.0244,-1.0266,-0.8955,0.8196,-0.8024
1.0331,-0.7571,1.3524,-0.1826,1.391,-0.4946,2.2321,-0.8407,1.5034,-0.6787,0.4938,-1.0244,-1.0266,-0.8955,0.8196,-0.8024
1.0331,-0.7571,1.3524,-0.1826,1.391,-0.4946,2.2321,-0.8407,1.5034,-0.6787,0.4938,-1.0244,-1.0266,-0.8955,0.8196,-0.8024
1.0161,-0.7568,1.3442,-0.1952,1.3688,-0.496,2.2283,-0.8509,1.3782,-0.5462,0.4737,-1.0225,-1.0381,-0.8914,0.8205,-0.8111
1.0161,-0.7568,1.3442,-0.1952,1.3688,-0.496,2.2283,-0.8509,1.3782,-0.5462,0.4737,-1.0225,-1.0381,-0.8914,0.8205,-0.8111
1.0161,-0.7568,1.3442,-0.1952,1.3688,-0.496,2.2283,-0.8509,1.3782,-0.5462,0.4737,-1.0225,-1.0381,-0.8914,0.8205,-0.8111
0.9943,-0.7577,1.3519,-0.2185,1.3494,-0.5015,2.2101,-0.856,1.2799,-0.4522,0.4607,-1.0306,-1.0524,-0.8961,0.8104,-0.8186
0.9848,-0.76,1.3501,-0.2281,1.3349,-0.5056,2.1957,-0.8509,1.1539,-0.3182,0.4392,-1.0332,-1.0666,-0.9007,0.7911,-0.82
0.973,-0.7673,1.3371,-0.2338,1.3232,-0.5137,2.1775,-0.856,1.0711,-0.1989,0.4215,-1.0346,-1.0781,-0.8966,0.7759,-0.8202
0.973,-0.7673,1.3371,-0.2338,1.3232,-0.5137,2.1775,-0.856,1.0711,-0.1989,0.4215,-1.0346,-1.0781,-0.8966,0.7759,-0.8202
0.9613,-0.7745,1.3195,-0.2327,1.3115,-0.5219,2.1684,-0.8585,0.9718,-0.1033,0.4085,-1.0427,-1.0967,-0.8949,0.7524,-0.823
0.9613,-0.7745,1.3195,-0.2327,1.3115,-0.5219,2.1684,-0.8585,0.9718,-0.1033,0.4085,-1.0427,-1.0967,-0.8949,0.7524,-0.823
0.9444,-0.7742,1.3195,-0.2327,1.3095,-0.5273,2.1594,-0.8611,0.9718,-0.1033,0.387,-1.0453,-1.0994,-0.9035,0.7239,-0.8184
0.9444,-0.7742,1.3195,-0.2327,1.3095,-0.5273,2.1594,-0.8611,0.9718,-0.1033,0.387,-1.0453,-1.0994,-0.9035,0.7239,-0.8184
0.9349,-0.7766,1.313,-0.2356,1.3075,-0.5328,2.1307,-0.8509,0.9837,-0.168,0.3694,-1.0467,-1.1021,-0.9122,0.6955,-0.8139
0.9349,-0.7766,1.313,-0.2356,1.3075,-0.5328,2.1307,-0.8509,0.9837,-0.168,0.3694,-1.0467,-1.1021,-0.9122,0.6955,-0.8139
0.9228,-0.7751,1.3177,-0.2423,1.3152,-0.5355,2.1217,-0.8535,1.0229,-0.2719,0.3542,-1.0515,-1.1162,-0.9168,0.667,-0.8093
0.9228,-0.7751,1.3177,-0.2423,1.3152,-0.5355,2.1217,-0.8535,1.0229,-0.2719,0.3542,-1.0515,-1.1162,-0.9168,0.667,-0.8093
0.9228,-0.7751,1.3177,-0.2423,1.3152,-0.5355,2.1217,-0.8535,1.0229,-0.2719,0.3542,-1.0515,-1.1162,-0.9168,0.667,-0.8093
0.9444,-0.7742,1.3242,-0.2395,1.3365,-0.5246,2.1398,-0.8484,1.0181,-0.3597,0.3627,-1.057,-1.1145,-0.9319,0.6537,-0.8046
0.9444,-0.7742,1.3242,-0.2395,1.3365,-0.5246,2.1398,-0.8484,1.0181,-0.3597,0.3627,-1.057,-1.1145,-0.9319,0.6537,-0.8046
0.9444,-0.7742,1.3242,-0.2395,1.3365,-0.5246,2.1398,-0.8484,1.0181,-0.3597,0.3627,-1.057,-1.1145,-0.9319,0.6537,-0.8046
1.0309,-0.7621,1.3631,-0.2224,1.4202,-0.4863,2.198,-0.8228,1.0776,-0.5868,0.4517,-1.058,-1.0844,-0.9377,0.6844,-0.7906
1.0309,-0.7621,1.3631,-0.2224,1.4202,-0.4863,2.198,-0.8228,1.0776,-0.5868,0.4517,-1.058,-1.0844,-0.9377,0.6844,-0.7906
1.0309,-0.7621,1.3631,-0.2224,1.4202,-0.4863,2.198,-0.8228,1.0776,-0.5868,0.4517,-1.058,-1.0844,-0.9377,0.6844,-0.7906
1.0816,-0.7543,1.3825,-0.2139,1.4682,-0.463,2.2488,-0.8177,1.1044,-0.6254,0.5211,-1.0571,-1.0516,-0.9349,0.727,-0.7863
1.0816,-0.7543,1.3825,-0.2139,1.4682,-0.463,2.2488,-0.8177,1.1044,-0.6254,0.5211,-1.0571,-1.0516,-0.9349,0.727,-0.7863
1.0816,-0.7543,1.3825,-0.2139,1.4682,-0.463,2.2488,-0.8177,1.1044,-0.6254,0.5211,-1.0571,-1.0516,-0.9349,0.727,-0.7863
1.1374,-0.7453,1.415,-0.1996,1.5213,-0.4383,2.309,-0.81,1.1641,-0.6173,0.5877,-1.0449,-1.016,-0.9234,0.7782,-0.7795
1.1374,-0.7453,1.415,-0.1996,1.5213,-0.4383,2.309,-0.81,1.1641,-0.6173,0.5877,-1.0449,-1.016,-0.9234,0.7782,-0.7795
1.1374,-0.7453,1.415,-0.1996,1.5213,-0.4383,2.309,-0.81,1.1641,-0.6173,0.5877,-1.0449,-1.016,-0.9234,0.7782,-0.7795
1.2627,-0.7465,1.4881,-0.1944,1.6157,-0.4217,2.3826,-0.7895,1.2675,-0.6246,0.6796,-1.0209,-0.9516,-0.9027,0.8726,-0.7684
1.2627,-0.7465,1.4881,-0.1944,1.6157,-0.4217,2.3826,-0.7895,1.2675,-0.6246,0.6796,-1.0209,-0.9516,-0.9027,0.8726,-0.7684
1.3022,-0.746,1.5012,-0.1887,1.6512,-0.4217,2.4103,-0.7818,1.3009,-0.5778,0.6999,-1.0024,-0.9346,-0.8893,0.9116,-0.7654
1.3022,-0.746,1.5012,-0.1887,1.6512,-0.4217,2.4103,-0.7818,1.3009,-0.5778,0.6999,-1.0024,-0.9346,-0.8893,0.9116,-0.7654
1.3245,-0.7453,1.5256,-0.187,1.6739,-0.4204,2.4288,-0.7766,1.3614,-0.5698,0.7187,-0.9884,-0.913,-0.8824,0.9396,-0.7614
1.3245,-0.7453,1.5256,-0.187,1.6739,-0.4204,2.4288,-0.7766,1.3614,-0.5698,0.7187,-0.9884,-0.913,-0.8824,0.9396,-0.7614
1.3245,-0.7453,1.5256,-0.187,1.6739,-0.4204,2.4288,-0.7766,1.3614,-0.5698,0.7187,-0.9884,-0.913,-0.8824,0.9396,-0.7614
1.3369,-0.7468,1.5322,-0.1841,1.6896,-0.4259,2.4527,-0.7793,1.4054,-0.5853,0.7257,-0.978,-0.9058,-0.8801,0.9618,-0.7636
1.3369,-0.7468,1.5322,-0.1841,1.6896,-0.4259,2.4527,-0.7793,1.4054,-0.5853,0.7257,-0.978,-0.9058,-0.8801,0.9618,-0.7636
1.3369,-0.7468,1.5322,-0.1841,1.6896,-0.4259,2.4527,-0.7793,1.4054,-0.5853,0.7257,-0.978,-0.9058,-0.8801,0.9618,-0.7636
1.3369,-0.7468,1.5483,-0.195,1.6904,-0.4356,2.4873,-0.7973,1.4494,-0.6008,0.7217,-0.9585,-0.887,-0.8819,0.9882,-0.7646
1.3369,-0.7468,1.5483,-0.195,1.6904,-0.4356,2.4873,-0.7973,1.4494,-0.6008,0.7217,-0.9585,-0.887,-0.8819,0.9882,-0.7646
1.3196,-0.7464,1.5304,-0.1938,1.6833,-0.4425,2.5073,-0.8103,1.4494,-0.6008,0.7178,-0.9597,-0.8942,-0.8842,0.9908,-0.7683
1.2996,-0.7422,1.5286,-0.2036,1.6763,-0.4493,2.5034,-0.8205,1.4494,-0.6008,0.7084,-0.9667,-0.8897,-0.8907,0.9865,-0.7696
1.2996,-0.7422,1.5286,-0.2036,1.6763,-0.4493,2.5034,-0.8205,1.4494,-0.6008,0.7084,-0.9667,-0.8897,-0.8907,0.9865,-0.7696
1.2996,-0.7422,1.5286,-0.2036,1.6763,-0.4493,2.5034,-0.8205,1.4494,-0.6008,0.7084,-0.9667,-0.8897,-0.8907,0.9865,-0.7696
1.2996,-0.7422,1.5286,-0.2036,1.6763,-0.4493,2.5034,-0.8205,1.4494,-0.6008,0.7084,-0.9667,-0.8897,-0.8907,0.9865,-0.7696
1.277,-0.7342,1.5107,-0.2024,1.6692,-0.4562,2.4941,-0.8231,1.4764,-0.6398,0.6975,-0.9783,-0.9041,-0.8953,0.9737,-0.7734
1.277,-0.7342,1.5107,-0.2024,1.6692,-0.4562,2.4941,-0.8231,1.4764,-0.6398,0.6975,-0.9783,-0.9041,-0.8953,0.9737,-0.7734
1.2371,-0.7259,1.4863,-0.2041,1.6366,-0.4603,2.4263,-0.8049,1.4054,-0.5853,0.696,-1.0036,-0.8791,-0.9186,0.955,-0.7836
1.2371,-0.7259,1.4863,-0.2041,1.6366,-0.4603,2.4263,-0.8049,1.4054,-0.5853,0.696,-1.0036,-0.8791,-0.9186,0.955,-0.7836
1.2251,-0.7332,1.4732,-0.2098,1.6218,-0.4644,2.3826,-0.7895,1.3614,-0.5698,0.6866,-1.0106,-0.8702,-0.9314,0.9423,-0.7874
1.2251,-0.7332,1.4732,-0.2098,1.6218,-0.4644,2.3826,-0.7895,1.3614,-0.5698,0.6866,-1.0106,-0.8702,-0.9314,0.9423,-0.7874
1.2251,-0.7332,1.4732,-0.2098,1.6218,-0.4644,2.3826,-0.7895,1.3614,-0.5698,0.6866,-1.0106,-0.8702,-0.9314,0.9423,-0.7874
1.2158,-0.7443,1.4761,-0.2263,1.5991,-0.4658,2.3496,-0.7895,1.3614,-0.5698,0.6812,-1.0164,-0.8586,-0.9356,0.9406,-0.7924
1.2158,-0.7443,1.4761,-0.2263,1.5991,-0.4658,2.3496,-0.7895,1.3614,-0.5698,0.6812,-1.0164,-0.8586,-0.9356,0.9406,-0.7924
1.1942,-0.7539,1.4678,-0.2388,1.5794,-0.4713,2.3075,-0.7921,1.3176,-0.5543,0.6757,-1.0221,-0.8658,-0.9378,0.9295,-0.7913
1.1942,-0.7539,1.4678,-0.2388,1.5794,-0.4713,2.3075,-0.7921,1.3176,-0.5543,0.6757,-1.0221,-0.8658,-0.9378,0.9295,-0.7913
1.1822,-0.7611,1.4772,-0.2525,1.5618,-0.4713,2.3037,-0.8023,1.2467,-0.4997,0.6718,-1.0233,-0.8863,-0.9209,0.9295,-0.7913
1.1822,-0.7611,1.4772,-0.2525,1.5618,-0.4713,2.3037,-0.8023,1.2467,-0.4997,0.6718,-1.0233,-0.8863,-0.9209,0.9295,-0.7913
1.1774,-0.7623,1.4885,-0.2565,1.5519,-0.474,2.2945,-0.8049,1.2467,-0.4997,0.6601,-1.0269,-0.9096,-0.9127,0.9185,-0.7902
1.1752,-0.7673,1.4885,-0.2565,1.5421,-0.4767,2.2999,-0.8126,1.2905,-0.5152,0.6547,-1.0327,-0.9346,-0.8893,0.9075,-0.789
1.1752,-0.7673,1.4885,-0.2565,1.5421,-0.4767,2.2999,-0.8126,1.2905,-0.5152,0.6547,-1.0327,-0.9346,-0.8893,0.9075,-0.789
1.1729,-0.7722,1.4612,-0.2417,1.5245,-0.4767,2.3052,-0.8202,1.3343,-0.5307,0.643,-1.0362,-0.9623,-0.8747,0.8948,-0.7929
1.1729,-0.7722,1.4612,-0.2417,1.5245,-0.4767,2.3052,-0.8202,1.3343,-0.5307,0.643,-1.0362,-0.9623,-0.8747,0.8948,-0.7929
1.1729,-0.7722,1.4612,-0.2417,1.5245,-0.4767,2.3052,-0.8202,1.3343,-0.5307,0.643,-1.0362,-0.9623,-0.8747,0.8948,-0.7929
1.1707,-0.7771,1.434,-0.2269,1.5098,-0.4808,2.296,-0.8228,1.4663,-0.5773,0.625,-1.0376,-0.9926,-0.8688,0.8821,-0.7967
1.1707,-0.7771,1.434,-0.2269,1.5098,-0.4808,2.296,-0.8228,1.4663,-0.5773,0.625,-1.0376,-0.9926,-0.8688,0.8821,-0.7967
1.1707,-0.7771,1.434,-0.2269,1.5098,-0.4808,2.296,-0.8228,1.4663,-0.5773,0.625,-1.0376,-0.9926,-0.8688,0.8821,-0.7967
1.1637,-0.7832,1.402,-0.2053,1.4902,-0.4863,2.3067,-0.8381,1.5819,-0.6476,0.6071,-1.0389,-1.0069,-0.8735,0.8652,-0.8019
1.1637,-0.7832,1.402,-0.2053,1.4902,-0.4863,2.3067,-0.8381,1.5819,-0.6476,0.6071,-1.0389,-1.0069,-0.8735,0.8652,-0.8019
1.1637,-0.7832,1.402,-0.2053,1.4902,-0.4863,2.3067,-0.8381,1.5819,-0.6476,0.6071,-1.0389,-1.0069,-0.8735,0.8652,-0.8019
1.1395,-0.789,1.3571,-0.1894,1.4482,-0.4932,2.2739,-0.8381,1.5475,-0.6943,0.5613,-1.0406,-1.0194,-0.8932,0.8534,-0.8144
1.1395,-0.789,1.3571,-0.1894,1.4482,-0.4932,2.2739,-0.8381,1.5475,-0.6943,0.5613,-1.0406,-1.0194,-0.8932,0.8534,-0.8144
1.1127,-0.791,1.333,-0.1912,1.4162,-0.4973,2.2412,-0.8381,1.4764,-0.6398,0.5396,-1.0432,-1.0408,-0.9002,0.8543,-0.823
1.1127,-0.791,1.333,-0.1912,1.4162,-0.4973,2.2412,-0.8381,1.4764,-0.6398,0.5396,-1.0432,-1.0408,-0.9002,0.8543,-0.823
1.093,-0.7868,1.3265,-0.1941,1.4016,-0.5014,2.2124,-0.8279,1.3343,-0.5307,0.5203,-1.0491,-1.0506,-0.9111,0.8509,-0.8329
1.093,-0.7868,1.3265,-0.1941,1.4016,-0.5014,2.2124,-0.8279,1.3343,-0.5307,0.5203,-1.0491,-1.0506,-0.9111,0.8509,-0.8329
1.0759,-0.7865,1.3071,-0.2027,1.3898,-0.5096,2.1836,-0.8178,1.2087,-0.3973,0.4925,-1.0495,-1.0489,-0.9262,0.8383,-0.8367
1.0759,-0.7865,1.3071,-0.2027,1.3898,-0.5096,2.1836,-0.8178,1.2087,-0.3973,0.4925,-1.0495,-1.0489,-0.9262,0.8383,-0.8367
1.0541,-0.7874,1.2989,-0.2152,1.3781,-0.5178,2.1457,-0.8102,1.1977,-0.3337,0.4748,-1.0509,-1.056,-0.9285,0.8096,-0.8321
1.0541,-0.7874,1.2989,-0.2152,1.3781,-0.5178,2.1457,-0.8102,1.1977,-0.3337,0.4748,-1.0509,-1.056,-0.9285,0.8096,-0.8321
1.0297,-0.7844,1.286,-0.2209,1.3664,-0.5259,2.1223,-0.8077,1.1539,-0.3182,0.4494,-1.0546,-1.0702,-0.9331,0.7743,-0.8252
1.0297,-0.7844,1.286,-0.2209,1.3664,-0.5259,2.1223,-0.8077,1.1539,-0.3182,0.4494,-1.0546,-1.0702,-0.9331,0.7743,-0.8252
1.0127,-0.7841,1.2796,-0.2237,1.3672,-0.5354,2.108,-0.8026,1.1814,-0.3578,0.4278,-1.0572,-1.0773,-0.9354,0.7415,-0.8219
1.0127,-0.7841,1.2796,-0.2237,1.3672,-0.5354,2.108,-0.8026,1.1814,-0.3578,0.4278,-1.0572,-1.0773,-0.9354,0.7415,-0.8219
0.9957,-0.7838,1.2667,-0.2294,1.3526,-0.5395,2.0899,-0.8077,1.165,-0.3818,0.4064,-1.0597,-1.0915,-0.94,0.713,-0.8173
0.9957,-0.7838,1.2667,-0.2294,1.3526,-0.5395,2.0899,-0.8077,1.165,-0.3818,0.4064,-1.0597,-1.0915,-0.94,0.713,-0.8173
0.9861,-0.7861,1.2491,-0.2283,1.3325,-0.5355,2.0719,-0.8129,1.1595,-0.4689,0.3911,-1.0645,-1.1057,-0.9446,0.6846,-0.8128
0.9861,-0.7861,1.2491,-0.2283,1.3325,-0.5355,2.0719,-0.8129,1.1595,-0.4689,0.3911,-1.0645,-1.1057,-0.9446,0.6846,-0.8128
0.9983,-0.7876,1.2667,-0.2294,1.3413,-0.5232,2.0862,-0.818,1.1537,-0.5551,0.3919,-1.0724,-1.1154,-0.9555,0.6604,-0.807
0.9983,-0.7876,1.2667,-0.2294,1.3413,-0.5232,2.0862,-0.818,1.1537,-0.5551,0.3919,-1.0724,-1.1154,-0.9555,0.6604,-0.807
0.9983,-0.7876,1.2667,-0.2294,1.3413,-0.5232,2.0862,-0.818,1.1537,-0.5551,0.3919,-1.0724,-1.1154,-0.9555,0.6604,-0.807
1.0222,-0.7818,1.2843,-0.2305,1.3647,-0.5069,2.1043,-0.8128,1.1208,-0.602,0.4118,-1.0744,-1.1225,-0.9578,0.6537,-0.8046
1.0222,-0.7818,1.2843,-0.2305,1.3647,-0.5069,2.1043,-0.8128,1.1208,-0.602,0.4118,-1.0744,-1.1225,-0.9578,0.6537,-0.8046
1.0222,-0.7818,1.2843,-0.2305,1.3647,-0.5069,2.1043,-0.8128,1.1208,-0.602,0.4118,-1.0744,-1.1225,-0.9578,0.6537,-0.8046
1.1364,-0.7765,1.3678,-0.2292,1.4499,-0.4535,2.2055,-0.8024,1.1908,-0.6559,0.5282,-1.0672,-1.08,-0.9441,0.7263,-0.7999
1.1364,-0.7765,1.3678,-0.2292,1.4499,-0.4535,2.2055,-0.8024,1.1908,-0.6559,0.5282,-1.0672,-1.08,-0.9441,0.7263,-0.7999
1.1364,-0.7765,1.3678,-0.2292,1.4499,-0.4535,2.2055,-0.8024,1.1908,-0.6559,0.5282,-1.0672,-1.08,-0.9441,0.7263,-0.7999
1.2051,-0.7778,1.4097,-0.2286,1.5037,-0.4383,2.2564,-0.7972,1.2675,-0.6246,0.5808,-1.0552,-1.0445,-0.9326,0.78,-0.7968
1.2051,-0.7778,1.4097,-0.2286,1.5037,-0.4383,2.2564,-0.7972,1.2675,-0.6246,0.5808,-1.0552,-1.0445,-0.9326,0.78,-0.7968
1.2051,-0.7778,1.4097,-0.2286,1.5037,-0.4383,2.2564,-0.7972,1.2675,-0.6246,0.5808,-1.0552,-1.0445,-0.9326,0.78,-0.7968
1.3083,-0.7712,1.4619,-0.2058,1.5931,-0.4231,2.3443,-0.7818,1.3278,-0.6167,0.6515,-1.0213,-0.999,-0.9101,0.8685,-0.792
1.3083,-0.7712,1.4619,-0.2058,1.5931,-0.4231,2.3443,-0.7818,1.3278,-0.6167,0.6515,-1.0213,-0.999,-0.9101,0.8685,-0.792
1.3083,-0.7712,1.4619,-0.2058,1.5931,-0.4231,2.3443,-0.7818,1.3278,-0.6167,0.6515,-1.0213,-0.999,-0.9101,0.8685,-0.792
1.3279,-0.7666,1.475,-0.2001,1.6157,-0.4217,2.3772,-0.7818,1.3009,-0.5778,0.6717,-1.0027,-0.9704,-0.9009,0.9075,-0.789
1.3351,-0.7605,1.4768,-0.1904,1.6334,-0.4217,2.4249,-0.787,1.3343,-0.5307,0.6865,-0.9899,-0.9632,-0.8986,0.927,-0.7876
1.3351,-0.7605,1.4768,-0.1904,1.6334,-0.4217,2.4249,-0.787,1.3343,-0.5307,0.6865,-0.9899,-0.9632,-0.8986,0.927,-0.7876
1.3351,-0.7605,1.4768,-0.1904,1.6334,-0.4217,2.4249,-0.787,1.3343,-0.5307,0.6865,-0.9899,-0.9632,-0.8986,0.927,-0.7876
1.3373,-0.7556,1.4881,-0.1944,1.6413,-0.4245,2.4688,-0.8025,1.3511,-0.507,0.6983,-0.9864,-0.9605,-0.8899,0.9465,-0.7861
1.3294,-0.7441,1.4833,-0.1876,1.652,-0.4314,2.5073,-0.8103,1.3511,-0.507,0.7093,-0.9954,-0.9605,-0.8899,0.9559,-0.7922
1.3294,-0.7441,1.4833,-0.1876,1.652,-0.4314,2.5073,-0.8103,1.3511,-0.507,0.7093,-0.9954,-0.9605,-0.8899,0.9559,-0.7922
1.3192,-0.7376,1.4833,-0.1876,1.6577,-0.4397,2.4927,-0.8051,1.3238,-0.4677,0.714,-1.0022,-0.9373,-0.8981,0.9601,-0.7909
1.3192,-0.7376,1.4833,-0.1876,1.6577,-0.4397,2.4927,-0.8051,1.3238,-0.4677,0.714,-1.0022,-0.9373,-0.8981,0.9601,-0.7909
1.2969,-0.7384,1.4815,-0.1973,1.6457,-0.4479,2.4541,-0.7973,1.3511,-0.507,0.7109,-1.0114,-0.914,-0.9063,0.9559,-0.7922
1.2969,-0.7384,1.4815,-0.1973,1.6457,-0.4479,2.4541,-0.7973,1.3511,-0.507,0.7109,-1.0114,-0.914,-0.9063,0.9559,-0.7922
1.2969,-0.7384,1.4815,-0.1973,1.6457,-0.4479,2.4541,-0.7973,1.3511,-0.507,0.7109,-1.0114,-0.914,-0.9063,0.9559,-0.7922
1.2725,-0.7442,1.4779,-0.2167,1.621,-0.4548,2.3865,-0.7792,1.3678,-0.4833,0.7117,-1.0194,-0.8979,-0.9168,0.9516,-0.7935
1.2507,-0.7538,1.4696,-0.2292,1.5913,-0.463,2.3297,-0.7766,1.3343,-0.5307,0.7008,-1.031,-0.9007,-0.9255,0.9389,-0.7974
1.2507,-0.7538,1.4696,-0.2292,1.5913,-0.463,2.3297,-0.7766,1.3343,-0.5307,0.7008,-1.031,-0.9007,-0.9255,0.9389,-0.7974
1.2463,-0.7637,1.4856,-0.24,1.5815,-0.4658,2.306,-0.7741,1.3614,-0.5698,0.6914,-1.0379,-0.9284,-0.9109,0.9262,-0.8012
1.2463,-0.7637,1.4856,-0.24,1.5815,-0.4658,2.306,-0.7741,1.3614,-0.5698,0.6914,-1.0379,-0.9284,-0.9109,0.9262,-0.8012
1.2365,-0.766,1.4903,-0.2468,1.5716,-0.4685,2.2877,-0.7792,1.3614,-0.5698,0.6797,-1.0415,-0.9561,-0.8963,0.9202,-0.8075
1.2365,-0.766,1.4903,-0.2468,1.5716,-0.4685,2.2877,-0.7792,1.3614,-0.5698,0.6797,-1.0415,-0.9561,-0.8963,0.9202,-0.8075
1.2365,-0.766,1.4903,-0.2468,1.5716,-0.4685,2.2877,-0.7792,1.3614,-0.5698,0.6797,-1.0415,-0.9561,-0.8963,0.9202,-0.8075
1.2268,-0.7683,1.4838,-0.2496,1.5589,-0.4671,2.2785,-0.7818,1.4054,-0.5853,0.6656,-1.0417,-0.9766,-0.8793,0.905,-0.8076
1.2268,-0.7683,1.4838,-0.2496,1.5589,-0.4671,2.2785,-0.7818,1.4054,-0.5853,0.6656,-1.0417,-0.9766,-0.8793,0.905,-0.8076
1.2268,-0.7683,1.4838,-0.2496,1.5589,-0.4671,2.2785,-0.7818,1.4054,-0.5853,0.6656,-1.0417,-0.9766,-0.8793,0.905,-0.8076
1.2294,-0.7721,1.463,-0.232,1.5511,-0.4644,2.2839,-0.7895,1.5548,-0.6086,0.6492,-1.0384,-1.0015,-0.856,0.8923,-0.8115
1.2294,-0.7721,1.463,-0.232,1.5511,-0.4644,2.2839,-0.7895,1.5548,-0.6086,0.6492,-1.0384,-1.0015,-0.856,0.8923,-0.8115
1.2294,-0.7721,1.463,-0.232,1.5511,-0.4644,2.2839,-0.7895,1.5548,-0.6086,0.6492,-1.0384,-1.0015,-0.856,0.8923,-0.8115
1.2272,-0.777,1.4358,-0.2172,1.5335,-0.4644,2.2602,-0.787,1.6609,-0.6165,0.6367,-1.034,-1.0015,-0.856,0.8855,-0.8091
1.2272,-0.777,1.4358,-0.2172,1.5335,-0.4644,2.2602,-0.787,1.6609,-0.6165,0.6367,-1.034,-1.0015,-0.856,0.8855,-0.8091
1.2152,-0.7843,1.3878,-0.1848,1.5167,-0.474,2.2222,-0.7793,1.795,-0.6638,0.604,-1.0276,-0.998,-0.8863,0.8686,-0.8142
1.2152,-0.7843,1.3878,-0.1848,1.5167,-0.474,2.2222,-0.7793,1.795,-0.6638,0.604,-1.0276,-0.998,-0.8863,0.8686,-0.8142
1.2152,-0.7843,1.3878,-0.1848,1.5167,-0.474,2.2222,-0.7793,1.795,-0.6638,0.604,-1.0276,-0.998,-0.8863,0.8686,-0.8142
1.2007,-0.7877,1.3654,-0.1769,1.4971,-0.4795,2.2131,-0.7819,1.8045,-0.7263,0.5884,-1.0323,-1.0079,-0.8973,0.8492,-0.8156
1.2007,-0.7877,1.3654,-0.1769,1.4971,-0.4795,2.2131,-0.7819,1.8045,-0.7263,0.5884,-1.0323,-1.0079,-0.8973,0.8492,-0.8156
1.1861,-0.7912,1.3589,-0.1798,1.4747,-0.4808,2.2093,-0.7921,1.7598,-0.7105,0.5729,-1.0371,-1.0106,-0.906,0.85,-0.8243
1.1861,-0.7912,1.3589,-0.1798,1.4747,-0.4808,2.2093,-0.7921,1.7598,-0.7105,0.5729,-1.0371,-1.0106,-0.906,0.85,-0.8243
1.1689,-0.7908,1.3571,-0.1894,1.4552,-0.4863,2.2055,-0.8024,1.6436,-0.6399,0.566,-1.0474,-1.0248,-0.9106,0.8509,-0.8329
1.1689,-0.7908,1.3571,-0.1894,1.4552,-0.4863,2.2055,-0.8024,1.6436,-0.6399,0.566,-1.0474,-1.0248,-0.9106,0.8509,-0.8329
1.1544,-0.7943,1.3442,-0.1952,1.4434,-0.4945,2.2017,-0.8126,1.5004,-0.5301,0.5529,-1.0555,-1.0275,-0.9193,0.845,-0.8391
1.1544,-0.7943,1.3442,-0.1952,1.4434,-0.4945,2.2017,-0.8126,1.5004,-0.5301,0.5529,-1.0555,-1.0275,-0.9193,0.845,-0.8391
1.1399,-0.7977,1.3359,-0.2077,1.4239,-0.5,2.1836,-0.8178,1.3464,-0.3563,0.535,-1.0569,-1.0116,-0.9298,0.8324,-0.8429
1.1399,-0.7977,1.3359,-0.2077,1.4239,-0.5,2.1836,-0.8178,1.3464,-0.3563,0.535,-1.0569,-1.0116,-0.9298,0.8324,-0.8429
1.1254,-0.8011,1.3295,-0.2106,1.417,-0.5068,2.1798,-0.828,1.1751,-0.2054,0.5158,-1.0628,-1.0187,-0.9321,0.813,-0.8444
1.1254,-0.8011,1.3295,-0.2106,1.417,-0.5068,2.1798,-0.828,1.1751,-0.2054,0.5158,-1.0628,-1.0187,-0.9321,0.813,-0.8444
1.1254,-0.8011,1.3295,-0.2106,1.417,-0.5068,2.1798,-0.828,1.1751,-0.2054,0.5158,-1.0628,-1.0187,-0.9321,0.813,-0.8444
1.1035,-0.802,1.3165,-0.2163,1.3975,-0.5123,2.1616,-0.8331,1.0594,-0.1342,0.4926,-1.0699,-1.0401,-0.939,0.7853,-0.8484
1.1035,-0.802,1.3165,-0.2163,1.3975,-0.5123,2.1616,-0.8331,1.0594,-0.1342,0.4926,-1.0699,-1.0401,-0.939,0.7853,-0.8484
1.0523,-0.801,1.2796,-0.2237,1.3538,-0.5246,2.1111,-0.8383,0.9718,-0.1033,0.4495,-1.075,-1.0499,-0.9499,0.74,-0.8489
1.0523,-0.801,1.2796,-0.2237,1.3538,-0.5246,2.1111,-0.8383,0.9718,-0.1033,0.4495,-1.075,-1.0499,-0.9499,0.74,-0.8489
1.0305,-0.8018,1.2667,-0.2294,1.3345,-0.53,2.0878,-0.8358,0.9877,-0.0786,0.428,-1.0775,-1.0499,-0.9499,0.7182,-0.8467
1.0305,-0.8018,1.2667,-0.2294,1.3345,-0.53,2.0878,-0.8358,0.9877,-0.0786,0.428,-1.0775,-1.0499,-0.9499,0.7182,-0.8467
1.0114,-0.8064,1.2427,-0.2312,1.3152,-0.5355,2.0608,-0.8434,0.9837,-0.168,0.4088,-1.0835,-1.0827,-0.9527,0.6882,-0.8471
1.0114,-0.8064,1.2427,-0.2312,1.3152,-0.5355,2.0608,-0.8434,0.9837,-0.168,0.4088,-1.0835,-1.0827,-0.9527,0.6882,-0.8471
0.997,-0.8099,1.2251,-0.2301,1.3055,-0.5382,2.0375,-0.841,0.9678,-0.1925,0.3912,-1.0848,-1.0969,-0.9573,0.664,-0.8413
0.997,-0.8099,1.2251,-0.2301,1.3055,-0.5382,2.0375,-0.841,0.9678,-0.1925,0.3912,-1.0848,-1.0969,-0.9573,0.664,-0.8413
0.997,-0.8099,1.2251,-0.2301,1.3055,-0.5382,2.0375,-0.841,0.9678,-0.1925,0.3912,-1.0848,-1.0969,-0.9573,0.664,-0.8413
0.9944,-0.8061,1.2298,-0.2369,1.3152,-0.5355,2.018,-0.8283,1.0342,-0.3357,0.3836,-1.0872,-1.1225,-0.9578,0.6439,-0.8342
1.0135,-0.8015,1.241,-0.2408,1.3413,-0.5232,2.0164,-0.8106,1.0725,-0.4382,0.3974,-1.087,-1.134,-0.9538,0.6363,-0.8233
1.0135,-0.8015,1.241,-0.2408,1.3413,-0.5232,2.0164,-0.8106,1.0725,-0.4382,0.3974,-1.087,-1.134,-0.9538,0.6363,-0.8233
1.0545,-0.7961,1.2714,-0.2362,1.3898,-0.5096,2.0523,-0.8002,1.1103,-0.5398,0.4365,-1.0831,-1.1384,-0.9474,0.6504,-0.8145
1.0545,-0.7961,1.2714,-0.2362,1.3898,-0.5096,2.0523,-0.8002,1.1103,-0.5398,0.4365,-1.0831,-1.1384,-0.9474,0.6504,-0.8145
1.0545,-0.7961,1.2714,-0.2362,1.3898,-0.5096,2.0523,-0.8002,1.1103,-0.5398,0.4365,-1.0831,-1.1384,-0.9474,0.6504,-0.8145
1.0545,-0.7961,1.2714,-0.2362,1.3898,-0.5096,2.0523,-0.8002,1.1103,-0.5398,0.4365,-1.0831,-1.1384,-0.9474,0.6504,-0.8145
1.1101,-0.7872,1.3148,-0.2259,1.4454,-0.4891,2.1064,-0.7847,1.1044,-0.6254,0.4834,-1.0768,-1.1242,-0.9428,0.677,-0.8018
1.1101,-0.7872,1.3148,-0.2259,1.4454,-0.4891,2.1064,-0.7847,1.1044,-0.6254,0.4834,-1.0768,-1.1242,-0.9428,0.677,-0.8018
1.1659,-0.7783,1.3583,-0.2156,1.4935,-0.4658,2.1608,-0.7692,1.1577,-0.7023,0.5444,-1.0704,-1.1118,-0.9232,0.7171,-0.7939
1.1659,-0.7783,1.3583,-0.2156,1.4935,-0.4658,2.1608,-0.7692,1.1577,-0.7023,0.5444,-1.0704,-1.1118,-0.9232,0.7171,-0.7939
1.1659,-0.7783,1.3583,-0.2156,1.4935,-0.4658,2.1608,-0.7692,1.1577,-0.7023,0.5444,-1.0704,-1.1118,-0.9232,0.7171,-0.7939
1.2587,-0.7652,1.4263,-0.2036,1.5713,-0.4341,2.248,-0.7536,1.1577,-0.7023,0.6555,-1.0611,-1.0781,-0.8966,0.8052,-0.789
1.2587,-0.7652,1.4263,-0.2036,1.5713,-0.4341,2.248,-0.7536,1.1577,-0.7023,0.6555,-1.0611,-1.0781,-0.8966,0.8052,-0.789
1.3008,-0.7686,1.4554,-0.2087,1.5931,-0.4231,2.2808,-0.7535,1.1743,-0.6791,0.6954,-1.0573,-1.0453,-0.8938,0.8398,-0.7874
1.3008,-0.7686,1.4554,-0.2087,1.5931,-0.4231,2.2808,-0.7535,1.1743,-0.6791,0.6954,-1.0573,-1.0453,-0.8938,0.8398,-0.7874
1.3457,-0.7758,1.4732,-0.2098,1.6079,-0.4189,2.3045,-0.7561,1.2342,-0.6712,0.7212,-1.0536,-1.0239,-0.8868,0.8702,-0.787
1.3457,-0.7758,1.4732,-0.2098,1.6079,-0.4189,2.3045,-0.7561,1.2342,-0.6712,0.7212,-1.0536,-1.0239,-0.8868,0.8702,-0.787
1.3782,-0.7815,1.4863,-0.2041,1.6207,-0.4203,2.3229,-0.7509,1.2842,-0.6012,0.7322,-1.0421,-0.998,-0.8863,0.9032,-0.7903
1.3782,-0.7815,1.4863,-0.2041,1.6207,-0.4203,2.3229,-0.7509,1.2842,-0.6012,0.7322,-1.0421,-0.998,-0.8863,0.9032,-0.7903
1.3755,-0.7777,1.4815,-0.1973,1.6157,-0.4217,2.3573,-0.7689,1.3885,-0.6087,0.7329,-1.0295,-0.9677,-0.8922,0.9321,-0.795
1.3627,-0.7674,1.4928,-0.2013,1.6215,-0.43,2.3957,-0.7766,1.4054,-0.5853,0.7258,-1.0193,-0.9605,-0.8899,0.9499,-0.7985
1.3627,-0.7674,1.4928,-0.2013,1.6215,-0.43,2.3957,-0.7766,1.4054,-0.5853,0.7258,-1.0193,-0.9605,-0.8899,0.9499,-0.7985
1.3423,-0.7544,1.4928,-0.2013,1.6194,-0.4355,2.4103,-0.7818,1.4324,-0.6243,0.7117,-1.0194,-0.9561,-0.8963,0.9482,-0.8034
1.3423,-0.7544,1.4928,-0.2013,1.6194,-0.4355,2.4103,-0.7818,1.4324,-0.6243,0.7117,-1.0194,-0.9561,-0.8963,0.9482,-0.8034
1.3423,-0.7544,1.4928,-0.2013,1.6194,-0.4355,2.4103,-0.7818,1.4324,-0.6243,0.7117,-1.0194,-0.9561,-0.8963,0.9482,-0.8034
1.3423,-0.7544,1.4928,-0.2013,1.6194,-0.4355,2.4103,-0.7818,1.4324,-0.6243,0.7117,-1.0194,-0.9561,-0.8963,0.9482,-0.8034
1.3147,-0.7476,1.475,-0.2001,1.6074,-0.4438,2.3865,-0.7792,1.4054,-0.5853,0.7,-1.023,-0.9632,-0.8986,0.9329,-0.8036
1.3147,-0.7476,1.475,-0.2001,1.6074,-0.4438,2.3865,-0.7792,1.4054,-0.5853,0.7,-1.023,-0.9632,-0.8986,0.9329,-0.8036
1.3147,-0.7476,1.475,-0.2001,1.6074,-0.4438,2.3865,-0.7792,1.4054,-0.5853,0.7,-1.023,-0.9632,-0.8986,0.9329,-0.8036
1.3026,-0.7548,1.4572,-0.199,1.5926,-0.4479,2.3428,-0.7638,1.3782,-0.5462,0.6883,-1.0266,-0.9472,-0.9091,0.9194,-0.7988
1.3026,-0.7548,1.4572,-0.199,1.5926,-0.4479,2.3428,-0.7638,1.3782,-0.5462,0.6883,-1.0266,-0.9472,-0.9091,0.9194,-0.7988
1.2715,-0.7755,1.4583,-0.2252,1.5532,-0.4589,2.2572,-0.751,1.3885,-0.6087,0.6508,-1.0338,-0.9455,-0.9242,0.8846,-0.8004
1.2715,-0.7755,1.4583,-0.2252,1.5532,-0.4589,2.2572,-0.751,1.3885,-0.6087,0.6508,-1.0338,-0.9455,-0.9242,0.8846,-0.8004
1.2621,-0.7865,1.45,-0.2377,1.5335,-0.4644,2.2298,-0.7588,1.3885,-0.6087,0.6453,-1.0396,-0.9526,-0.9265,0.8762,-0.803
1.2621,-0.7865,1.45,-0.2377,1.5335,-0.4644,2.2298,-0.7588,1.3885,-0.6087,0.6453,-1.0396,-0.9526,-0.9265,0.8762,-0.803
1.2621,-0.7865,1.45,-0.2377,1.5335,-0.4644,2.2298,-0.7588,1.3885,-0.6087,0.6453,-1.0396,-0.9526,-0.9265,0.8762,-0.803
1.2647,-0.7903,1.4452,-0.2309,1.5258,-0.4616,2.2207,-0.7614,1.3614,-0.5698,0.6461,-1.0476,-0.9687,-0.916,0.8677,-0.8056
1.2647,-0.7903,1.4452,-0.2309,1.5258,-0.4616,2.2207,-0.7614,1.3614,-0.5698,0.6461,-1.0476,-0.9687,-0.916,0.8677,-0.8056
1.2647,-0.7903,1.4452,-0.2309,1.5258,-0.4616,2.2207,-0.7614,1.3614,-0.5698,0.6461,-1.0476,-0.9687,-0.916,0.8677,-0.8056
1.2576,-0.7964,1.4038,-0.1956,1.5033,-0.463,2.2024,-0.7665,1.5205,-0.6554,0.6267,-1.0535,-1.0034,-0.9037,0.8441,-0.8083
1.2576,-0.7964,1.4038,-0.1956,1.5033,-0.463,2.2024,-0.7665,1.5205,-0.6554,0.6267,-1.0535,-1.0034,-0.9037,0.8441,-0.8083
1.2576,-0.7964,1.4038,-0.1956,1.5033,-0.463,2.2024,-0.7665,1.5205,-0.6554,0.6267,-1.0535,-1.0034,-0.9037,0.8441,-0.8083
1.2426,-0.7911,1.3783,-0.1712,1.4906,-0.4617,2.2024,-0.7665,1.4935,-0.6164,0.6165,-1.0525,-1.0221,-0.9019,0.8424,-0.8133
1.2426,-0.7911,1.3783,-0.1712,1.4906,-0.4617,2.2024,-0.7665,1.4935,-0.6164,0.6165,-1.0525,-1.0221,-0.9019,0.8424,-0.8133
1.2426,-0.7911,1.3783,-0.1712,1.4906,-0.4617,2.2024,-0.7665,1.4935,-0.6164,0.6165,-1.0525,-1.0221,-0.9019,0.8424,-0.8133
1.2081,-0.7904,1.3429,-0.169,1.4487,-0.4685,2.1949,-0.7871,1.4223,-0.5617,0.5847,-1.054,-1.0435,-0.9088,0.8349,-0.8244
1.2081,-0.7904,1.3429,-0.169,1.4487,-0.4685,2.1949,-0.7871,1.4223,-0.5617,0.5847,-1.054,-1.0435,-0.9088,0.8349,-0.8244
1.2081,-0.7904,1.3429,-0.169,1.4487,-0.4685,2.1949,-0.7871,1.4223,-0.5617,0.5847,-1.054,-1.0435,-0.9088,0.8349,-0.8244
1.1883,-0.7862,1.3412,-0.1787,1.4495,-0.4781,2.1805,-0.782,1.3511,-0.507,0.5692,-1.0587,-1.0577,-0.9135,0.829,-0.8307
1.1738,-0.7897,1.333,-0.1912,1.4405,-0.4904,2.1623,-0.7871,1.2526,-0.4128,0.549,-1.0567,-1.0533,-0.9198,0.8206,-0.8332
1.1738,-0.7897,1.333,-0.1912,1.4405,-0.4904,2.1623,-0.7871,1.2526,-0.4128,0.549,-1.0567,-1.0533,-0.9198,0.8206,-0.8332
1.1738,-0.7897,1.333,-0.1912,1.4405,-0.4904,2.1623,-0.7871,1.2526,-0.4128,0.549,-1.0567,-1.0533,-0.9198,0.8206,-0.8332
1.1443,-0.7878,1.3424,-0.2048,1.421,-0.4959,2.1533,-0.7897,1.2031,-0.4843,0.5282,-1.0672,-1.0702,-0.9331,0.7835,-0.8312
1.1443,-0.7878,1.3424,-0.2048,1.421,-0.4959,2.1533,-0.7897,1.2031,-0.4843,0.5282,-1.0672,-1.0702,-0.9331,0.7835,-0.8312
1.1443,-0.7878,1.3424,-0.2048,1.421,-0.4959,2.1533,-0.7897,1.2031,-0.4843,0.5282,-1.0672,-1.0702,-0.9331,0.7835,-0.8312
1.1083,-0.8008,1.3148,-0.2259,1.3457,-0.4878,2.0884,-0.7899,1.088,-0.6486,0.4866,-1.0881,-1.134,-0.9538,0.7056,-0.8285
1.1083,-0.8008,1.3148,-0.2259,1.3457,-0.4878,2.0884,-0.7899,1.088,-0.6486,0.4866,-1.0881,-1.134,-0.9538,0.7056,-0.8285
1.1083,-0.8008,1.3148,-0.2259,1.3457,-0.4878,2.0884,-0.7899,1.088,-0.6486,0.4866,-1.0881,-1.134,-0.9538,0.7056,-0.8285
1.1013,-0.8069,1.3036,-0.222,1.3102,-0.4784,2.0794,-0.7925,1.0982,-0.7102,0.4673,-1.094,-1.1596,-0.9543,0.6755,-0.8289
1.1013,-0.8069,1.3036,-0.222,1.3102,-0.4784,2.0794,-0.7925,1.0982,-0.7102,0.4673,-1.094,-1.1596,-0.9543,0.6755,-0.8289
1.0776,-0.8213,1.2414,-0.2051,1.2515,-0.4854,2.0381,-0.7952,1.1146,-0.687,0.4235,-1.0912,-1.178,-0.9525,0.6372,-0.8319
1.0776,-0.8213,1.2414,-0.2051,1.2515,-0.4854,2.0381,-0.7952,1.1146,-0.687,0.4235,-1.0912,-1.178,-0.9525,0.6372,-0.8319
1.0558,-0.8221,1.2286,-0.2108,1.2275,-0.4922,2.0486,-0.8104,1.1743,-0.6791,0.3989,-1.0825,-1.1939,-0.9422,0.6223,-0.8321
1.0558,-0.8221,1.2286,-0.2108,1.2275,-0.4922,2.0486,-0.8104,1.1743,-0.6791,0.3989,-1.0825,-1.1939,-0.9422,0.6223,-0.8321
1.0558,-0.8221,1.2286,-0.2108,1.2275,-0.4922,2.0486,-0.8104,1.1743,-0.6791,0.3989,-1.0825,-1.1939,-0.9422,0.6223,-0.8321
1.0288,-0.8154,1.211,-0.2098,1.2111,-0.5018,2.0592,-0.8257,1.1908,-0.6559,0.3667,-1.0761,-1.2009,-0.9445,0.6124,-0.8396
1.0288,-0.8154,1.211,-0.2098,1.2111,-0.5018,2.0592,-0.8257,1.1908,-0.6559,0.3667,-1.0761,-1.2009,-0.9445,0.6124,-0.8396
1.0288,-0.8154,1.211,-0.2098,1.2111,-0.5018,2.0592,-0.8257,1.1908,-0.6559,0.3667,-1.0761,-1.2009,-0.9445,0.6124,-0.8396
0.9996,-0.8136,1.1871,-0.2116,1.1948,-0.5114,2.0217,-0.8182,1.1806,-0.5939,0.3514,-1.0809,-1.1895,-0.9485,0.6,-0.8434
0.9801,-0.8096,1.1854,-0.2212,1.19,-0.5127,1.9879,-0.8005,1.1806,-0.5939,0.3324,-1.0868,-1.1807,-0.9612,0.5875,-0.8472
0.9653,-0.8043,1.1837,-0.2308,1.192,-0.5073,1.9489,-0.7752,1.1641,-0.6173,0.3248,-1.0892,-1.1763,-0.9675,0.5726,-0.8475
0.9653,-0.8043,1.1837,-0.2308,1.192,-0.5073,1.9489,-0.7752,1.1641,-0.6173,0.3248,-1.0892,-1.1763,-0.9675,0.5726,-0.8475
0.9822,-0.8046,1.2059,-0.2386,1.2075,-0.4882,1.9436,-0.7676,1.1044,-0.6254,0.3385,-1.089,-1.1649,-0.9715,0.5768,-0.8462
0.9822,-0.8046,1.2059,-0.2386,1.2075,-0.4882,1.9436,-0.7676,1.1044,-0.6254,0.3385,-1.089,-1.1649,-0.9715,0.5768,-0.8462
0.9822,-0.8046,1.2059,-0.2386,1.2075,-0.4882,1.9436,-0.7676,1.1044,-0.6254,0.3385,-1.089,-1.1649,-0.9715,0.5768,-0.8462
1.0279,-0.798,1.2632,-0.2487,1.2651,-0.4717,1.9794,-0.7572,1.1208,-0.602,0.3828,-1.0793,-1.141,-0.956,0.6057,-0.8372
1.0279,-0.798,1.2632,-0.2487,1.2651,-0.4717,1.9794,-0.7572,1.1208,-0.602,0.3828,-1.0793,-1.141,-0.956,0.6057,-0.8372
1.086,-0.7929,1.3066,-0.2384,1.3279,-0.4537,2.0385,-0.7492,1.2074,-0.6326,0.441,-1.0695,-1.1216,-0.9342,0.6497,-0.828
1.086,-0.7929,1.3066,-0.2384,1.3279,-0.4537,2.0385,-0.7492,1.2074,-0.6326,0.441,-1.0695,-1.1216,-0.9342,0.6497,-0.828
1.1492,-0.7867,1.3342,-0.2174,1.3966,-0.444,2.1123,-0.7463,1.3379,-0.6787,0.4995,-1.0596,-1.0977,-0.9186,0.6938,-0.8188
1.1492,-0.7867,1.3342,-0.2174,1.3966,-0.444,2.1123,-0.7463,1.3379,-0.6787,0.4995,-1.0596,-1.0977,-0.9186,0.6938,-0.8188
1.2029,-0.7828,1.3666,-0.2031,1.4454,-0.4301,2.1773,-0.7461,1.4863,-0.7019,0.5582,-1.0498,-1.0622,-0.9071,0.7448,-0.812
1.2029,-0.7828,1.3666,-0.2031,1.4454,-0.4301,2.1773,-0.7461,1.4863,-0.7019,0.5582,-1.0498,-1.0622,-0.9071,0.7448,-0.812
1.2444,-0.7774,1.3766,-0.1809,1.4874,-0.4232,2.2336,-0.7485,1.5205,-0.6554,0.6009,-1.0367,-1.0337,-0.8978,0.796,-0.8052
1.2444,-0.7774,1.3766,-0.1809,1.4874,-0.4232,2.2336,-0.7485,1.5205,-0.6554,0.6009,-1.0367,-1.0337,-0.8978,0.796,-0.8052
1.2444,-0.7774,1.3766,-0.1809,1.4874,-0.4232,2.2336,-0.7485,1.5205,-0.6554,0.6009,-1.0367,-1.0337,-0.8978,0.796,-0.8052
1.2763,-0.7743,1.3913,-0.1654,1.5168,-0.4149,2.2701,-0.7381,1.5376,-0.632,0.6406,-1.0328,-1.0194,-0.8932,0.8441,-0.8083
1.2763,-0.7743,1.3913,-0.1654,1.5168,-0.4149,2.2701,-0.7381,1.5376,-0.632,0.6406,-1.0328,-1.0194,-0.8932,0.8441,-0.8083
1.2763,-0.7743,1.3913,-0.1654,1.5168,-0.4149,2.2701,-0.7381,1.5376,-0.632,0.6406,-1.0328,-1.0194,-0.8932,0.8441,-0.8083
1.2763,-0.7743,1.3913,-0.1654,1.5168,-0.4149,2.2701,-0.7381,1.5376,-0.632,0.6406,-1.0328,-1.0194,-0.8932,0.8441,-0.8083
1.3008,-0.7686,1.4138,-0.1734,1.5627,-0.4217,2.303,-0.738,1.3572,-0.42,0.6781,-1.0255,-0.998,-0.8863,0.9118,-0.81
1.3008,-0.7686,1.4138,-0.1734,1.5627,-0.4217,2.303,-0.738,1.3572,-0.42,0.6781,-1.0255,-0.998,-0.8863,0.9118,-0.81
1.3008,-0.7686,1.4138,-0.1734,1.5627,-0.4217,2.303,-0.738,1.3572,-0.42,0.6781,-1.0255,-0.998,-0.8863,0.9118,-0.81
1.2981,-0.7648,1.4138,-0.1734,1.5684,-0.43,2.2884,-0.7329,1.1751,-0.2054,0.6859,-1.0232,-0.982,-0.8968,0.927,-0.8099
1.2981,-0.7648,1.4138,-0.1734,1.5684,-0.43,2.2884,-0.7329,1.1751,-0.2054,0.6859,-1.0232,-0.982,-0.8968,0.927,-0.8099
1.2808,-0.7644,1.4121,-0.1831,1.5692,-0.4396,2.2594,-0.7226,1.0915,-0.0848,0.6757,-1.0221,-0.9748,-0.8945,0.9109,-0.8014
1.2808,-0.7644,1.4121,-0.1831,1.5692,-0.4396,2.2594,-0.7226,1.0915,-0.0848,0.6757,-1.0221,-0.9748,-0.8945,0.9109,-0.8014
1.2808,-0.7644,1.4121,-0.1831,1.5692,-0.4396,2.2594,-0.7226,1.0915,-0.0848,0.6757,-1.0221,-0.9748,-0.8945,0.9109,-0.8014
1.2688,-0.7716,1.3943,-0.182,1.5651,-0.4506,2.2449,-0.7175,1.0754,-0.1096,0.6601,-1.0269,-0.982,-0.8968,0.8821,-0.7967
1.2542,-0.7751,1.3926,-0.1917,1.561,-0.4616,2.2159,-0.7073,1.0594,-0.1342,0.6422,-1.0282,-0.9891,-0.8991,0.8575,-0.7908
1.2542,-0.7751,1.3926,-0.1917,1.561,-0.4616,2.2159,-0.7073,1.0594,-0.1342,0.6422,-1.0282,-0.9891,-0.8991,0.8575,-0.7908
1.2422,-0.7823,1.3796,-0.1974,1.5384,-0.463,2.1977,-0.7125,1.1264,-0.2785,0.6289,-1.0364,-1.0034,-0.9037,0.8288,-0.7863
1.2422,-0.7823,1.3796,-0.1974,1.5384,-0.463,2.1977,-0.7125,1.1264,-0.2785,0.6289,-1.0364,-1.0034,-0.9037,0.8288,-0.7863
1.2276,-0.7858,1.3619,-0.1963,1.518,-0.4589,2.1795,-0.7177,1.1759,-0.4451,0.6157,-1.0445,-1.0133,-0.9147,0.8001,-0.7817
1.2276,-0.7858,1.3619,-0.1963,1.518,-0.4589,2.1795,-0.7177,1.1759,-0.4451,0.6157,-1.0445,-1.0133,-0.9147,0.8001,-0.7817
1.2254,-0.7907,1.3601,-0.206,1.4976,-0.4548,2.1613,-0.723,1.2136,-0.547,0.6126,-1.0537,-1.0275,-0.9193,0.785,-0.7819
1.2254,-0.7907,1.3601,-0.206,1.4976,-0.4548,2.1613,-0.723,1.2136,-0.547,0.6126,-1.0537,-1.0275,-0.9193,0.785,-0.7819
1.2254,-0.7907,1.3601,-0.206,1.4976,-0.4548,2.1613,-0.723,1.2136,-0.547,0.6126,-1.0537,-1.0275,-0.9193,0.785,-0.7819
1.2381,-0.801,1.3648,-0.2128,1.4772,-0.4507,2.1576,-0.7333,1.2675,-0.6246,0.6135,-1.0616,-1.0418,-0.9239,0.7749,-0.7894
1.2434,-0.8085,1.3583,-0.2156,1.4568,-0.4466,2.1485,-0.7359,1.3547,-0.6555,0.6096,-1.0628,-1.0347,-0.9216,0.78,-0.7968
1.2411,-0.8135,1.3454,-0.2213,1.4344,-0.448,2.1304,-0.7411,1.3547,-0.6555,0.5971,-1.0584,-1.0418,-0.9239,0.7741,-0.803
1.2411,-0.8135,1.3454,-0.2213,1.4344,-0.448,2.1304,-0.7411,1.3547,-0.6555,0.5971,-1.0584,-1.0418,-0.9239,0.7741,-0.803
1.2411,-0.8135,1.3454,-0.2213,1.4344,-0.448,2.1304,-0.7411,1.3547,-0.6555,0.5971,-1.0584,-1.0418,-0.9239,0.7741,-0.803
1.2464,-0.821,1.3342,-0.2174,1.4092,-0.4453,2.1213,-0.7437,1.3985,-0.6709,0.5784,-1.0518,-1.0462,-0.9175,0.7658,-0.8056
1.2464,-0.821,1.3342,-0.2174,1.4092,-0.4453,2.1213,-0.7437,1.3985,-0.6709,0.5784,-1.0518,-1.0462,-0.9175,0.7658,-0.8056
1.2516,-0.8286,1.3342,-0.2174,1.3995,-0.4481,2.1213,-0.7437,1.4154,-0.6476,0.566,-1.0474,-1.0506,-0.9111,0.7574,-0.8081
1.2516,-0.8286,1.3342,-0.2174,1.3995,-0.4481,2.1213,-0.7437,1.4154,-0.6476,0.566,-1.0474,-1.0506,-0.9111,0.7574,-0.8081
1.2322,-0.8332,1.3101,-0.2191,1.3646,-0.4481,2.1123,-0.7463,1.3716,-0.6321,0.5373,-1.0398,-1.0577,-0.9135,0.7423,-0.8083
1.2224,-0.8354,1.2989,-0.2152,1.3501,-0.4523,2.0942,-0.7515,1.3278,-0.6167,0.5133,-1.039,-1.0649,-0.9158,0.7272,-0.8085
1.2224,-0.8354,1.2989,-0.2152,1.3501,-0.4523,2.0942,-0.7515,1.3278,-0.6167,0.5133,-1.039,-1.0649,-0.9158,0.7272,-0.8085
1.1929,-0.8336,1.2749,-0.2169,1.3287,-0.4633,2.0762,-0.7567,1.3278,-0.6167,0.4932,-1.037,-1.0649,-0.9158,0.7121,-0.8087
1.1929,-0.8336,1.2749,-0.2169,1.3287,-0.4633,2.0762,-0.7567,1.3278,-0.6167,0.4932,-1.037,-1.0649,-0.9158,0.7121,-0.8087
1.1929,-0.8336,1.2749,-0.2169,1.3287,-0.4633,2.0762,-0.7567,1.3278,-0.6167,0.4932,-1.037,-1.0649,-0.9158,0.7121,-0.8087
1.156,-0.8291,1.2573,-0.2158,1.3046,-0.4702,2.0581,-0.7619,1.2675,-0.6246,0.4654,-1.0374,-1.0862,-0.9227,0.6888,-0.8115
1.156,-0.8291,1.2573,-0.2158,1.3046,-0.4702,2.0581,-0.7619,1.2675,-0.6246,0.4654,-1.0374,-1.0862,-0.9227,0.6888,-0.8115
1.156,-0.8291,1.2573,-0.2158,1.3046,-0.4702,2.0581,-0.7619,1.2675,-0.6246,0.4654,-1.0374,-1.0862,-0.9227,0.6888,-0.8115
1.124,-0.8235,1.2461,-0.2119,1.2776,-0.473,2.0634,-0.7695,1.2136,-0.547,0.4453,-1.0354,-1.0977,-0.9186,0.6763,-0.8154
1.124,-0.8235,1.2461,-0.2119,1.2776,-0.473,2.0634,-0.7695,1.2136,-0.547,0.4453,-1.0354,-1.0977,-0.9186,0.6763,-0.8154
1.124,-0.8235,1.2461,-0.2119,1.2776,-0.473,2.0634,-0.7695,1.2136,-0.547,0.4453,-1.0354,-1.0977,-0.9186,0.6763,-0.8154
1.0899,-0.8228,1.2286,-0.2108,1.2535,-0.4799,2.0597,-0.7798,1.2136,-0.547,0.4238,-1.038,-1.1118,-0.9232,0.6571,-0.8169
1.0899,-0.8228,1.2286,-0.2108,1.2535,-0.4799,2.0597,-0.7798,1.2136,-0.547,0.4238,-1.038,-1.1118,-0.9232,0.6571,-0.8169
1.0262,-0.8116,1.2093,-0.2194,1.1922,-0.4829,2.0381,-0.7952,1.1431,-0.4926,0.3785,-1.0398,-1.1516,-0.9284,0.6214,-0.8235
0.9944,-0.8061,1.1965,-0.2251,1.1655,-0.4857,2.0201,-0.8004,1.1595,-0.4689,0.3656,-1.0479,-1.1631,-0.9243,0.6064,-0.8237
0.9944,-0.8061,1.1965,-0.2251,1.1655,-0.4857,2.0201,-0.8004,1.1595,-0.4689,0.3656,-1.0479,-1.1631,-0.9243,0.6064,-0.8237
0.9944,-0.8061,1.1965,-0.2251,1.1655,-0.4857,2.0201,-0.8004,1.1595,-0.4689,0.3656,-1.0479,-1.1631,-0.9243,0.6064,-0.8237
0.9579,-0.8017,1.1884,-0.2376,1.1369,-0.494,1.9684,-0.7878,1.1323,-0.4297,0.355,-1.0594,-1.1472,-0.9347,0.5915,-0.8239
0.9579,-0.8017,1.1884,-0.2376,1.1369,-0.494,1.9684,-0.7878,1.1323,-0.4297,0.355,-1.0594,-1.1472,-0.9347,0.5915,-0.8239
0.9579,-0.8017,1.1884,-0.2376,1.1369,-0.494,1.9684,-0.7878,1.1323,-0.4297,0.355,-1.0594,-1.1472,-0.9347,0.5915,-0.8239
0.922,-0.8061,1.1803,-0.25,1.1007,-0.4996,1.9132,-0.7856,1.1595,-0.4689,0.3468,-1.0742,-1.1384,-0.9474,0.5749,-0.8291
0.8956,-0.8081,1.1786,-0.2596,1.0694,-0.5038,1.8671,-0.7808,1.1431,-0.4926,0.3301,-1.0835,-1.1454,-0.9497,0.5493,-0.8282
0.8792,-0.8164,1.1722,-0.2624,1.0476,-0.5052,1.8441,-0.7784,1.1103,-0.5398,0.3134,-1.0927,-1.1798,-0.9376,0.5262,-0.831
0.8792,-0.8164,1.1722,-0.2624,1.0476,-0.5052,1.8441,-0.7784,1.1103,-0.5398,0.3134,-1.0927,-1.1798,-0.9376,0.5262,-0.831
0.8792,-0.8164,1.1722,-0.2624,1.0476,-0.5052,1.8441,-0.7784,1.1103,-0.5398,0.3134,-1.0927,-1.1798,-0.9376,0.5262,-0.831
0.8723,-0.8225,1.1658,-0.2653,1.0278,-0.5013,1.8211,-0.776,1.1372,-0.5786,0.2921,-1.0953,-1.2071,-0.9231,0.5006,-0.8302
0.8723,-0.8225,1.1658,-0.2653,1.0278,-0.5013,1.8211,-0.776,1.1372,-0.5786,0.2921,-1.0953,-1.2071,-0.9231,0.5006,-0.8302
0.8723,-0.8225,1.1658,-0.2653,1.0278,-0.5013,1.8211,-0.776,1.1372,-0.5786,0.2921,-1.0953,-1.2071,-0.9231,0.5006,-0.8302
0.8723,-0.8225,1.1454,-0.2479,1.0345,-0.4945,1.807,-0.771,1.1806,-0.5939,0.2761,-1.0922,-1.2343,-0.9087,0.4832,-0.8268
0.8723,-0.8225,1.1454,-0.2479,1.0345,-0.4945,1.807,-0.771,1.1806,-0.5939,0.2761,-1.0922,-1.2343,-0.9087,0.4832,-0.8268
0.8723,-0.8225,1.1454,-0.2479,1.0345,-0.4945,1.807,-0.771,1.1806,-0.5939,0.2761,-1.0922,-1.2343,-0.9087,0.4832,-0.8268
0.9488,-0.8127,1.1539,-0.1998,1.1247,-0.4682,1.8832,-0.7577,1.3111,-0.64,0.3056,-1.0748,-1.2203,-0.9041,0.5129,-0.8264
0.9488,-0.8127,1.1539,-0.1998,1.1247,-0.4682,1.8832,-0.7577,1.3111,-0.64,0.3056,-1.0748,-1.2203,-0.9041,0.5129,-0.8264
0.9488,-0.8127,1.1539,-0.1998,1.1247,-0.4682,1.8832,-0.7577,1.3111,-0.64,0.3056,-1.0748,-1.2203,-0.9041,0.5129,-0.8264
0.9966,-0.8012,1.1858,-0.1855,1.1973,-0.4569,1.9509,-0.7471,1.3278,-0.6167,0.3573,-1.0627,-1.1648,-0.9093,0.5658,-0.8231
0.9966,-0.8012,1.1858,-0.1855,1.1973,-0.4569,1.9509,-0.7471,1.3278,-0.6167,0.3573,-1.0627,-1.1648,-0.9093,0.5658,-0.8231
0.9966,-0.8012,1.1858,-0.1855,1.1973,-0.4569,1.9509,-0.7471,1.3278,-0.6167,0.3573,-1.0627,-1.1648,-0.9093,0.5658,-0.8231
1.0856,-0.7842,1.2513,-0.1829,1.3242,-0.4401,2.0565,-0.744,1.2195,-0.4605,0.4701,-1.0441,-1.0693,-0.9094,0.6964,-0.8225
1.0856,-0.7842,1.2513,-0.1829,1.3242,-0.4401,2.0565,-0.744,1.2195,-0.4605,0.4701,-1.0441,-1.0693,-0.9094,0.6964,-0.8225
1.0856,-0.7842,1.2513,-0.1829,1.3242,-0.4401,2.0565,-0.744,1.2195,-0.4605,0.4701,-1.0441,-1.0693,-0.9094,0.6964,-0.8225
1.1145,-0.7773,1.28,-0.188,1.3735,-0.4358,2.0979,-0.7412,1.1759,-0.4451,0.5071,-1.0368,-1.0435,-0.9088,0.7348,-0.8195
1.1145,-0.7773,1.28,-0.188,1.3735,-0.4358,2.0979,-0.7412,1.1759,-0.4451,0.5071,-1.0368,-1.0435,-0.9088,0.7348,-0.8195
1.1435,-0.7704,1.3071,-0.2027,1.4442,-0.4452,2.116,-0.736,1.1213,-0.3664,0.5496,-1.0237,-1.0106,-0.906,0.7674,-0.8006
1.1435,-0.7704,1.3071,-0.2027,1.4442,-0.4452,2.116,-0.736,1.1213,-0.3664,0.5496,-1.0237,-1.0106,-0.906,0.7674,-0.8006
1.1435,-0.7704,1.3071,-0.2027,1.4442,-0.4452,2.116,-0.736,1.1213,-0.3664,0.5496,-1.0237,-1.0106,-0.906,0.7674,-0.8006
1.1435,-0.7704,1.3071,-0.2027,1.4442,-0.4452,2.1107,-0.7283,1.1323,-0.4297,0.5597,-1.0247,-1.0293,-0.9042,0.7598,-0.7896
1.1435,-0.7704,1.3071,-0.2027,1.4442,-0.4452,2.1107,-0.7283,1.1323,-0.4297,0.5597,-1.0247,-1.0293,-0.9042,0.7598,-0.7896
1.1435,-0.7704,1.3071,-0.2027,1.4442,-0.4452,2.1107,-0.7283,1.1323,-0.4297,0.5597,-1.0247,-1.0293,-0.9042,0.7598,-0.7896
1.1509,-0.773,1.3295,-0.2106,1.4307,-0.4343,2.1197,-0.7257,1.0671,-0.5245,0.562,-1.0281,-1.0479,-0.9025,0.7438,-0.7812
1.1509,-0.773,1.3295,-0.2106,1.4307,-0.4343,2.1197,-0.7257,1.0671,-0.5245,0.562,-1.0281,-1.0479,-0.9025,0.7438,-0.7812
1.1487,-0.778,1.3183,-0.2066,1.4047,-0.422,2.1053,-0.7206,1.088,-0.6486,0.5628,-1.0361,-1.0666,-0.9007,0.7261,-0.7777
1.1514,-0.7818,1.3295,-0.2106,1.3738,-0.4111,2.1107,-0.7283,1.1146,-0.687,0.5613,-1.0406,-1.0781,-0.8966,0.7152,-0.7766
1.1544,-0.7943,1.3165,-0.2163,1.3467,-0.4139,2.1016,-0.7309,1.1311,-0.6639,0.5473,-1.0408,-1.0826,-0.8902,0.7069,-0.7792
1.1544,-0.7943,1.3165,-0.2163,1.3467,-0.4139,2.1016,-0.7309,1.1311,-0.6639,0.5473,-1.0408,-1.0826,-0.8902,0.7069,-0.7792
1.1447,-0.7966,1.3054,-0.2123,1.3322,-0.4181,2.1213,-0.7437,1.1743,-0.6791,0.5334,-1.041,-1.0781,-0.8966,0.7053,-0.7842
1.1447,-0.7966,1.3054,-0.2123,1.3322,-0.4181,2.1213,-0.7437,1.1743,-0.6791,0.5334,-1.041,-1.0781,-0.8966,0.7053,-0.7842
1.1447,-0.7966,1.3054,-0.2123,1.3322,-0.4181,2.1213,-0.7437,1.1743,-0.6791,0.5334,-1.041,-1.0781,-0.8966,0.7053,-0.7842
1.1324,-0.7951,1.3006,-0.2055,1.31,-0.4195,2.1554,-0.7615,1.2342,-0.6712,0.5133,-1.039,-1.0737,-0.903,0.6995,-0.7904
1.1324,-0.7951,1.3006,-0.2055,1.31,-0.4195,2.1554,-0.7615,1.2342,-0.6712,0.5133,-1.039,-1.0737,-0.903,0.6995,-0.7904
1.1324,-0.7951,1.3006,-0.2055,1.31,-0.4195,2.1554,-0.7615,1.2342,-0.6712,0.5133,-1.039,-1.0737,-0.903,0.6995,-0.7904
1.1127,-0.791,1.2877,-0.2112,1.2983,-0.4278,2.1517,-0.7718,1.2776,-0.6866,0.4994,-1.0392,-1.0808,-0.9053,0.6937,-0.7967
1.0904,-0.7831,1.2701,-0.2101,1.2915,-0.4347,2.1426,-0.7744,1.224,-0.6093,0.4855,-1.0394,-1.0808,-0.9053,0.6895,-0.798
1.0904,-0.7831,1.2701,-0.2101,1.2915,-0.4347,2.1426,-0.7744,1.224,-0.6093,0.4855,-1.0394,-1.0808,-0.9053,0.6895,-0.798
1.0659,-0.7801,1.2526,-0.2091,1.277,-0.4388,2.0995,-0.7592,1.2842,-0.6012,0.4716,-1.0395,-1.0693,-0.9094,0.6786,-0.7969
1.0659,-0.7801,1.2526,-0.2091,1.277,-0.4388,2.0995,-0.7592,1.2842,-0.6012,0.4716,-1.0395,-1.0693,-0.9094,0.6786,-0.7969
1.0515,-0.7836,1.262,-0.2226,1.2626,-0.443,2.0512,-0.7363,1.2406,-0.5858,0.46,-1.0431,-1.0693,-0.9094,0.6611,-0.7934
1.0515,-0.7836,1.262,-0.2226,1.2626,-0.443,2.0512,-0.7363,1.2406,-0.5858,0.46,-1.0431,-1.0693,-0.9094,0.6611,-0.7934
1.0419,-0.7859,1.2778,-0.2334,1.2558,-0.4499,2.0083,-0.7211,1.224,-0.6093,0.4423,-1.0445,-1.0675,-0.9244,0.6553,-0.7997
1.0419,-0.7859,1.2778,-0.2334,1.2558,-0.4499,2.0083,-0.7211,1.224,-0.6093,0.4423,-1.0445,-1.0675,-0.9244,0.6553,-0.7997
1.0419,-0.7859,1.2778,-0.2334,1.2558,-0.4499,2.0083,-0.7211,1.224,-0.6093,0.4423,-1.0445,-1.0675,-0.9244,0.6553,-0.7997
1.0323,-0.7882,1.2825,-0.2401,1.2385,-0.4499,1.985,-0.7187,1.224,-0.6093,0.4308,-1.0481,-1.0746,-0.9267,0.6403,-0.7999
1.0323,-0.7882,1.2825,-0.2401,1.2385,-0.4499,1.985,-0.7187,1.224,-0.6093,0.4308,-1.0481,-1.0746,-0.9267,0.6403,-0.7999
1.0323,-0.7882,1.2825,-0.2401,1.2385,-0.4499,1.985,-0.7187,1.224,-0.6093,0.4308,-1.0481,-1.0746,-0.9267,0.6403,-0.7999
1.0157,-0.7966,1.265,-0.2391,1.2069,-0.4542,1.9582,-0.7266,1.3111,-0.64,0.4102,-1.0586,-1.1251,-0.9041,0.6103,-0.8003
1.0157,-0.7966,1.265,-0.2391,1.2069,-0.4542,1.9582,-0.7266,1.3111,-0.64,0.4102,-1.0586,-1.1251,-0.9041,0.6103,-0.8003
0.994,-0.7974,1.238,-0.2244,1.1725,-0.4543,1.9598,-0.7445,1.3816,-0.6942,0.3887,-1.0611,-1.1507,-0.9047,0.5938,-0.8055
0.994,-0.7974,1.238,-0.2244,1.1725,-0.4543,1.9598,-0.7445,1.3816,-0.6942,0.3887,-1.0611,-1.1507,-0.9047,0.5938,-0.8055
0.994,-0.7974,1.238,-0.2244,1.1725,-0.4543,1.9598,-0.7445,1.3816,-0.6942,0.3887,-1.0611,-1.1507,-0.9047,0.5938,-0.8055
0.977,-0.7971,1.2063,-0.203,1.1505,-0.4558,1.9367,-0.7421,1.4692,-0.7251,0.3711,-1.0625,-1.1533,-0.9133,0.5747,-0.807
0.977,-0.7971,1.2063,-0.203,1.1505,-0.4558,1.9367,-0.7421,1.4692,-0.7251,0.3711,-1.0625,-1.1533,-0.9133,0.5747,-0.807
0.9284,-0.7913,1.1619,-0.1873,1.0944,-0.4575,1.9241,-0.7549,1.4253,-0.7096,0.326,-1.0643,-1.1904,-0.9099,0.5566,-0.8171
0.9284,-0.7913,1.1619,-0.1873,1.0944,-0.4575,1.9241,-0.7549,1.4253,-0.7096,0.326,-1.0643,-1.1904,-0.9099,0.5566,-0.8171
0.9284,-0.7913,1.1619,-0.1873,1.0944,-0.4575,1.9241,-0.7549,1.4253,-0.7096,0.326,-1.0643,-1.1904,-0.9099,0.5566,-0.8171
0.9094,-0.7959,1.1492,-0.193,1.0782,-0.4671,1.9063,-0.7601,1.2842,-0.6012,0.3009,-1.0681,-1.2044,-0.9145,0.5468,-0.8246
0.9094,-0.7959,1.1492,-0.193,1.0782,-0.4671,1.9063,-0.7601,1.2842,-0.6012,0.3009,-1.0681,-1.2044,-0.9145,0.5468,-0.8246
0.8805,-0.7942,1.1364,-0.1987,1.0668,-0.4753,1.8885,-0.7654,1.1595,-0.4689,0.2735,-1.0685,-1.2115,-0.9168,0.5252,-0.8225
0.8805,-0.7942,1.1364,-0.1987,1.0668,-0.4753,1.8885,-0.7654,1.1595,-0.4689,0.2735,-1.0685,-1.2115,-0.9168,0.5252,-0.8225
0.8615,-0.7988,1.1394,-0.2151,1.0582,-0.4876,1.8654,-0.763,1.0292,-0.4229,0.2508,-1.0757,-1.2281,-0.9301,0.4955,-0.823
0.8615,-0.7988,1.1394,-0.2151,1.0582,-0.4876,1.8654,-0.763,1.0292,-0.4229,0.2508,-1.0757,-1.2281,-0.9301,0.4955,-0.823
0.8326,-0.7971,1.1377,-0.2248,1.0289,-0.4864,1.8283,-0.7556,0.9969,-0.4704,0.2342,-1.0849,-1.2492,-0.937,0.4568,-0.8175
0.8326,-0.7971,1.1377,-0.2248,1.0289,-0.4864,1.8283,-0.7556,0.9969,-0.4704,0.2342,-1.0849,-1.2492,-0.937,0.4568,-0.8175
0.8163,-0.8055,1.0982,-0.2159,0.9846,-0.4799,1.7965,-0.7558,0.9057,-0.526,0.2238,-1.0964,-1.2658,-0.9502,0.4231,-0.8193
0.8022,-0.809,1.0808,-0.2149,0.9479,-0.4761,1.7788,-0.7611,0.9325,-0.5646,0.2087,-1.1011,-1.2842,-0.9485,0.3911,-0.8162
0.8022,-0.809,1.0808,-0.2149,0.9479,-0.4761,1.7788,-0.7611,0.9325,-0.5646,0.2087,-1.1011,-1.2842,-0.9485,0.3911,-0.8162
0.8022,-0.809,1.0808,-0.2149,0.9479,-0.4761,1.7788,-0.7611,0.9325,-0.5646,0.2087,-1.1011,-1.2842,-0.9485,0.3911,-0.8162
0.7906,-0.8162,1.0571,-0.2167,0.9141,-0.4764,1.7753,-0.7713,0.9164,-0.588,0.1829,-1.097,-1.3025,-0.9468,0.3683,-0.819
0.7906,-0.8162,1.0571,-0.2167,0.9141,-0.4764,1.7753,-0.7713,0.9164,-0.588,0.1829,-1.097,-1.3025,-0.9468,0.3683,-0.819
0.7906,-0.8162,1.0571,-0.2167,0.9141,-0.4764,1.7753,-0.7713,0.9164,-0.588,0.1829,-1.097,-1.3025,-0.9468,0.3683,-0.819
0.7619,-0.8145,1.0335,-0.2185,0.886,-0.4847,1.777,-0.789,0.9592,-0.6031,0.1549,-1.0896,-1.3139,-0.9428,0.3536,-0.8193
0.7328,-0.8042,1.0272,-0.2214,0.8645,-0.4862,1.7822,-0.7966,1.0287,-0.6567,0.1194,-1.0846,-1.3278,-0.9474,0.3373,-0.8244
0.7042,-0.8026,1.0036,-0.2232,0.8384,-0.4892,1.7646,-0.8018,1.002,-0.6183,0.0961,-1.0839,-1.3234,-0.9537,0.3277,-0.8319
0.7042,-0.8026,1.0036,-0.2232,0.8384,-0.4892,1.7646,-0.8018,1.002,-0.6183,0.0961,-1.0839,-1.3234,-0.9537,0.3277,-0.8319
0.685,-0.7986,0.9973,-0.2261,0.8309,-0.4865,1.7453,-0.7893,1.0124,-0.6798,0.0714,-1.0877,-1.3147,-0.9663,0.3114,-0.8371
0.685,-0.7986,0.9973,-0.2261,0.8309,-0.4865,1.7453,-0.7893,1.0124,-0.6798,0.0714,-1.0877,-1.3147,-0.9663,0.3114,-0.8371
0.685,-0.7986,0.9973,-0.2261,0.8309,-0.4865,1.7453,-0.7893,1.0124,-0.6798,0.0714,-1.0877,-1.3147,-0.9663,0.3114,-0.8371
0.6803,-0.7998,0.9893,-0.2385,0.8403,-0.4837,1.7172,-0.7793,0.9858,-0.6415,0.0677,-1.0889,-1.299,-0.9766,0.2983,-0.8325
0.6803,-0.7998,0.9893,-0.2385,0.8403,-0.4837,1.7172,-0.7793,0.9858,-0.6415,0.0677,-1.0889,-1.299,-0.9766,0.2983,-0.8325
0.7063,-0.7977,1.0285,-0.2473,0.8748,-0.4686,1.7155,-0.7616,0.9858,-0.6415,0.0863,-1.083,-1.2806,-0.9783,0.313,-0.8322
0.7063,-0.7977,1.0285,-0.2473,0.8748,-0.4686,1.7155,-0.7616,0.9858,-0.6415,0.0863,-1.083,-1.2806,-0.9783,0.313,-0.8322
0.7063,-0.7977,1.0285,-0.2473,0.8748,-0.4686,1.7155,-0.7616,0.9858,-0.6415,0.0863,-1.083,-1.2806,-0.9783,0.313,-0.8322
0.7464,-0.7921,1.0695,-0.2465,0.9311,-0.4519,1.7507,-0.7511,0.9858,-0.6415,0.1298,-1.0732,-1.2457,-0.9669,0.3389,-0.8195
0.7464,-0.7921,1.0695,-0.2465,0.9311,-0.4519,1.7507,-0.7511,0.9858,-0.6415,0.1298,-1.0732,-1.2457,-0.9669,0.3389,-0.8195
0.7464,-0.7921,1.0695,-0.2465,0.9311,-0.4519,1.7507,-0.7511,0.9858,-0.6415,0.1298,-1.0732,-1.2457,-0.9669,0.3389,-0.8195
0.8511,-0.7838,1.1267,-0.2209,1.0425,-0.4238,1.8443,-0.7325,1.1476,-0.6406,0.2468,-1.0566,-1.2343,-0.9087,0.4212,-0.8022
0.8511,-0.7838,1.1267,-0.2209,1.0425,-0.4238,1.8443,-0.7325,1.1476,-0.6406,0.2468,-1.0566,-1.2343,-0.9087,0.4212,-0.8022
0.8916,-0.7783,1.1522,-0.2094,1.0956,-0.4179,1.894,-0.727,1.2776,-0.6866,0.2969,-1.049,-1.2221,-0.8891,0.4606,-0.7942
0.8916,-0.7783,1.1522,-0.2094,1.0956,-0.4179,1.894,-0.727,1.2776,-0.6866,0.2969,-1.049,-1.2221,-0.8891,0.4606,-0.7942
0.9275,-0.7739,1.1666,-0.1941,1.127,-0.4136,1.935,-0.7241,1.4423,-0.6864,0.3372,-1.0404,-1.2054,-0.8757,0.4959,-0.7874
0.9275,-0.7739,1.1666,-0.1941,1.127,-0.4136,1.935,-0.7241,1.4423,-0.6864,0.3372,-1.0404,-1.2054,-0.8757,0.4959,-0.7874
0.9492,-0.7731,1.1747,-0.1816,1.1537,-0.4107,1.9671,-0.7239,1.5303,-0.7175,0.3624,-1.0366,-1.1984,-0.8734,0.519,-0.7846
0.9492,-0.7731,1.1747,-0.1816,1.1537,-0.4107,1.9671,-0.7239,1.5303,-0.7175,0.3624,-1.0366,-1.1984,-0.8734,0.519,-0.7846
0.954,-0.7719,1.1747,-0.1816,1.1613,-0.4134,1.9903,-0.7264,1.5744,-0.7331,0.3739,-1.033,-1.1869,-0.8774,0.5339,-0.7843
0.954,-0.7719,1.1747,-0.1816,1.1613,-0.4134,1.9903,-0.7264,1.5744,-0.7331,0.3739,-1.033,-1.1869,-0.8774,0.5339,-0.7843
0.9613,-0.7745,1.1653,-0.168,1.1613,-0.4134,2.0189,-0.7365,1.6012,-0.7718,0.3754,-1.0285,-1.171,-0.8879,0.538,-0.783
0.9613,-0.7745,1.1653,-0.168,1.1613,-0.4134,2.0189,-0.7365,1.6012,-0.7718,0.3754,-1.0285,-1.171,-0.8879,0.538,-0.783
0.9396,-0.7754,1.1478,-0.1669,1.147,-0.4176,2.001,-0.7417,1.6185,-0.7487,0.3754,-1.0285,-1.171,-0.8879,0.5446,-0.7854
0.9396,-0.7754,1.1478,-0.1669,1.147,-0.4176,2.001,-0.7417,1.6185,-0.7487,0.3754,-1.0285,-1.171,-0.8879,0.5446,-0.7854
0.9396,-0.7754,1.1478,-0.1669,1.147,-0.4176,2.001,-0.7417,1.6185,-0.7487,0.3754,-1.0285,-1.171,-0.8879,0.5446,-0.7854
0.9254,-0.7789,1.1414,-0.1698,1.1327,-0.4218,1.9777,-0.7393,1.5131,-0.7406,0.3616,-1.0287,-1.1622,-0.9006,0.5472,-0.789
0.9254,-0.7789,1.1414,-0.1698,1.1327,-0.4218,1.9777,-0.7393,1.5131,-0.7406,0.3616,-1.0287,-1.1622,-0.9006,0.5472,-0.789
0.9254,-0.7789,1.1414,-0.1698,1.1327,-0.4218,1.9777,-0.7393,1.5131,-0.7406,0.3616,-1.0287,-1.1622,-0.9006,0.5472,-0.789
0.9111,-0.7824,1.124,-0.1687,1.1136,-0.4274,1.9651,-0.7521,1.4253,-0.7096,0.3487,-1.0368,-1.1719,-0.9116,0.5481,-0.7976
0.9111,-0.7824,1.124,-0.1687,1.1136,-0.4274,1.9651,-0.7521,1.4253,-0.7096,0.3487,-1.0368,-1.1719,-0.9116,0.5481,-0.7976
0.87,-0.7792,1.1206,-0.1881,1.087,-0.4303,1.9188,-0.7473,1.1431,-0.4926,0.3059,-1.042,-1.193,-0.9185,0.5392,-0.8137
0.87,-0.7792,1.1206,-0.1881,1.087,-0.4303,1.9188,-0.7473,1.1431,-0.4926,0.3059,-1.042,-1.193,-0.9185,0.5392,-0.8137
0.87,-0.7792,1.1206,-0.1881,1.087,-0.4303,1.9188,-0.7473,1.1431,-0.4926,0.3059,-1.042,-1.193,-0.9185,0.5392,-0.8137
0.8532,-0.7789,1.1079,-0.1938,1.0879,-0.4398,1.8762,-0.7322,1.002,-0.3837,0.2823,-1.0413,-1.2,-0.9208,0.5177,-0.8116
0.8532,-0.7789,1.1079,-0.1938,1.0879,-0.4398,1.8762,-0.7322,1.002,-0.3837,0.2823,-1.0413,-1.2,-0.9208,0.5177,-0.8116
0.8532,-0.7789,1.1079,-0.1938,1.0879,-0.4398,1.8762,-0.7322,1.002,-0.3837,0.2823,-1.0413,-1.2,-0.9208,0.5177,-0.8116
0.8291,-0.7761,1.0999,-0.2063,1.084,-0.4508,1.839,-0.7249,0.9588,-0.3684,0.2573,-1.0451,-1.2211,-0.9278,0.4672,-0.7965
0.8291,-0.7761,1.0999,-0.2063,1.084,-0.4508,1.839,-0.7249,0.9588,-0.3684,0.2573,-1.0451,-1.2211,-0.9278,0.4672,-0.7965
0.817,-0.7746,1.0935,-0.2091,1.0745,-0.4535,1.8443,-0.7325,1.0131,-0.4467,0.2497,-1.0475,-1.2281,-0.9301,0.4382,-0.7835
0.817,-0.7746,1.0935,-0.2091,1.0745,-0.4535,1.8443,-0.7325,1.0131,-0.4467,0.2497,-1.0475,-1.2281,-0.9301,0.4382,-0.7835
0.8076,-0.777,1.0982,-0.2159,1.0546,-0.4496,1.8354,-0.7351,1.0239,-0.5093,0.2444,-1.0532,-1.2422,-0.9347,0.4159,-0.7729
0.7956,-0.7756,1.1029,-0.2227,1.0301,-0.447,1.8266,-0.7377,1.0613,-0.6101,0.2392,-1.0589,-1.2676,-0.9353,0.3879,-0.7685
0.7956,-0.7756,1.1029,-0.2227,1.0301,-0.447,1.8266,-0.7377,1.0613,-0.6101,0.2392,-1.0589,-1.2676,-0.9353,0.3879,-0.7685
0.7956,-0.7756,1.1029,-0.2227,1.0301,-0.447,1.8266,-0.7377,1.0613,-0.6101,0.2392,-1.0589,-1.2676,-0.9353,0.3879,-0.7685
0.784,-0.7828,1.0902,-0.2284,0.998,-0.4418,1.8142,-0.7506,1.045,-0.6334,0.2401,-1.0668,-1.2815,-0.9399,0.3732,-0.7688
0.784,-0.7828,1.0902,-0.2284,0.998,-0.4418,1.8142,-0.7506,1.045,-0.6334,0.2401,-1.0668,-1.2815,-0.9399,0.3732,-0.7688
0.7793,-0.784,1.1059,-0.239,0.9678,-0.4312,1.8142,-0.7506,1.0716,-0.6719,0.2348,-1.0725,-1.2929,-0.9358,0.3584,-0.769
0.7793,-0.784,1.1059,-0.239,0.9678,-0.4312,1.8142,-0.7506,1.0716,-0.6719,0.2348,-1.0725,-1.2929,-0.9358,0.3584,-0.769
0.7772,-0.7889,1.0932,-0.2447,0.9434,-0.4287,1.7965,-0.7558,1.0716,-0.6719,0.2258,-1.0794,-1.3157,-0.9278,0.3513,-0.7802
0.7772,-0.7889,1.0932,-0.2447,0.9434,-0.4287,1.7965,-0.7558,1.0716,-0.6719,0.2258,-1.0794,-1.3157,-0.9278,0.3513,-0.7802
0.7777,-0.7975,1.0759,-0.2437,0.9143,-0.4276,1.7736,-0.7535,1.088,-0.6486,0.2084,-1.0809,-1.3113,-0.9341,0.3416,-0.7877
0.7777,-0.7975,1.0759,-0.2437,0.9143,-0.4276,1.7736,-0.7535,1.088,-0.6486,0.2084,-1.0809,-1.3113,-0.9341,0.3416,-0.7877
0.7636,-0.801,1.0585,-0.2426,0.8852,-0.4265,1.77,-0.7637,1.088,-0.6486,0.1766,-1.0747,-1.3226,-0.9301,0.3319,-0.7953
0.7636,-0.801,1.0585,-0.2426,0.8852,-0.4265,1.77,-0.7637,1.088,-0.6486,0.1766,-1.0747,-1.3226,-0.9301,0.3319,-0.7953
0.7323,-0.7956,1.0412,-0.2416,0.8618,-0.4335,1.7753,-0.7713,1.0613,-0.6101,0.1425,-1.0651,-1.3226,-0.9301,0.3198,-0.7992
0.7323,-0.7956,1.0412,-0.2416,0.8618,-0.4335,1.7753,-0.7713,1.0613,-0.6101,0.1425,-1.0651,-1.3226,-0.9301,0.3198,-0.7992
0.7058,-0.789,1.0129,-0.2367,0.831,-0.4378,1.777,-0.789,1.0077,-0.5328,0.1145,-1.0577,-1.3296,-0.9324,0.3076,-0.8031
0.7058,-0.789,1.0129,-0.2367,0.831,-0.4378,1.777,-0.789,1.0077,-0.5328,0.1145,-1.0577,-1.3296,-0.9324,0.3076,-0.8031
0.6601,-0.7785,0.9893,-0.2385,0.803,-0.4463,1.7593,-0.7942,1.0077,-0.5328,0.0912,-1.0571,-1.3296,-0.9324,0.2889,-0.8046
0.6601,-0.7785,0.9893,-0.2385,0.803,-0.4463,1.7593,-0.7942,1.0077,-0.5328,0.0912,-1.0571,-1.3296,-0.9324,0.2889,-0.8046
0.629,-0.7732,0.9767,-0.2442,0.7797,-0.4532,1.7225,-0.7869,0.9808,-0.4941,0.0679,-1.0564,-1.3139,-0.9428,0.2743,-0.8049
0.629,-0.7732,0.9767,-0.2442,0.7797,-0.4532,1.7225,-0.7869,0.9808,-0.4941,0.0679,-1.0564,-1.3139,-0.9428,0.2743,-0.8049
0.5959,-0.7728,0.9642,-0.2499,0.7593,-0.4643,1.6664,-0.7671,1.0239,-0.5093,0.053,-1.0611,-1.2911,-0.9508,0.2597,-0.8052
0.5959,-0.7728,0.9642,-0.2499,0.7593,-0.4643,1.6664,-0.7671,1.0239,-0.5093,0.053,-1.0611,-1.2911,-0.9508,0.2597,-0.8052
0.5583,-0.7735,0.9609,-0.269,0.7241,-0.47,1.6071,-0.7576,1.0671,-0.5245,0.0358,-1.0626,-1.2824,-0.9634,0.2516,-0.8078
0.5583,-0.7735,0.9609,-0.269,0.7241,-0.47,1.6071,-0.7576,1.0671,-0.5245,0.0358,-1.0626,-1.2824,-0.9634,0.2516,-0.8078
0.5583,-0.7735,0.9609,-0.269,0.7241,-0.47,1.6071,-0.7576,1.0671,-0.5245,0.0358,-1.0626,-1.2824,-0.9634,0.2516,-0.8078
0.5351,-0.7794,0.9702,-0.2824,0.701,-0.477,1.5566,-0.7454,1.0508,-0.5481,0.0209,-1.0674,-1.2964,-0.968,0.2265,-0.8071
0.5351,-0.7794,0.9702,-0.2824,0.701,-0.477,1.5566,-0.7454,1.0508,-0.5481,0.0209,-1.0674,-1.2964,-0.968,0.2265,-0.8071
0.5351,-0.7794,0.9702,-0.2824,0.701,-0.477,1.5566,-0.7454,1.0508,-0.5481,0.0209,-1.0674,-1.2964,-0.968,0.2265,-0.8071
0.4982,-0.7888,0.953,-0.2813,0.641,-0.471,1.5081,-0.751,1.0613,-0.6101,-0.0283,-1.0751,-1.3713,-0.9463,0.1853,-0.8116
0.4982,-0.7888,0.953,-0.2813,0.641,-0.471,1.5081,-0.751,1.0613,-0.6101,-0.0283,-1.0751,-1.3713,-0.9463,0.1853,-0.8116
0.4936,-0.79,0.9328,-0.2641,0.6337,-0.4683,1.4994,-0.7537,1.088,-0.6486,-0.055,-1.0756,-1.4121,-0.9366,0.1628,-0.8145
0.4936,-0.79,0.9328,-0.2641,0.6337,-0.4683,1.4994,-0.7537,1.088,-0.6486,-0.055,-1.0756,-1.4121,-0.9366,0.1628,-0.8145
0.5028,-0.7876,0.9251,-0.2411,0.6447,-0.4601,1.5133,-0.7586,1.1577,-0.7023,-0.0684,-1.0759,-1.4234,-0.9326,0.1458,-0.8112
0.5028,-0.7876,0.9251,-0.2411,0.6447,-0.4601,1.5133,-0.7586,1.1577,-0.7023,-0.0684,-1.0759,-1.4234,-0.9326,0.1458,-0.8112
0.5285,-0.7855,0.9127,-0.2114,0.6843,-0.4529,1.5306,-0.7533,1.2009,-0.7175,-0.061,-1.0735,-1.4234,-0.9326,0.1563,-0.8122
0.5285,-0.7855,0.9127,-0.2114,0.6843,-0.4529,1.5306,-0.7533,1.2009,-0.7175,-0.061,-1.0735,-1.4234,-0.9326,0.1563,-0.8122
0.5799,-0.7812,0.9331,-0.1932,0.7398,-0.4361,1.5792,-0.7477,1.1908,-0.6559,-0.0277,-1.0627,-1.3983,-0.932,0.1828,-0.808
0.5799,-0.7812,0.9331,-0.1932,0.7398,-0.4361,1.5792,-0.7477,1.1908,-0.6559,-0.0277,-1.0627,-1.3983,-0.932,0.1828,-0.808
0.6192,-0.7669,0.952,-0.1846,0.7983,-0.4233,1.642,-0.747,1.1208,-0.602,0.0191,-1.0517,-1.3548,-0.933,0.2305,-0.8058
0.6684,-0.7589,0.9975,-0.1905,0.8674,-0.4171,1.705,-0.7464,1.1103,-0.5398,0.0773,-1.0371,-1.3157,-0.9278,0.2955,-0.8069
0.6684,-0.7589,0.9975,-0.1905,0.8674,-0.4171,1.705,-0.7464,1.1103,-0.5398,0.0773,-1.0371,-1.3157,-0.9278,0.2955,-0.8069
0.6684,-0.7589,0.9975,-0.1905,0.8674,-0.4171,1.705,-0.7464,1.1103,-0.5398,0.0773,-1.0371,-1.3157,-0.9278,0.2955,-0.8069
0.7178,-0.7509,1.0384,-0.1897,0.9368,-0.411,1.763,-0.7383,1.0563,-0.4619,0.1306,-1.0281,-1.2606,-0.9329,0.3385,-0.7976
0.7178,-0.7509,1.0384,-0.1897,0.9368,-0.411,1.763,-0.7383,1.0563,-0.4619,0.1306,-1.0281,-1.2606,-0.9329,0.3385,-0.7976
0.7178,-0.7509,1.0384,-0.1897,0.9368,-0.411,1.763,-0.7383,1.0563,-0.4619,0.1306,-1.0281,-1.2606,-0.9329,0.3385,-0.7976
0.7434,-0.7401,1.0668,-0.1946,0.9952,-0.4132,1.7948,-0.738,1.002,-0.3837,0.1681,-1.0161,-1.2237,-0.9364,0.371,-0.7872
0.7434,-0.7401,1.0668,-0.1946,0.9952,-0.4132,1.7948,-0.738,1.002,-0.3837,0.1681,-1.0161,-1.2237,-0.9364,0.371,-0.7872
0.7648,-0.7392,1.0778,-0.1985,1.0444,-0.4183,1.8036,-0.7354,0.9748,-0.3444,0.2006,-1.0099,-1.2141,-0.9254,0.3914,-0.7807
0.7648,-0.7392,1.0778,-0.1985,1.0444,-0.4183,1.8036,-0.7354,0.9748,-0.3444,0.2006,-1.0099,-1.2141,-0.9254,0.3914,-0.7807
0.7716,-0.7331,1.0935,-0.2091,1.069,-0.4209,1.8124,-0.7327,0.9428,-0.3923,0.2203,-1.0118,-1.2325,-0.9237,0.3895,-0.7635
0.7716,-0.7331,1.0935,-0.2091,1.069,-0.4209,1.8124,-0.7327,0.9428,-0.3923,0.2203,-1.0118,-1.2325,-0.9237,0.3895,-0.7635
0.7716,-0.7331,1.0935,-0.2091,1.069,-0.4209,1.8124,-0.7327,0.9428,-0.3923,0.2203,-1.0118,-1.2325,-0.9237,0.3895,-0.7635
0.7669,-0.7343,1.0935,-0.2091,1.0539,-0.4155,1.8124,-0.7327,0.9217,-0.5025,0.2288,-1.0173,-1.2624,-0.918,0.3803,-0.7576
0.7669,-0.7343,1.0935,-0.2091,1.0539,-0.4155,1.8124,-0.7327,0.9217,-0.5025,0.2288,-1.0173,-1.2624,-0.918,0.3803,-0.7576
0.7669,-0.7343,1.0935,-0.2091,1.0283,-0.4034,1.8072,-0.7251,0.9164,-0.588,0.2296,-1.0252,-1.2763,-0.9226,0.3631,-0.7542
0.7669,-0.7343,1.0935,-0.2091,1.0283,-0.4034,1.8072,-0.7251,0.9164,-0.588,0.2296,-1.0252,-1.2763,-0.9226,0.3631,-0.7542
0.7674,-0.7429,1.1029,-0.2227,0.9934,-0.3941,1.7895,-0.7304,0.9004,-0.6113,0.216,-1.0254,-1.2877,-0.9186,0.3524,-0.7532
0.7674,-0.7429,1.1029,-0.2227,0.9934,-0.3941,1.7895,-0.7304,0.9004,-0.6113,0.216,-1.0254,-1.2877,-0.9186,0.3524,-0.7532
0.7606,-0.749,1.0855,-0.2216,0.9641,-0.393,1.7666,-0.728,0.9269,-0.6497,0.1962,-1.0235,-1.2947,-0.9209,0.3427,-0.7608
0.7606,-0.749,1.0855,-0.2216,0.9641,-0.393,1.7666,-0.728,0.9269,-0.6497,0.1962,-1.0235,-1.2947,-0.9209,0.3427,-0.7608
0.7606,-0.749,1.0855,-0.2216,0.9641,-0.393,1.7666,-0.728,0.9269,-0.6497,0.1962,-1.0235,-1.2947,-0.9209,0.3427,-0.7608
0.7611,-0.7577,1.0855,-0.2216,0.95,-0.3973,1.7718,-0.7356,1.0287,-0.6567,0.178,-1.0171,-1.2877,-0.9186,0.3412,-0.7657
0.7611,-0.7577,1.0855,-0.2216,0.95,-0.3973,1.7718,-0.7356,1.0287,-0.6567,0.178,-1.0171,-1.2877,-0.9186,0.3412,-0.7657
0.7611,-0.7577,1.0855,-0.2216,0.95,-0.3973,1.7718,-0.7356,1.0287,-0.6567,0.178,-1.0171,-1.2877,-0.9186,0.3412,-0.7657
0.735,-0.7598,1.0461,-0.2128,0.9171,-0.4071,1.7965,-0.7558,1.088,-0.6486,0.1377,-1.0054,-1.2833,-0.9249,0.3315,-0.7732
0.735,-0.7598,1.0461,-0.2128,0.9171,-0.4071,1.7965,-0.7558,1.088,-0.6486,0.1377,-1.0054,-1.2833,-0.9249,0.3315,-0.7732
0.7131,-0.7521,1.0415,-0.206,0.9049,-0.4059,1.8388,-0.7708,1.0716,-0.6719,0.1134,-0.9968,-1.2789,-0.9312,0.3275,-0.7745
0.7131,-0.7521,1.0415,-0.206,0.9049,-0.4059,1.8388,-0.7708,1.0716,-0.6719,0.1134,-0.9968,-1.2789,-0.9312,0.3275,-0.7745
0.696,-0.7432,1.0304,-0.2022,0.8955,-0.4087,1.83,-0.7734,1.088,-0.6486,0.112,-1.0014,-1.2903,-0.9272,0.3128,-0.7748
0.696,-0.7432,1.0304,-0.2022,0.8955,-0.4087,1.83,-0.7734,1.088,-0.6486,0.112,-1.0014,-1.2903,-0.9272,0.3128,-0.7748
0.6715,-0.7317,1.0241,-0.205,0.8861,-0.4115,1.8159,-0.7684,1.1044,-0.6254,0.1022,-1.0004,-1.2789,-0.9312,0.3062,-0.7725
0.6715,-0.7317,1.0241,-0.205,0.8861,-0.4115,1.8159,-0.7684,1.1044,-0.6254,0.1022,-1.0004,-1.2789,-0.9312,0.3062,-0.7725
0.6596,-0.7303,1.0178,-0.2079,0.8842,-0.417,1.7736,-0.7535,1.0776,-0.5868,0.097,-1.0062,-1.2676,-0.9353,0.2891,-0.7692
0.6596,-0.7303,1.0178,-0.2079,0.8842,-0.417,1.7736,-0.7535,1.0776,-0.5868,0.097,-1.0062,-1.2676,-0.9353,0.2891,-0.7692
0.6596,-0.7303,1.0178,-0.2079,0.8842,-0.417,1.7736,-0.7535,1.0776,-0.5868,0.097,-1.0062,-1.2676,-0.9353,0.2891,-0.7692
0.6476,-0.729,1.0115,-0.2108,0.8674,-0.4171,1.7401,-0.7359,1.0345,-0.5715,0.0881,-1.0131,-1.2474,-0.9519,0.276,-0.7645
0.6476,-0.729,1.0115,-0.2108,0.8674,-0.4171,1.7401,-0.7359,1.0345,-0.5715,0.0881,-1.0131,-1.2474,-0.9519,0.276,-0.7645
0.5985,-0.737,0.9956,-0.2356,0.8235,-0.4352,1.6349,-0.7217,1.0345,-0.5715,0.0643,-1.0249,-1.2343,-0.9709,0.2507,-0.7638
0.5985,-0.737,0.9956,-0.2356,0.8235,-0.4352,1.6349,-0.7217,1.0345,-0.5715,0.0643,-1.0249,-1.2343,-0.9709,0.2507,-0.7638
0.5799,-0.7417,0.983,-0.2413,0.7974,-0.4382,1.6035,-0.722,1.0183,-0.5949,0.0457,-1.0309,-1.2754,-0.9611,0.2371,-0.7727
0.5799,-0.7417,0.983,-0.2413,0.7974,-0.4382,1.6035,-0.722,1.0183,-0.5949,0.0457,-1.0309,-1.2754,-0.9611,0.2371,-0.7727
0.5706,-0.7441,0.9877,-0.2481,0.7732,-0.4357,1.6,-0.7322,1.045,-0.6334,0.0308,-1.0357,-1.3095,-0.9491,0.2185,-0.7743
0.5706,-0.7441,0.9877,-0.2481,0.7732,-0.4357,1.6,-0.7322,1.045,-0.6334,0.0308,-1.0357,-1.3095,-0.9491,0.2185,-0.7743
0.5706,-0.7441,0.9877,-0.2481,0.7732,-0.4357,1.6,-0.7322,1.045,-0.6334,0.0308,-1.0357,-1.3095,-0.9491,0.2185,-0.7743
0.5494,-0.7451,0.9548,-0.2365,0.7472,-0.4387,1.5687,-0.7326,1.0716,-0.6719,0.0145,-1.045,-1.3435,-0.937,0.1919,-0.7785
0.5494,-0.7451,0.9548,-0.2365,0.7472,-0.4387,1.5687,-0.7326,1.0716,-0.6719,0.0145,-1.045,-1.3435,-0.937,0.1919,-0.7785
0.5356,-0.7486,0.933,-0.2287,0.7259,-0.4403,1.5653,-0.7428,1.1843,-0.7406,-0.0124,-1.0456,-1.3731,-0.9314,0.1758,-0.7837
0.5356,-0.7486,0.933,-0.2287,0.7259,-0.4403,1.5653,-0.7428,1.1843,-0.7406,-0.0124,-1.0456,-1.3731,-0.9314,0.1758,-0.7837
0.5191,-0.7484,0.9127,-0.2114,0.6972,-0.4393,1.5566,-0.7454,1.2707,-0.7711,-0.0333,-1.0483,-1.4027,-0.9257,0.1533,-0.7867
0.5026,-0.7483,0.8971,-0.2008,0.6759,-0.4409,1.5479,-0.748,1.3141,-0.7864,-0.0601,-1.0488,-1.4165,-0.9303,0.1348,-0.7883
0.5026,-0.7483,0.8971,-0.2008,0.6759,-0.4409,1.5479,-0.748,1.3141,-0.7864,-0.0601,-1.0488,-1.4165,-0.9303,0.1348,-0.7883
0.4836,-0.7444,0.8816,-0.1903,0.6473,-0.4399,1.5531,-0.7556,1.3141,-0.7864,-0.0831,-1.0482,-1.4416,-0.9309,0.1188,-0.7935
0.4836,-0.7444,0.8816,-0.1903,0.6473,-0.4399,1.5531,-0.7556,1.3141,-0.7864,-0.0831,-1.0482,-1.4416,-0.9309,0.1188,-0.7935
0.4836,-0.7444,0.8816,-0.1903,0.6473,-0.4399,1.5531,-0.7556,1.3141,-0.7864,-0.0831,-1.0482,-1.4416,-0.9309,0.1188,-0.7935
0.4601,-0.7416,0.8644,-0.1893,0.6216,-0.4429,1.5358,-0.7609,1.2707,-0.7711,-0.1061,-1.0476,-1.4511,-0.9419,0.1068,-0.7974
0.4601,-0.7416,0.8644,-0.1893,0.6216,-0.4429,1.5358,-0.7609,1.2707,-0.7711,-0.1061,-1.0476,-1.4511,-0.9419,0.1068,-0.7974
0.4391,-0.7427,0.852,-0.195,0.5885,-0.4433,1.5185,-0.7661,1.1311,-0.6639,-0.1268,-1.0502,-1.4649,-0.9465,0.1014,-0.8036
0.4391,-0.7427,0.852,-0.195,0.5885,-0.4433,1.5185,-0.7661,1.1311,-0.6639,-0.1268,-1.0502,-1.4649,-0.9465,0.1014,-0.8036
0.4227,-0.7425,0.8441,-0.2075,0.5656,-0.4504,1.5012,-0.7714,1.0345,-0.5715,-0.1521,-1.0463,-1.483,-0.9448,0.1024,-0.8121
0.4227,-0.7425,0.8441,-0.2075,0.5656,-0.4504,1.5012,-0.7714,1.0345,-0.5715,-0.1521,-1.0463,-1.483,-0.9448,0.1024,-0.8121
0.4018,-0.7435,0.8379,-0.2103,0.5592,-0.4572,1.4874,-0.7665,0.8838,-0.401,-0.1668,-1.0511,-1.4855,-0.9534,0.0944,-0.8147
0.4018,-0.7435,0.8379,-0.2103,0.5592,-0.4572,1.4874,-0.7665,0.8838,-0.401,-0.1668,-1.0511,-1.4855,-0.9534,0.0944,-0.8147
0.3809,-0.7445,0.841,-0.2266,0.5483,-0.4654,1.4649,-0.7642,0.8137,-0.3467,-0.1933,-1.0517,-1.4993,-0.958,0.076,-0.8163
0.3809,-0.7445,0.841,-0.2266,0.5483,-0.4654,1.4649,-0.7642,0.8137,-0.3467,-0.1933,-1.0517,-1.4993,-0.958,0.076,-0.8163
0.3672,-0.7481,0.8285,-0.2323,0.5465,-0.4708,1.4477,-0.7695,0.7709,-0.3316,-0.2162,-1.0511,-1.5018,-0.9666,0.0486,-0.8121
0.3672,-0.7481,0.8285,-0.2323,0.5465,-0.4708,1.4477,-0.7695,0.7709,-0.3316,-0.2162,-1.0511,-1.5018,-0.9666,0.0486,-0.8121
0.3646,-0.7444,0.8394,-0.2362,0.563,-0.4706,1.4425,-0.762,0.7822,-0.3945,-0.2271,-1.0547,-1.5043,-0.9751,0.0124,-0.802
0.3646,-0.7444,0.8394,-0.2362,0.563,-0.4706,1.4425,-0.762,0.7822,-0.3945,-0.2271,-1.0547,-1.5043,-0.9751,0.0124,-0.802
0.3855,-0.7434,0.8612,-0.2438,0.5923,-0.4567,1.4511,-0.7593,0.7351,-0.4658,-0.2176,-1.0556,-1.5069,-0.9837,-0.003,-0.7939
0.4247,-0.7376,0.8736,-0.2381,0.6326,-0.4347,1.4769,-0.7514,0.757,-0.5896,-0.1718,-1.0568,-1.4957,-0.9877,-0.0065,-0.7818
0.4247,-0.7376,0.8736,-0.2381,0.6326,-0.4347,1.4769,-0.7514,0.757,-0.5896,-0.1718,-1.0568,-1.4957,-0.9877,-0.0065,-0.7818
0.4923,-0.7333,0.9095,-0.2306,0.6897,-0.4123,1.5201,-0.7382,0.7835,-0.6278,-0.1135,-1.05,-1.4794,-0.9745,0.0213,-0.7726
0.4923,-0.7333,0.9095,-0.2306,0.6897,-0.4123,1.5201,-0.7382,0.7835,-0.6278,-0.1135,-1.05,-1.4794,-0.9745,0.0213,-0.7726
0.4923,-0.7333,0.9095,-0.2306,0.6897,-0.4123,1.5201,-0.7382,0.7835,-0.6278,-0.1135,-1.05,-1.4794,-0.9745,0.0213,-0.7726
0.5576,-0.7254,0.9362,-0.2096,0.7591,-0.3911,1.5808,-0.7197,0.8683,-0.6578,-0.0462,-1.0362,-1.438,-0.9607,0.0699,-0.7654
0.5576,-0.7254,0.9362,-0.2096,0.7591,-0.3911,1.5808,-0.7197,0.8683,-0.6578,-0.0462,-1.0362,-1.438,-0.9607,0.0699,-0.7654
0.5576,-0.7254,0.9362,-0.2096,0.7591,-0.3911,1.5808,-0.7197,0.8683,-0.6578,-0.0462,-1.0362,-1.438,-0.9607,0.0699,-0.7654
0.6067,-0.7173,0.966,-0.2048,0.8206,-0.3822,1.6577,-0.724,0.9108,-0.6728,0.0034,-1.016,-1.4147,-0.9452,0.1123,-0.7559
0.6067,-0.7173,0.966,-0.2048,0.8206,-0.3822,1.6577,-0.724,0.9108,-0.6728,0.0034,-1.016,-1.4147,-0.9452,0.1123,-0.7559
0.6715,-0.692,1.0321,-0.1925,0.919,-0.3771,1.7983,-0.7277,1.002,-0.6183,0.0831,-0.9861,-1.3366,-0.9347,0.205,-0.7477
0.6715,-0.692,1.0321,-0.1925,0.919,-0.3771,1.7983,-0.7277,1.002,-0.6183,0.0831,-0.9861,-1.3366,-0.9347,0.205,-0.7477
0.6715,-0.692,1.0321,-0.1925,0.919,-0.3771,1.7983,-0.7277,1.002,-0.6183,0.0831,-0.9861,-1.3366,-0.9347,0.205,-0.7477
0.6803,-0.6809,1.0494,-0.1936,0.9481,-0.3782,1.8213,-0.7301,1.0183,-0.5949,0.1093,-0.9776,-1.3157,-0.9278,0.2472,-0.7517
0.6803,-0.6809,1.0494,-0.1936,0.9481,-0.3782,1.8213,-0.7301,1.0183,-0.5949,0.1093,-0.9776,-1.3157,-0.9278,0.2472,-0.7517
0.6771,-0.6684,1.0558,-0.1907,0.9679,-0.3821,1.8443,-0.7325,1.0077,-0.5328,0.1243,-0.9728,-1.2789,-0.9312,0.27,-0.7487
0.6771,-0.6684,1.0558,-0.1907,0.9679,-0.3821,1.8443,-0.7325,1.0077,-0.5328,0.1243,-0.9728,-1.2789,-0.9312,0.27,-0.7487
0.6771,-0.6684,1.0558,-0.1907,0.9679,-0.3821,1.8443,-0.7325,1.0077,-0.5328,0.1243,-0.9728,-1.2789,-0.9312,0.27,-0.7487
0.6771,-0.6684,1.0558,-0.1907,0.9651,-0.378,1.8196,-0.7122,1.0508,-0.5481,0.128,-0.9716,-1.2492,-0.937,0.2871,-0.7521
