0.521,-0.0207,0.6549,-0.3348,0.7143,0.4302,-0.0934,0.0753,-0.6471,-0.4258,-0.0218,-0.4408,-0.5301,-0.7933,-0.9645,-0.3418
0.482,-0.0288,0.592,-0.3126,0.7102,0.4149,-0.0804,0.0566,-0.7023,-0.4064,-0.0388,-0.4464,-0.5532,-0.7851,-0.9732,-0.3451
0.482,-0.0288,0.592,-0.3126,0.7102,0.4149,-0.0804,0.0566,-0.7023,-0.4064,-0.0388,-0.4464,-0.5532,-0.7851,-0.9732,-0.3451
0.482,-0.0288,0.592,-0.3126,0.7102,0.4149,-0.0804,0.0566,-0.7023,-0.4064,-0.0388,-0.4464,-0.5532,-0.7851,-0.9732,-0.3451
0.4626,-0.0329,0.592,-0.3126,0.7179,0.4039,-0.0921,0.0537,-0.6779,-0.4414,-0.049,-0.4544,-0.5301,-0.7933,-0.979,-0.3528
0.4626,-0.0329,0.592,-0.3126,0.7179,0.4039,-0.0921,0.0537,-0.6779,-0.4414,-0.049,-0.4544,-0.5301,-0.7933,-0.979,-0.3528
0.4626,-0.0329,0.5604,-0.2671,0.7179,0.4039,-0.0921,0.0537,-0.6779,-0.4414,-0.0618,-0.4585,-0.5441,-0.7983,-0.9848,-0.3604
0.4626,-0.0329,0.5604,-0.2671,0.7179,0.4039,-0.0921,0.0537,-0.6779,-0.4414,-0.0618,-0.4585,-0.5441,-0.7983,-0.9848,-0.3604
0.4431,-0.0369,0.5604,-0.2671,0.7256,0.3928,-0.1038,0.0508,-0.6779,-0.4414,-0.0788,-0.464,-0.5672,-0.7901,-1.0009,-0.3612
0.4431,-0.0369,0.5604,-0.2671,0.7256,0.3928,-0.1038,0.0508,-0.6779,-0.4414,-0.0788,-0.464,-0.5672,-0.7901,-1.0009,-0.3612
0.4237,-0.041,0.5604,-0.2671,0.7138,0.3886,-0.1155,0.0478,-0.6779,-0.4414,-0.0958,-0.4696,-0.5581,-0.8032,-1.014,-0.3662
0.4237,-0.041,0.5604,-0.2671,0.7138,0.3886,-0.1155,0.0478,-0.6779,-0.4414,-0.0958,-0.4696,-0.5581,-0.8032,-1.014,-0.3662
0.385,-0.0492,0.4983,-0.3138,0.6826,0.3913,-0.1388,0.042,-0.6471,-0.4258,-0.1085,-0.4737,-0.5441,-0.7983,-1.0154,-0.3722
0.385,-0.0492,0.4983,-0.3138,0.6826,0.3913,-0.1388,0.042,-0.6471,-0.4258,-0.1085,-0.4737,-0.5441,-0.7983,-1.0154,-0.3722
0.385,-0.0492,0.4983,-0.3138,0.6826,0.3913,-0.1388,0.042,-0.6471,-0.4258,-0.1085,-0.4737,-0.5441,-0.7983,-1.0154,-0.3722
0.3464,-0.0573,0.4983,-0.3138,0.6515,0.394,-0.1685,0.0454,-0.5918,-0.4454,-0.1255,-0.4792,-0.5672,-0.7901,-1.0315,-0.3729
0.3464,-0.0573,0.4983,-0.3138,0.6515,0.394,-0.1685,0.0454,-0.5918,-0.4454,-0.1255,-0.4792,-0.5672,-0.7901,-1.0315,-0.3729
0.3371,-0.0757,0.4983,-0.3138,0.6398,0.3898,-0.1917,0.0396,-0.6471,-0.4258,-0.145,-0.4809,-0.5581,-0.8032,-1.0475,-0.3737
0.3371,-0.0757,0.4983,-0.3138,0.6398,0.3898,-0.1917,0.0396,-0.6471,-0.4258,-0.145,-0.4809,-0.5581,-0.8032,-1.0475,-0.3737
0.3278,-0.0942,0.4673,-0.337,0.6281,0.3856,-0.2149,0.0337,-0.6471,-0.4258,-0.1646,-0.4826,-0.5812,-0.795,-1.0635,-0.3745
0.3278,-0.0942,0.4673,-0.337,0.6281,0.3856,-0.2149,0.0337,-0.6471,-0.4258,-0.1646,-0.4826,-0.5812,-0.795,-1.0635,-0.3745
0.2795,-0.0879,0.4673,-0.337,0.6048,0.3772,-0.238,0.0279,-0.6779,-0.4414,-0.1772,-0.4868,-0.5951,-0.8,-1.0795,-0.3753
0.2795,-0.0879,0.4673,-0.337,0.6048,0.3772,-0.238,0.0279,-0.6779,-0.4414,-0.1772,-0.4868,-0.5951,-0.8,-1.0795,-0.3753
0.2795,-0.0879,0.4673,-0.337,0.6048,0.3772,-0.238,0.0279,-0.6779,-0.4414,-0.1772,-0.4868,-0.5951,-0.8,-1.0795,-0.3753
0.2795,-0.0879,0.4983,-0.3138,0.6241,0.3704,-0.256,0.0343,-0.733,-0.422,-0.1857,-0.4895,-0.6181,-0.7919,-1.0882,-0.3786
0.2795,-0.0879,0.4983,-0.3138,0.6241,0.3704,-0.256,0.0343,-0.733,-0.422,-0.1857,-0.4895,-0.6181,-0.7919,-1.0882,-0.3786
0.2702,-0.1063,0.4359,-0.2917,0.5931,0.373,-0.2495,0.025,-0.733,-0.422,-0.2036,-0.4861,-0.6181,-0.7919,-1.1042,-0.3794
0.2702,-0.1063,0.4359,-0.2917,0.5931,0.373,-0.2495,0.025,-0.733,-0.422,-0.2036,-0.4861,-0.6181,-0.7919,-1.1042,-0.3794
0.232,-0.1144,0.4364,-0.3602,0.5698,0.3647,-0.2726,0.0191,-0.8183,-0.4183,-0.2146,-0.485,-0.632,-0.7968,-1.1244,-0.3819
0.232,-0.1144,0.4364,-0.3602,0.5698,0.3647,-0.2726,0.0191,-0.8183,-0.4183,-0.2146,-0.485,-0.632,-0.7968,-1.1244,-0.3819
0.232,-0.1144,0.4051,-0.315,0.5698,0.3647,-0.2905,0.0255,-0.8183,-0.4183,-0.2257,-0.484,-0.646,-0.8018,-1.1361,-0.381
0.232,-0.1144,0.4051,-0.315,0.5698,0.3647,-0.2905,0.0255,-0.8183,-0.4183,-0.2257,-0.484,-0.646,-0.8018,-1.1361,-0.381
0.1938,-0.1225,0.3744,-0.3383,0.5466,0.3563,-0.325,0.0167,-0.7941,-0.4532,-0.2367,-0.483,-0.646,-0.8018,-1.152,-0.3817
0.1938,-0.1225,0.3744,-0.3383,0.5466,0.3563,-0.325,0.0167,-0.7941,-0.4532,-0.2367,-0.483,-0.646,-0.8018,-1.152,-0.3817
0.1938,-0.1225,0.3744,-0.3383,0.5466,0.3563,-0.325,0.0167,-0.7941,-0.4532,-0.2367,-0.483,-0.646,-0.8018,-1.152,-0.3817
0.1748,-0.1265,0.3431,-0.2931,0.5274,0.3631,-0.325,0.0167,-0.7941,-0.4532,-0.2451,-0.4857,-0.6689,-0.7937,-1.1636,-0.3809
0.1748,-0.1265,0.3431,-0.2931,0.5274,0.3631,-0.325,0.0167,-0.7941,-0.4532,-0.2451,-0.4857,-0.6689,-0.7937,-1.1636,-0.3809
0.1558,-0.1305,0.3431,-0.2931,0.5158,0.3589,-0.3479,0.0108,-0.7636,-0.4376,-0.2588,-0.4809,-0.6689,-0.7937,-1.1751,-0.38
0.1558,-0.1305,0.3431,-0.2931,0.5158,0.3589,-0.3479,0.0108,-0.7636,-0.4376,-0.2588,-0.4809,-0.6689,-0.7937,-1.1751,-0.38
0.108,-0.1244,0.3431,-0.2931,0.4851,0.3615,-0.3772,0.0142,-0.8183,-0.4183,-0.2698,-0.4799,-0.6918,-0.7856,-1.191,-0.3808
0.108,-0.1244,0.3431,-0.2931,0.4851,0.3615,-0.3772,0.0142,-0.8183,-0.4183,-0.2698,-0.4799,-0.6918,-0.7856,-1.191,-0.3808
0.0415,-0.1224,0.3437,-0.3614,0.462,0.3532,-0.4001,0.0084,-0.8183,-0.4183,-0.2834,-0.4751,-0.6828,-0.7986,-1.2098,-0.3773
0.0415,-0.1224,0.3437,-0.3614,0.462,0.3532,-0.4001,0.0084,-0.8183,-0.4183,-0.2834,-0.4751,-0.6828,-0.7986,-1.2098,-0.3773
0.0415,-0.1224,0.3437,-0.3614,0.462,0.3532,-0.4001,0.0084,-0.8183,-0.4183,-0.2834,-0.4751,-0.6828,-0.7986,-1.2098,-0.3773
0.0603,-0.1183,0.3744,-0.3383,0.4735,0.3574,-0.3887,0.0113,-0.7941,-0.4532,-0.2724,-0.4761,-0.6828,-0.7986,-1.2098,-0.3773
0.0603,-0.1183,0.3744,-0.3383,0.4735,0.3574,-0.3887,0.0113,-0.7941,-0.4532,-0.2724,-0.4761,-0.6828,-0.7986,-1.2098,-0.3773
0.0981,-0.1102,0.3431,-0.2931,0.4851,0.3615,-0.3836,0.0235,-0.8183,-0.4183,-0.2515,-0.4692,-0.6598,-0.8067,-1.1926,-0.3706
0.0981,-0.1102,0.3431,-0.2931,0.4851,0.3615,-0.3836,0.0235,-0.8183,-0.4183,-0.2515,-0.4692,-0.6598,-0.8067,-1.1926,-0.3706
0.1451,-0.0837,0.4051,-0.315,0.5198,0.3741,-0.3493,0.0323,-0.8183,-0.4183,-0.2136,-0.4567,-0.632,-0.7968,-1.1594,-0.3631
0.1451,-0.0837,0.4051,-0.315,0.5198,0.3741,-0.3493,0.0323,-0.8183,-0.4183,-0.2136,-0.4567,-0.632,-0.7968,-1.1594,-0.3631
0.2595,-0.0592,0.4044,-0.2463,0.5855,0.384,-0.2919,0.0469,-0.8183,-0.4183,-0.1672,-0.4414,-0.6091,-0.8049,-1.1146,-0.3564
0.2595,-0.0592,0.4044,-0.2463,0.5855,0.384,-0.2919,0.0469,-0.8183,-0.4183,-0.1672,-0.4414,-0.6091,-0.8049,-1.1146,-0.3564
0.3557,-0.0388,0.4977,-0.2449,0.6322,0.4008,-0.2162,0.0553,-0.7636,-0.4376,-0.1069,-0.431,-0.5812,-0.795,-1.0682,-0.3439
0.3557,-0.0388,0.4977,-0.2449,0.6322,0.4008,-0.2162,0.0553,-0.7636,-0.4376,-0.1069,-0.431,-0.5812,-0.795,-1.0682,-0.3439
0.3557,-0.0388,0.4977,-0.2449,0.6322,0.4008,-0.2162,0.0553,-0.7636,-0.4376,-0.1069,-0.431,-0.5812,-0.795,-1.0682,-0.3439
0.4331,-0.0225,0.5288,-0.2214,0.679,0.4176,-0.1582,0.07,-0.733,-0.422,-0.0601,-0.4157,-0.5532,-0.7851,-1.026,-0.3329
0.4331,-0.0225,0.5288,-0.2214,0.679,0.4176,-0.1582,0.07,-0.733,-0.422,-0.0601,-0.4157,-0.5532,-0.7851,-1.026,-0.3329
0.521,-0.0207,0.5599,-0.1978,0.7143,0.4302,-0.1051,0.0724,-0.7023,-0.4064,-0.019,-0.407,-0.5161,-0.7884,-0.9881,-0.3237
0.521,-0.0207,0.5599,-0.1978,0.7143,0.4302,-0.1051,0.0724,-0.7023,-0.4064,-0.019,-0.407,-0.5161,-0.7884,-0.9881,-0.3237
0.5602,-0.0125,0.5917,-0.2436,0.7379,0.4387,-0.07,0.0812,-0.6471,-0.4258,0.0093,-0.4025,-0.4788,-0.7916,-0.9514,-0.3205
0.5602,-0.0125,0.5917,-0.2436,0.7379,0.4387,-0.07,0.0812,-0.6471,-0.4258,0.0093,-0.4025,-0.4788,-0.7916,-0.9514,-0.3205
0.5994,-0.0044,0.6229,-0.2201,0.7497,0.4429,-0.0466,0.087,-0.6779,-0.4414,0.0248,-0.4022,-0.4929,-0.7965,-0.9323,-0.324
0.5994,-0.0044,0.6229,-0.2201,0.7497,0.4429,-0.0466,0.087,-0.6779,-0.4414,0.0248,-0.4022,-0.4929,-0.7965,-0.9323,-0.324
0.5994,-0.0044,0.6229,-0.2201,0.7497,0.4429,-0.0466,0.087,-0.6779,-0.4414,0.0248,-0.4022,-0.4929,-0.7965,-0.9323,-0.324
0.6191,-0.0003,0.6547,-0.2659,0.7615,0.4471,-0.0166,0.0835,-0.6715,-0.3907,0.0387,-0.4071,-0.4556,-0.7998,-0.9161,-0.3232
0.6191,-0.0003,0.6547,-0.2659,0.7615,0.4471,-0.0166,0.0835,-0.6715,-0.3907,0.0387,-0.4071,-0.4556,-0.7998,-0.9161,-0.3232
0.6292,-0.0149,0.6229,-0.2201,0.7615,0.4471,-0.0166,0.0835,-0.6715,-0.3907,0.0302,-0.4099,-0.4788,-0.7916,-0.9131,-0.3275
0.5994,-0.0044,0.5917,-0.2436,0.742,0.454,-0.0166,0.0835,-0.6471,-0.4258,0.02,-0.4179,-0.4788,-0.7916,-0.922,-0.3309
0.5994,-0.0044,0.5917,-0.2436,0.742,0.454,-0.0166,0.0835,-0.6471,-0.4258,0.02,-0.4179,-0.4788,-0.7916,-0.922,-0.3309
0.5994,-0.0044,0.5917,-0.2436,0.742,0.454,-0.0166,0.0835,-0.6471,-0.4258,0.02,-0.4179,-0.4788,-0.7916,-0.922,-0.3309
0.5899,-0.023,0.5917,-0.2436,0.7302,0.4498,-0.0284,0.0806,-0.6715,-0.3907,-0.0014,-0.4248,-0.502,-0.7834,-0.9307,-0.3343
0.5899,-0.023,0.5917,-0.2436,0.7302,0.4498,-0.0284,0.0806,-0.6715,-0.3907,-0.0014,-0.4248,-0.502,-0.7834,-0.9307,-0.3343
0.5703,-0.0271,0.5604,-0.2671,0.7261,0.4344,-0.0336,0.0683,-0.6471,-0.4258,-0.0202,-0.4356,-0.502,-0.7834,-0.9439,-0.3393
0.5703,-0.0271,0.5604,-0.2671,0.7261,0.4344,-0.0336,0.0683,-0.6471,-0.4258,-0.0202,-0.4356,-0.502,-0.7834,-0.9439,-0.3393
0.5703,-0.0271,0.5604,-0.2671,0.7261,0.4344,-0.0336,0.0683,-0.6471,-0.4258,-0.0202,-0.4356,-0.502,-0.7834,-0.9439,-0.3393
0.5311,-0.0352,0.5293,-0.2905,0.7025,0.426,-0.0687,0.0595,-0.6715,-0.3907,-0.0346,-0.445,-0.5111,-0.7703,-0.9527,-0.3427
0.5311,-0.0352,0.5293,-0.2905,0.7025,0.426,-0.0687,0.0595,-0.6715,-0.3907,-0.0346,-0.445,-0.5111,-0.7703,-0.9527,-0.3427
0.5412,-0.0497,0.4977,-0.2449,0.7025,0.426,-0.0687,0.0595,-0.6471,-0.4258,-0.0516,-0.4505,-0.5111,-0.7703,-0.9615,-0.3461
0.5216,-0.0537,0.4977,-0.2449,0.7102,0.4149,-0.0804,0.0566,-0.6471,-0.4258,-0.0618,-0.4585,-0.5252,-0.7752,-0.9673,-0.3537
0.5216,-0.0537,0.4977,-0.2449,0.7102,0.4149,-0.0804,0.0566,-0.6471,-0.4258,-0.0618,-0.4585,-0.5252,-0.7752,-0.9673,-0.3537
0.5216,-0.0537,0.4977,-0.2449,0.7102,0.4149,-0.0804,0.0566,-0.6471,-0.4258,-0.0618,-0.4585,-0.5252,-0.7752,-0.9673,-0.3537
0.4726,-0.0474,0.4977,-0.2449,0.6985,0.4107,-0.0921,0.0537,-0.6779,-0.4414,-0.0788,-0.464,-0.5301,-0.7933,-0.9804,-0.3587
0.4726,-0.0474,0.4977,-0.2449,0.6985,0.4107,-0.0921,0.0537,-0.6779,-0.4414,-0.0788,-0.464,-0.5301,-0.7933,-0.9804,-0.3587
0.4726,-0.0474,0.4977,-0.2449,0.6985,0.4107,-0.0921,0.0537,-0.6779,-0.4414,-0.0788,-0.464,-0.5301,-0.7933,-0.9804,-0.3587
0.4338,-0.0555,0.4668,-0.2684,0.6867,0.4065,-0.1155,0.0478,-0.6779,-0.4414,-0.0889,-0.472,-0.5532,-0.7851,-0.9936,-0.3638
0.4338,-0.0555,0.4668,-0.2684,0.6867,0.4065,-0.1155,0.0478,-0.6779,-0.4414,-0.0889,-0.472,-0.5532,-0.7851,-0.9936,-0.3638
0.4144,-0.0595,0.4983,-0.3138,0.675,0.4024,-0.1207,0.0356,-0.733,-0.422,-0.1016,-0.4761,-0.5441,-0.7983,-1.0023,-0.3671
0.4144,-0.0595,0.4983,-0.3138,0.675,0.4024,-0.1207,0.0356,-0.733,-0.422,-0.1016,-0.4761,-0.5441,-0.7983,-1.0023,-0.3671
0.395,-0.0636,0.4983,-0.3138,0.6709,0.3871,-0.1504,0.0391,-0.733,-0.422,-0.1143,-0.4803,-0.5441,-0.7983,-1.0184,-0.3679
0.395,-0.0636,0.4983,-0.3138,0.6709,0.3871,-0.1504,0.0391,-0.733,-0.422,-0.1143,-0.4803,-0.5441,-0.7983,-1.0184,-0.3679
0.3464,-0.0573,0.4359,-0.2917,0.6592,0.3829,-0.1556,0.0268,-0.7087,-0.457,-0.1313,-0.4858,-0.5581,-0.8032,-1.0388,-0.3703
0.3464,-0.0573,0.4359,-0.2917,0.6592,0.3829,-0.1556,0.0268,-0.7087,-0.457,-0.1313,-0.4858,-0.5581,-0.8032,-1.0388,-0.3703
0.3564,-0.0717,0.4983,-0.3138,0.6592,0.3829,-0.1736,0.0332,-0.7636,-0.4376,-0.1482,-0.4913,-0.5812,-0.795,-1.0518,-0.3754
0.3564,-0.0717,0.4983,-0.3138,0.6592,0.3829,-0.1736,0.0332,-0.7636,-0.4376,-0.1482,-0.4913,-0.5812,-0.795,-1.0518,-0.3754
0.3564,-0.0717,0.4983,-0.3138,0.6592,0.3829,-0.1736,0.0332,-0.7636,-0.4376,-0.1482,-0.4913,-0.5812,-0.795,-1.0518,-0.3754
0.3371,-0.0757,0.4359,-0.2917,0.6358,0.3746,-0.1788,0.021,-0.7636,-0.4376,-0.1609,-0.4954,-0.5951,-0.8,-1.0722,-0.3778
0.3371,-0.0757,0.4359,-0.2917,0.6358,0.3746,-0.1788,0.021,-0.7636,-0.4376,-0.1609,-0.4954,-0.5951,-0.8,-1.0722,-0.3778
0.2986,-0.0839,0.4359,-0.2917,0.6048,0.3772,-0.202,0.0152,-0.7878,-0.4026,-0.183,-0.4933,-0.6091,-0.8049,-1.0882,-0.3786
0.2986,-0.0839,0.4359,-0.2917,0.6048,0.3772,-0.202,0.0152,-0.7878,-0.4026,-0.183,-0.4933,-0.6091,-0.8049,-1.0882,-0.3786
0.2795,-0.0879,0.3737,-0.2698,0.6007,0.3621,-0.2316,0.0186,-0.7878,-0.4026,-0.1983,-0.4937,-0.6091,-0.8049,-1.0939,-0.3862
0.2795,-0.0879,0.3737,-0.2698,0.6007,0.3621,-0.2316,0.0186,-0.7878,-0.4026,-0.1983,-0.4937,-0.6091,-0.8049,-1.0939,-0.3862
0.2412,-0.096,0.4051,-0.315,0.5698,0.3647,-0.2431,0.0157,-0.8183,-0.4183,-0.2067,-0.4964,-0.623,-0.8099,-1.1128,-0.3827
0.2412,-0.096,0.4051,-0.315,0.5698,0.3647,-0.2431,0.0157,-0.8183,-0.4183,-0.2067,-0.4964,-0.623,-0.8099,-1.1128,-0.3827
0.2221,-0.1001,0.4051,-0.315,0.5582,0.3605,-0.2726,0.0191,-0.8183,-0.4183,-0.2152,-0.4992,-0.623,-0.8099,-1.1215,-0.3861
0.2221,-0.1001,0.4051,-0.315,0.5582,0.3605,-0.2726,0.0191,-0.8183,-0.4183,-0.2152,-0.4992,-0.623,-0.8099,-1.1215,-0.3861
0.2221,-0.1001,0.4051,-0.315,0.5582,0.3605,-0.2726,0.0191,-0.8183,-0.4183,-0.2152,-0.4992,-0.623,-0.8099,-1.1215,-0.3861
0.203,-0.1041,0.4364,-0.3602,0.5466,0.3563,-0.302,0.0226,-0.8183,-0.4183,-0.233,-0.4957,-0.646,-0.8018,-1.1374,-0.3869
0.203,-0.1041,0.4364,-0.3602,0.5466,0.3563,-0.302,0.0226,-0.8183,-0.4183,-0.233,-0.4957,-0.646,-0.8018,-1.1374,-0.3869
0.1839,-0.1082,0.4051,-0.315,0.539,0.3673,-0.3135,0.0196,-0.7941,-0.4532,-0.2441,-0.4947,-0.6689,-0.7937,-1.1563,-0.3834
0.1839,-0.1082,0.4051,-0.315,0.539,0.3673,-0.3135,0.0196,-0.7941,-0.4532,-0.2441,-0.4947,-0.6689,-0.7937,-1.1563,-0.3834
0.1649,-0.1122,0.4051,-0.315,0.5274,0.3631,-0.3429,0.023,-0.7941,-0.4532,-0.2551,-0.4937,-0.6918,-0.7856,-1.1649,-0.3868
0.1649,-0.1122,0.4051,-0.315,0.5274,0.3631,-0.3429,0.023,-0.7941,-0.4532,-0.2551,-0.4937,-0.6918,-0.7856,-1.1649,-0.3868
0.1459,-0.1163,0.3744,-0.3383,0.5158,0.3589,-0.3543,0.0201,-0.8487,-0.4339,-0.2703,-0.494,-0.7057,-0.7905,-1.1808,-0.3876
0.1459,-0.1163,0.3744,-0.3383,0.5158,0.3589,-0.3543,0.0201,-0.8487,-0.4339,-0.2703,-0.494,-0.7057,-0.7905,-1.1808,-0.3876
0.1459,-0.1163,0.3744,-0.3383,0.5158,0.3589,-0.3543,0.0201,-0.8487,-0.4339,-0.2703,-0.494,-0.7057,-0.7905,-1.1808,-0.3876
0.108,-0.1244,0.3125,-0.3164,0.4851,0.3615,-0.3594,0.0079,-0.8183,-0.4183,-0.2839,-0.4892,-0.6918,-0.7856,-1.1924,-0.3867
0.108,-0.1244,0.3125,-0.3164,0.4851,0.3615,-0.3594,0.0079,-0.8183,-0.4183,-0.2839,-0.4892,-0.6918,-0.7856,-1.1924,-0.3867
0.0891,-0.1284,0.3125,-0.3164,0.4544,0.3641,-0.3887,0.0113,-0.7941,-0.4532,-0.2949,-0.4882,-0.7147,-0.7775,-1.2111,-0.3832
0.0891,-0.1284,0.3125,-0.3164,0.4544,0.3641,-0.3887,0.0113,-0.7941,-0.4532,-0.2949,-0.4882,-0.7147,-0.7775,-1.2111,-0.3832
0.0702,-0.1325,0.2812,-0.2713,0.4429,0.3599,-0.4001,0.0084,-0.8246,-0.4687,-0.3127,-0.4847,-0.7285,-0.7824,-1.2198,-0.3866
0.0702,-0.1325,0.2812,-0.2713,0.4429,0.3599,-0.4001,0.0084,-0.8246,-0.4687,-0.3127,-0.4847,-0.7285,-0.7824,-1.2198,-0.3866
0.0702,-0.1325,0.2508,-0.2946,0.4504,0.349,-0.4179,0.0147,-0.8549,-0.4843,-0.3002,-0.4806,-0.7147,-0.7775,-1.2111,-0.3832
0.0702,-0.1325,0.2508,-0.2946,0.4504,0.349,-0.4179,0.0147,-0.8549,-0.4843,-0.3002,-0.4806,-0.7147,-0.7775,-1.2111,-0.3832
0.0702,-0.1325,0.2508,-0.2946,0.4504,0.349,-0.4179,0.0147,-0.8549,-0.4843,-0.3002,-0.4806,-0.7147,-0.7775,-1.2111,-0.3832
0.1269,-0.1203,0.2812,-0.2713,0.4735,0.3574,-0.3772,0.0142,-0.8246,-0.4687,-0.2709,-0.4709,-0.7009,-0.7725,-1.1896,-0.3748
0.1269,-0.1203,0.2812,-0.2713,0.4735,0.3574,-0.3772,0.0142,-0.8246,-0.4687,-0.2709,-0.4709,-0.7009,-0.7725,-1.1896,-0.3748
0.203,-0.1041,0.3116,-0.2478,0.5082,0.3699,-0.3493,0.0323,-0.8246,-0.4687,-0.2178,-0.4581,-0.687,-0.7675,-1.1551,-0.3614
0.203,-0.1041,0.3116,-0.2478,0.5082,0.3699,-0.3493,0.0323,-0.8246,-0.4687,-0.2178,-0.4581,-0.687,-0.7675,-1.1551,-0.3614
0.2887,-0.0695,0.3422,-0.2243,0.5662,0.3908,-0.2804,0.0499,-0.8246,-0.4687,-0.1646,-0.4452,-0.6732,-0.7625,-1.1059,-0.3531
0.2887,-0.0695,0.3422,-0.2243,0.5662,0.3908,-0.2804,0.0499,-0.8246,-0.4687,-0.1646,-0.4452,-0.6732,-0.7625,-1.1059,-0.3531
0.3657,-0.0532,0.4044,-0.2463,0.6205,0.3966,-0.2162,0.0553,-0.7941,-0.4532,-0.1,-0.4334,-0.6224,-0.7607,-1.0595,-0.3405
0.3657,-0.0532,0.4044,-0.2463,0.6205,0.3966,-0.2162,0.0553,-0.7941,-0.4532,-0.1,-0.4334,-0.6224,-0.7607,-1.0595,-0.3405
0.4626,-0.0329,0.4668,-0.2684,0.6673,0.4134,-0.1517,0.0606,-0.8183,-0.4183,-0.0463,-0.4206,-0.5854,-0.7639,-1.0173,-0.3296
0.4626,-0.0329,0.4668,-0.2684,0.6673,0.4134,-0.1517,0.0606,-0.8183,-0.4183,-0.0463,-0.4206,-0.5854,-0.7639,-1.0173,-0.3296
0.4626,-0.0329,0.4668,-0.2684,0.6673,0.4134,-0.1517,0.0606,-0.8183,-0.4183,-0.0463,-0.4206,-0.5854,-0.7639,-1.0173,-0.3296
0.5602,-0.0125,0.5288,-0.2214,0.7143,0.4302,-0.0999,0.0847,-0.7878,-0.4026,-0.0052,-0.4119,-0.5714,-0.7589,-0.9763,-0.3246
0.5602,-0.0125,0.5288,-0.2214,0.7143,0.4302,-0.0999,0.0847,-0.7878,-0.4026,-0.0052,-0.4119,-0.5714,-0.7589,-0.9763,-0.3246
0.6292,-0.0149,0.5917,-0.2436,0.7574,0.4318,-0.0466,0.087,-0.733,-0.422,0.0189,-0.4088,-0.5252,-0.7752,-0.9397,-0.3214
0.6292,-0.0149,0.5917,-0.2436,0.7574,0.4318,-0.0466,0.087,-0.733,-0.422,0.0189,-0.4088,-0.5252,-0.7752,-0.9397,-0.3214
0.6686,-0.0068,0.6547,-0.2659,0.7887,0.4291,-0.0231,0.0929,-0.6471,-0.4258,0.0387,-0.4071,-0.4971,-0.7653,-0.9117,-0.3215
0.6686,-0.0068,0.6547,-0.2659,0.7887,0.4291,-0.0231,0.0929,-0.6471,-0.4258,0.0387,-0.4071,-0.4971,-0.7653,-0.9117,-0.3215
0.6585,0.0078,0.6229,-0.2201,0.8005,0.4333,0.0069,0.0894,-0.6715,-0.3907,0.0484,-0.4134,-0.4971,-0.7653,-0.9029,-0.3182
0.6585,0.0078,0.6229,-0.2201,0.8005,0.4333,0.0069,0.0894,-0.6715,-0.3907,0.0484,-0.4134,-0.4971,-0.7653,-0.9029,-0.3182
0.6585,0.0078,0.6229,-0.2201,0.8005,0.4333,0.0069,0.0894,-0.6715,-0.3907,0.0484,-0.4134,-0.4971,-0.7653,-0.9029,-0.3182
0.6686,-0.0068,0.6547,-0.2659,0.8005,0.4333,0.0069,0.0894,-0.6715,-0.3907,0.0494,-0.4225,-0.4647,-0.7867,-0.8955,-0.3208
0.6686,-0.0068,0.6547,-0.2659,0.8005,0.4333,0.0069,0.0894,-0.6715,-0.3907,0.0494,-0.4225,-0.4647,-0.7867,-0.8955,-0.3208
0.6686,-0.0068,0.6547,-0.2659,0.7887,0.4291,0.0134,0.08,-0.6715,-0.3907,0.0392,-0.4305,-0.4647,-0.7867,-0.8969,-0.3268
0.6393,-0.0295,0.5604,-0.2671,0.7651,0.4207,-0.0036,0.0648,-0.5852,-0.3946,0.0221,-0.436,-0.4739,-0.7735,-0.9014,-0.3284
0.6393,-0.0295,0.5604,-0.2671,0.7651,0.4207,-0.0036,0.0648,-0.5852,-0.3946,0.0221,-0.436,-0.4739,-0.7735,-0.9014,-0.3284
0.6393,-0.0295,0.5604,-0.2671,0.7651,0.4207,-0.0036,0.0648,-0.5852,-0.3946,0.0221,-0.436,-0.4739,-0.7735,-0.9014,-0.3284
0.6095,-0.019,0.6233,-0.2893,0.7651,0.4207,-0.0036,0.0648,-0.6406,-0.375,-0.0036,-0.4444,-0.4879,-0.7785,-0.9146,-0.3335
0.6095,-0.019,0.6233,-0.2893,0.7651,0.4207,-0.0036,0.0648,-0.6406,-0.375,-0.0036,-0.4444,-0.4879,-0.7785,-0.9146,-0.3335
0.6,-0.0376,0.6233,-0.2893,0.7338,0.4233,-0.0271,0.0589,-0.6715,-0.3907,-0.0197,-0.4589,-0.5252,-0.7752,-0.9292,-0.3445
0.6,-0.0376,0.6233,-0.2893,0.7338,0.4233,-0.0271,0.0589,-0.6715,-0.3907,-0.0197,-0.4589,-0.5252,-0.7752,-0.9292,-0.3445
0.6,-0.0376,0.6233,-0.2893,0.7338,0.4233,-0.0271,0.0589,-0.6715,-0.3907,-0.0197,-0.4589,-0.5252,-0.7752,-0.9292,-0.3445
0.5507,-0.0311,0.592,-0.3126,0.7415,0.4123,-0.0388,0.056,-0.6715,-0.3907,-0.041,-0.4658,-0.5392,-0.7802,-0.9394,-0.3539
0.5507,-0.0311,0.592,-0.3126,0.7415,0.4123,-0.0388,0.056,-0.6715,-0.3907,-0.041,-0.4658,-0.5392,-0.7802,-0.9394,-0.3539
0.5116,-0.0393,0.5297,-0.3591,0.7179,0.4039,-0.0558,0.0408,-0.6471,-0.4258,-0.0554,-0.4752,-0.5623,-0.772,-0.9526,-0.3589
0.5116,-0.0393,0.5297,-0.3591,0.7179,0.4039,-0.0558,0.0408,-0.6471,-0.4258,-0.0554,-0.4752,-0.5623,-0.772,-0.9526,-0.3589
0.5317,-0.0682,0.5297,-0.3591,0.7256,0.3928,-0.0675,0.0379,-0.6715,-0.3907,-0.0682,-0.4793,-0.5392,-0.7802,-0.951,-0.3691
0.5317,-0.0682,0.5297,-0.3591,0.7256,0.3928,-0.0675,0.0379,-0.6715,-0.3907,-0.0682,-0.4793,-0.5392,-0.7802,-0.951,-0.3691
0.5122,-0.0723,0.4983,-0.3138,0.7138,0.3886,-0.0792,0.035,-0.6471,-0.4258,-0.0826,-0.4886,-0.5532,-0.7851,-0.9642,-0.3742
0.5122,-0.0723,0.4983,-0.3138,0.7138,0.3886,-0.0792,0.035,-0.6471,-0.4258,-0.0826,-0.4886,-0.5532,-0.7851,-0.9642,-0.3742
0.5122,-0.0723,0.4983,-0.3138,0.7138,0.3886,-0.0792,0.035,-0.6471,-0.4258,-0.0826,-0.4886,-0.5532,-0.7851,-0.9642,-0.3742
0.4632,-0.0659,0.4359,-0.2917,0.7214,0.3776,-0.0844,0.0228,-0.6471,-0.4258,-0.0927,-0.4966,-0.5532,-0.7851,-0.973,-0.3775
0.4632,-0.0659,0.4359,-0.2917,0.7214,0.3776,-0.0844,0.0228,-0.6471,-0.4258,-0.0927,-0.4966,-0.5532,-0.7851,-0.973,-0.3775
0.4632,-0.0659,0.4668,-0.2684,0.702,0.3845,-0.0844,0.0228,-0.733,-0.422,-0.1139,-0.5034,-0.5812,-0.795,-0.9905,-0.3842
0.4632,-0.0659,0.4668,-0.2684,0.702,0.3845,-0.0844,0.0228,-0.733,-0.422,-0.1139,-0.5034,-0.5812,-0.795,-0.9905,-0.3842
0.4144,-0.0595,0.4668,-0.2684,0.6826,0.3913,-0.1077,0.017,-0.733,-0.422,-0.1308,-0.5089,-0.6042,-0.7869,-1.0036,-0.3892
0.4144,-0.0595,0.4668,-0.2684,0.6826,0.3913,-0.1077,0.017,-0.733,-0.422,-0.1308,-0.5089,-0.6042,-0.7869,-1.0036,-0.3892
0.3757,-0.0676,0.4044,-0.2463,0.6709,0.3871,-0.1129,0.0048,-0.733,-0.422,-0.1504,-0.5106,-0.6042,-0.7869,-1.0196,-0.39
0.3757,-0.0676,0.4044,-0.2463,0.6709,0.3871,-0.1129,0.0048,-0.733,-0.422,-0.1504,-0.5106,-0.6042,-0.7869,-1.0196,-0.39
0.3564,-0.0717,0.4359,-0.2917,0.6668,0.3719,-0.1427,0.0083,-0.733,-0.422,-0.163,-0.5147,-0.5951,-0.8,-1.04,-0.3924
0.3564,-0.0717,0.4359,-0.2917,0.6668,0.3719,-0.1427,0.0083,-0.733,-0.422,-0.163,-0.5147,-0.5951,-0.8,-1.04,-0.3924
0.3564,-0.0717,0.4359,-0.2917,0.6668,0.3719,-0.1427,0.0083,-0.733,-0.422,-0.163,-0.5147,-0.5951,-0.8,-1.04,-0.3924
0.3471,-0.0901,0.4359,-0.2917,0.6358,0.3746,-0.1839,0.0088,-0.7878,-0.4026,-0.1757,-0.5188,-0.6181,-0.7919,-1.0531,-0.3974
0.3471,-0.0901,0.4359,-0.2917,0.6358,0.3746,-0.1839,0.0088,-0.7878,-0.4026,-0.1757,-0.5188,-0.6181,-0.7919,-1.0531,-0.3974
0.3378,-0.1085,0.4359,-0.2917,0.6048,0.3772,-0.2136,0.0123,-0.7878,-0.4026,-0.1841,-0.5216,-0.6181,-0.7919,-1.0691,-0.3982
0.2894,-0.1023,0.3737,-0.2698,0.5931,0.373,-0.2251,0.0094,-0.8426,-0.3833,-0.1994,-0.5219,-0.632,-0.7968,-1.0851,-0.399
0.2894,-0.1023,0.3737,-0.2698,0.5931,0.373,-0.2251,0.0094,-0.8426,-0.3833,-0.1994,-0.5219,-0.632,-0.7968,-1.0851,-0.399
0.2894,-0.1023,0.3737,-0.2698,0.5931,0.373,-0.2251,0.0094,-0.8426,-0.3833,-0.1994,-0.5219,-0.632,-0.7968,-1.0851,-0.399
0.2801,-0.1206,0.3737,-0.2698,0.5622,0.3757,-0.2482,0.0035,-0.8183,-0.4183,-0.2104,-0.5209,-0.6689,-0.7937,-1.1011,-0.3997
0.2801,-0.1206,0.3737,-0.2698,0.5622,0.3757,-0.2482,0.0035,-0.8183,-0.4183,-0.2104,-0.5209,-0.6689,-0.7937,-1.1011,-0.3997
0.2801,-0.1206,0.3737,-0.2698,0.5622,0.3757,-0.2482,0.0035,-0.8183,-0.4183,-0.2104,-0.5209,-0.6689,-0.7937,-1.1011,-0.3997
0.2129,-0.1184,0.3744,-0.3383,0.539,0.3673,-0.2892,0.004,-0.8183,-0.4183,-0.2188,-0.5236,-0.6828,-0.7986,-1.117,-0.4005
0.2129,-0.1184,0.3744,-0.3383,0.539,0.3673,-0.2892,0.004,-0.8183,-0.4183,-0.2188,-0.5236,-0.6828,-0.7986,-1.117,-0.4005
0.1748,-0.1265,0.3125,-0.3164,0.5158,0.3589,-0.3058,-0.011,-0.7636,-0.4376,-0.2257,-0.5212,-0.6598,-0.8067,-1.1286,-0.3996
0.1748,-0.1265,0.3125,-0.3164,0.5158,0.3589,-0.3058,-0.011,-0.7636,-0.4376,-0.2257,-0.5212,-0.6598,-0.8067,-1.1286,-0.3996
0.1558,-0.1305,0.3125,-0.3164,0.5042,0.3548,-0.3288,-0.0168,-0.7941,-0.4532,-0.2451,-0.5229,-0.6876,-0.8166,-1.1489,-0.4021
0.1558,-0.1305,0.3125,-0.3164,0.5042,0.3548,-0.3288,-0.0168,-0.7941,-0.4532,-0.2451,-0.5229,-0.6876,-0.8166,-1.1489,-0.4021
0.1558,-0.1305,0.2812,-0.2713,0.4775,0.3725,-0.3466,-0.0105,-0.8246,-0.4687,-0.2603,-0.5232,-0.7014,-0.8215,-1.1691,-0.4045
0.1558,-0.1305,0.2812,-0.2713,0.4775,0.3725,-0.3466,-0.0105,-0.8246,-0.4687,-0.2603,-0.5232,-0.7014,-0.8215,-1.1691,-0.4045
0.1178,-0.1386,0.282,-0.3396,0.4544,0.3641,-0.3695,-0.0163,-0.8246,-0.4687,-0.2755,-0.5236,-0.6924,-0.8345,-1.1849,-0.4053
0.1178,-0.1386,0.282,-0.3396,0.4544,0.3641,-0.3695,-0.0163,-0.8246,-0.4687,-0.2755,-0.5236,-0.6924,-0.8345,-1.1849,-0.4053
0.1178,-0.1386,0.282,-0.3396,0.4544,0.3641,-0.3695,-0.0163,-0.8246,-0.4687,-0.2755,-0.5236,-0.6924,-0.8345,-1.1849,-0.4053
0.1368,-0.1346,0.282,-0.3396,0.4544,0.3641,-0.3695,-0.0163,-0.8549,-0.4843,-0.2839,-0.5263,-0.7381,-0.8184,-1.2037,-0.4018
0.1368,-0.1346,0.282,-0.3396,0.4544,0.3641,-0.3695,-0.0163,-0.8549,-0.4843,-0.2839,-0.5263,-0.7381,-0.8184,-1.2037,-0.4018
0.1459,-0.1163,0.2508,-0.2946,0.4851,0.3615,-0.3466,-0.0105,-0.8549,-0.4843,-0.2891,-0.5188,-0.7609,-0.8103,-1.2037,-0.4018
0.1459,-0.1163,0.2508,-0.2946,0.4851,0.3615,-0.3466,-0.0105,-0.8549,-0.4843,-0.2891,-0.5188,-0.7609,-0.8103,-1.2037,-0.4018
0.193,-0.0898,0.3125,-0.3164,0.5198,0.3741,-0.3186,0.0075,-0.8791,-0.4495,-0.2613,-0.5143,-0.7471,-0.8054,-1.1763,-0.4019
0.193,-0.0898,0.3125,-0.3164,0.5198,0.3741,-0.3186,0.0075,-0.8791,-0.4495,-0.2613,-0.5143,-0.7471,-0.8054,-1.1763,-0.4019
0.2986,-0.0839,0.3125,-0.3164,0.5622,0.3757,-0.2662,0.0099,-0.8246,-0.4687,-0.2194,-0.5005,-0.7333,-0.8004,-1.1461,-0.3902
0.2986,-0.0839,0.3125,-0.3164,0.5622,0.3757,-0.2662,0.0099,-0.8246,-0.4687,-0.2194,-0.5005,-0.7333,-0.8004,-1.1461,-0.3902
0.2986,-0.0839,0.3125,-0.3164,0.5622,0.3757,-0.2662,0.0099,-0.8246,-0.4687,-0.2194,-0.5005,-0.7333,-0.8004,-1.1461,-0.3902
0.385,-0.0492,0.3737,-0.2698,0.6475,0.3788,-0.1904,0.0181,-0.7941,-0.4532,-0.1619,-0.4864,-0.6828,-0.7986,-1.0969,-0.382
0.385,-0.0492,0.3737,-0.2698,0.6475,0.3788,-0.1904,0.0181,-0.7941,-0.4532,-0.1619,-0.4864,-0.6828,-0.7986,-1.0969,-0.382
0.482,-0.0288,0.4044,-0.2463,0.6944,0.3955,-0.1323,0.0327,-0.7636,-0.4376,-0.1043,-0.4723,-0.632,-0.7968,-1.0431,-0.372
0.482,-0.0288,0.4044,-0.2463,0.6944,0.3955,-0.1323,0.0327,-0.7636,-0.4376,-0.1043,-0.4723,-0.632,-0.7968,-1.0431,-0.372
0.5602,-0.0125,0.4977,-0.2449,0.7491,0.4012,-0.0921,0.0537,-0.7087,-0.457,-0.0437,-0.462,-0.6042,-0.7869,-0.9892,-0.3621
0.5893,0.0102,0.5604,-0.2671,0.7846,0.4138,-0.0388,0.056,-0.6779,-0.4414,-0.0052,-0.4496,-0.5672,-0.7901,-0.9512,-0.3529
0.5893,0.0102,0.5604,-0.2671,0.7846,0.4138,-0.0388,0.056,-0.6779,-0.4414,-0.0052,-0.4496,-0.5672,-0.7901,-0.9512,-0.3529
0.5893,0.0102,0.5604,-0.2671,0.7846,0.4138,-0.0388,0.056,-0.6779,-0.4414,-0.0052,-0.4496,-0.5672,-0.7901,-0.9512,-0.3529
0.6483,0.0225,0.6547,-0.2659,0.8278,0.4153,0.0147,0.0583,-0.6471,-0.4258,0.0317,-0.4423,-0.5441,-0.7983,-0.9144,-0.3497
0.6483,0.0225,0.6547,-0.2659,0.8278,0.4153,0.0147,0.0583,-0.6471,-0.4258,0.0317,-0.4423,-0.5441,-0.7983,-0.9144,-0.3497
0.6483,0.0225,0.6547,-0.2659,0.8278,0.4153,0.0147,0.0583,-0.6471,-0.4258,0.0317,-0.4423,-0.5441,-0.7983,-0.9144,-0.3497
0.6681,0.0265,0.6229,-0.2201,0.8397,0.4195,0.0199,0.0706,-0.5918,-0.4454,0.0542,-0.4445,-0.5301,-0.7933,-0.8865,-0.3499
0.6681,0.0265,0.6229,-0.2201,0.8397,0.4195,0.0199,0.0706,-0.5918,-0.4454,0.0542,-0.4445,-0.5301,-0.7933,-0.8865,-0.3499
0.6681,0.0265,0.6229,-0.2201,0.832,0.4306,0.0382,0.0642,-0.5918,-0.4454,0.0585,-0.4431,-0.5161,-0.7884,-0.8747,-0.3508
0.6681,0.0265,0.6229,-0.2201,0.832,0.4306,0.0382,0.0642,-0.5918,-0.4454,0.0585,-0.4431,-0.5161,-0.7884,-0.8747,-0.3508
0.6782,0.0119,0.6229,-0.2201,0.8397,0.4195,0.0382,0.0642,-0.5852,-0.3946,0.0708,-0.4532,-0.5252,-0.7752,-0.8555,-0.3544
0.6782,0.0119,0.6229,-0.2201,0.8397,0.4195,0.0382,0.0642,-0.5852,-0.3946,0.0708,-0.4532,-0.5252,-0.7752,-0.8555,-0.3544
0.6686,-0.0068,0.5917,-0.2436,0.8201,0.4264,0.0448,0.0548,-0.5852,-0.3946,0.0605,-0.4612,-0.5161,-0.7884,-0.8599,-0.3561
0.6686,-0.0068,0.5917,-0.2436,0.8201,0.4264,0.0448,0.0548,-0.5852,-0.3946,0.0605,-0.4612,-0.5161,-0.7884,-0.8599,-0.3561
0.6686,-0.0068,0.5917,-0.2436,0.8201,0.4264,0.0448,0.0548,-0.5852,-0.3946,0.0605,-0.4612,-0.5161,-0.7884,-0.8599,-0.3561
0.6489,-0.0109,0.5917,-0.2436,0.8083,0.4222,0.0395,0.0425,-0.5852,-0.3946,0.0487,-0.4744,-0.507,-0.8015,-0.8657,-0.3637
0.6489,-0.0109,0.5917,-0.2436,0.8083,0.4222,0.0395,0.0425,-0.5852,-0.3946,0.0487,-0.4744,-0.507,-0.8015,-0.8657,-0.3637
0.6393,-0.0295,0.5604,-0.2671,0.7964,0.418,0.0342,0.0302,-0.6162,-0.4102,0.0299,-0.4851,-0.507,-0.8015,-0.879,-0.3687
0.6393,-0.0295,0.5604,-0.2671,0.7964,0.418,0.0342,0.0302,-0.6162,-0.4102,0.0299,-0.4851,-0.507,-0.8015,-0.879,-0.3687
0.6196,-0.0335,0.592,-0.3126,0.7846,0.4138,0.0224,0.0273,-0.6162,-0.4102,0.0138,-0.4996,-0.521,-0.8064,-0.8996,-0.3712
0.6196,-0.0335,0.592,-0.3126,0.7846,0.4138,0.0224,0.0273,-0.6162,-0.4102,0.0138,-0.4996,-0.521,-0.8064,-0.8996,-0.3712
0.5803,-0.0416,0.592,-0.3126,0.7804,0.3985,-0.0012,0.0215,-0.5852,-0.3946,-0.0007,-0.5089,-0.4979,-0.8146,-0.9084,-0.3745
0.5803,-0.0416,0.592,-0.3126,0.7804,0.3985,-0.0012,0.0215,-0.5852,-0.3946,-0.0007,-0.5089,-0.4979,-0.8146,-0.9084,-0.3745
0.5607,-0.0457,0.592,-0.3126,0.7686,0.3943,-0.0064,0.0093,-0.5852,-0.3946,-0.0247,-0.5119,-0.4979,-0.8146,-0.9142,-0.3821
0.5607,-0.0457,0.592,-0.3126,0.7686,0.3943,-0.0064,0.0093,-0.5852,-0.3946,-0.0247,-0.5119,-0.4979,-0.8146,-0.9142,-0.3821
0.5607,-0.0457,0.592,-0.3126,0.7686,0.3943,-0.0064,0.0093,-0.5852,-0.3946,-0.0247,-0.5119,-0.4979,-0.8146,-0.9142,-0.3821
0.5412,-0.0497,0.592,-0.3126,0.7568,0.3901,-0.0299,0.0035,-0.6715,-0.3907,-0.0434,-0.5226,-0.535,-0.8113,-0.9348,-0.3845
0.5412,-0.0497,0.592,-0.3126,0.7568,0.3901,-0.0299,0.0035,-0.6715,-0.3907,-0.0434,-0.5226,-0.535,-0.8113,-0.9348,-0.3845
0.5216,-0.0537,0.5608,-0.3359,0.7645,0.3791,-0.0416,0.0006,-0.6471,-0.4258,-0.0535,-0.5305,-0.5581,-0.8032,-0.9406,-0.3922
0.5216,-0.0537,0.5608,-0.3359,0.7645,0.3791,-0.0416,0.0006,-0.6471,-0.4258,-0.0535,-0.5305,-0.5581,-0.8032,-0.9406,-0.3922
0.5122,-0.0723,0.5608,-0.3359,0.7527,0.3749,-0.0469,-0.0116,-0.7023,-0.4064,-0.0636,-0.5384,-0.5812,-0.795,-0.9538,-0.3972
0.5122,-0.0723,0.5608,-0.3359,0.7527,0.3749,-0.0469,-0.0116,-0.7023,-0.4064,-0.0636,-0.5384,-0.5812,-0.795,-0.9538,-0.3972
0.4826,-0.0618,0.5608,-0.3359,0.7527,0.3749,-0.0586,-0.0145,-0.6779,-0.4414,-0.078,-0.5476,-0.586,-0.8131,-0.964,-0.4064
0.4826,-0.0618,0.5608,-0.3359,0.7527,0.3749,-0.0586,-0.0145,-0.6779,-0.4414,-0.078,-0.5476,-0.586,-0.8131,-0.964,-0.4064
0.4826,-0.0618,0.5608,-0.3359,0.7527,0.3749,-0.0586,-0.0145,-0.6779,-0.4414,-0.078,-0.5476,-0.586,-0.8131,-0.964,-0.4064
0.4732,-0.0803,0.4983,-0.3138,0.7291,0.3666,-0.0703,-0.0173,-0.6228,-0.4609,-0.0934,-0.5479,-0.586,-0.8131,-0.9757,-0.4055
0.4732,-0.0803,0.4983,-0.3138,0.7291,0.3666,-0.0703,-0.0173,-0.6228,-0.4609,-0.0934,-0.5479,-0.586,-0.8131,-0.9757,-0.4055
0.405,-0.078,0.4986,-0.3822,0.6862,0.3651,-0.1234,-0.0196,-0.7087,-0.457,-0.1103,-0.5534,-0.6139,-0.8229,-0.9932,-0.4122
0.405,-0.078,0.4986,-0.3822,0.6862,0.3651,-0.1234,-0.0196,-0.7087,-0.457,-0.1103,-0.5534,-0.6139,-0.8229,-0.9932,-0.4122
0.3956,-0.0964,0.4364,-0.3602,0.6745,0.3609,-0.1466,-0.0254,-0.733,-0.422,-0.123,-0.5575,-0.6369,-0.8148,-0.999,-0.4198
0.3956,-0.0964,0.4364,-0.3602,0.6745,0.3609,-0.1466,-0.0254,-0.733,-0.422,-0.123,-0.5575,-0.6369,-0.8148,-0.999,-0.4198
0.4056,-0.1108,0.4673,-0.337,0.6551,0.3677,-0.1466,-0.0254,-0.7023,-0.4064,-0.1384,-0.5578,-0.6369,-0.8148,-1.0107,-0.4188
0.4056,-0.1108,0.4673,-0.337,0.6551,0.3677,-0.1466,-0.0254,-0.7023,-0.4064,-0.1384,-0.5578,-0.6369,-0.8148,-1.0107,-0.4188
0.3378,-0.1085,0.4056,-0.3833,0.6317,0.3594,-0.1814,-0.034,-0.6779,-0.4414,-0.1468,-0.5605,-0.6598,-0.8067,-1.0238,-0.4238
0.3378,-0.1085,0.4056,-0.3833,0.6317,0.3594,-0.1814,-0.034,-0.6779,-0.4414,-0.1468,-0.5605,-0.6598,-0.8067,-1.0238,-0.4238
0.3378,-0.1085,0.4056,-0.3833,0.6317,0.3594,-0.1814,-0.034,-0.6779,-0.4414,-0.1468,-0.5605,-0.6598,-0.8067,-1.0238,-0.4238
0.3285,-0.1269,0.4056,-0.3833,0.62,0.3552,-0.211,-0.0306,-0.733,-0.422,-0.1595,-0.5646,-0.6508,-0.8197,-1.0368,-0.4288
0.3285,-0.1269,0.4056,-0.3833,0.62,0.3552,-0.211,-0.0306,-0.733,-0.422,-0.1595,-0.5646,-0.6508,-0.8197,-1.0368,-0.4288
0.3093,-0.1309,0.4056,-0.3833,0.6084,0.3511,-0.2226,-0.0334,-0.7636,-0.4376,-0.1816,-0.5625,-0.6876,-0.8166,-1.0543,-0.4355
0.3093,-0.1309,0.4056,-0.3833,0.6084,0.3511,-0.2226,-0.0334,-0.7636,-0.4376,-0.1816,-0.5625,-0.6876,-0.8166,-1.0543,-0.4355
0.2709,-0.1389,0.3437,-0.3614,0.5774,0.3537,-0.2521,-0.03,-0.7878,-0.4026,-0.1926,-0.5614,-0.6737,-0.8116,-1.0659,-0.4346
0.2709,-0.1389,0.3437,-0.3614,0.5774,0.3537,-0.2521,-0.03,-0.7878,-0.4026,-0.1926,-0.5614,-0.6737,-0.8116,-1.0659,-0.4346
0.2518,-0.1429,0.3748,-0.4063,0.5734,0.3386,-0.2572,-0.0421,-0.8183,-0.4183,-0.2053,-0.5655,-0.7014,-0.8215,-1.0833,-0.4412
0.2518,-0.1429,0.3748,-0.4063,0.5734,0.3386,-0.2572,-0.0421,-0.8183,-0.4183,-0.2053,-0.5655,-0.7014,-0.8215,-1.0833,-0.4412
0.2518,-0.1429,0.3748,-0.4063,0.5734,0.3386,-0.2572,-0.0421,-0.8183,-0.4183,-0.2053,-0.5655,-0.7014,-0.8215,-1.0833,-0.4412
0.2425,-0.1612,0.282,-0.3396,0.5426,0.3412,-0.2866,-0.0387,-0.7941,-0.4532,-0.2205,-0.5658,-0.7243,-0.8134,-1.092,-0.4445
0.2425,-0.1612,0.282,-0.3396,0.5426,0.3412,-0.2866,-0.0387,-0.7941,-0.4532,-0.2205,-0.5658,-0.7243,-0.8134,-1.092,-0.4445
0.1945,-0.155,0.3131,-0.3845,0.5386,0.3261,-0.2917,-0.0508,-0.8487,-0.4339,-0.2263,-0.5723,-0.7153,-0.8265,-1.1079,-0.4453
0.1945,-0.155,0.3131,-0.3845,0.5386,0.3261,-0.2917,-0.0508,-0.8487,-0.4339,-0.2263,-0.5723,-0.7153,-0.8265,-1.1079,-0.4453
0.1755,-0.159,0.2516,-0.3628,0.527,0.322,-0.3032,-0.0536,-0.8246,-0.4687,-0.2415,-0.5726,-0.7291,-0.8314,-1.134,-0.4392
0.1755,-0.159,0.2516,-0.3628,0.527,0.322,-0.3032,-0.0536,-0.8246,-0.4687,-0.2415,-0.5726,-0.7291,-0.8314,-1.134,-0.4392
0.1945,-0.155,0.2516,-0.3628,0.5194,0.3329,-0.2854,-0.06,-0.8246,-0.4687,-0.2473,-0.5791,-0.7429,-0.8363,-1.1499,-0.44
0.1945,-0.155,0.2516,-0.3628,0.5194,0.3329,-0.2854,-0.06,-0.8246,-0.4687,-0.2473,-0.5791,-0.7429,-0.8363,-1.1499,-0.44
0.2136,-0.151,0.2516,-0.3628,0.5194,0.3329,-0.2854,-0.06,-0.8246,-0.4687,-0.2499,-0.5753,-0.7519,-0.8233,-1.1499,-0.44
0.2136,-0.151,0.2516,-0.3628,0.5194,0.3329,-0.2854,-0.06,-0.8246,-0.4687,-0.2499,-0.5753,-0.7519,-0.8233,-1.1499,-0.44
0.2136,-0.151,0.2516,-0.3628,0.5194,0.3329,-0.2854,-0.06,-0.8246,-0.4687,-0.2499,-0.5753,-0.7519,-0.8233,-1.1499,-0.44
0.261,-0.1246,0.3131,-0.3845,0.5542,0.3454,-0.2508,-0.0513,-0.8246,-0.4687,-0.2289,-0.5685,-0.7291,-0.8314,-1.1268,-0.4418
0.261,-0.1246,0.3131,-0.3845,0.5542,0.3454,-0.2508,-0.0513,-0.8246,-0.4687,-0.2289,-0.5685,-0.7291,-0.8314,-1.1268,-0.4418
0.3278,-0.0942,0.3125,-0.3164,0.62,0.3552,-0.1866,-0.0461,-0.8246,-0.4687,-0.191,-0.5563,-0.7014,-0.8215,-1.0935,-0.4344
0.3278,-0.0942,0.3125,-0.3164,0.62,0.3552,-0.1866,-0.0461,-0.8246,-0.4687,-0.191,-0.5563,-0.7014,-0.8215,-1.0935,-0.4344
0.4438,-0.0699,0.4359,-0.2917,0.6786,0.3761,-0.135,-0.0225,-0.7699,-0.488,-0.1404,-0.5399,-0.6508,-0.8197,-1.0514,-0.4237
0.4438,-0.0699,0.4359,-0.2917,0.6786,0.3761,-0.135,-0.0225,-0.7699,-0.488,-0.1404,-0.5399,-0.6508,-0.8197,-1.0514,-0.4237
0.5021,-0.0578,0.4983,-0.3138,0.7332,0.3818,-0.082,-0.0202,-0.7087,-0.457,-0.0827,-0.5259,-0.6091,-0.8049,-0.9976,-0.4138
0.5021,-0.0578,0.4983,-0.3138,0.7332,0.3818,-0.082,-0.0202,-0.7087,-0.457,-0.0827,-0.5259,-0.6091,-0.8049,-0.9976,-0.4138
0.5021,-0.0578,0.4983,-0.3138,0.7332,0.3818,-0.082,-0.0202,-0.7087,-0.457,-0.0827,-0.5259,-0.6091,-0.8049,-0.9976,-0.4138
0.5507,-0.0311,0.5293,-0.2905,0.7686,0.3943,-0.0352,-0.0087,-0.6537,-0.4764,-0.0401,-0.5122,-0.6181,-0.7919,-0.9596,-0.4048
0.5507,-0.0311,0.5293,-0.2905,0.7686,0.3943,-0.0352,-0.0087,-0.6537,-0.4764,-0.0401,-0.5122,-0.6181,-0.7919,-0.9596,-0.4048
0.6292,-0.0149,0.5917,-0.2436,0.8236,0.4,0.0247,-0.0158,-0.5918,-0.4454,0.0121,-0.5048,-0.5672,-0.7901,-0.9215,-0.3957
0.6292,-0.0149,0.5917,-0.2436,0.8236,0.4,0.0247,-0.0158,-0.5918,-0.4454,0.0121,-0.5048,-0.5672,-0.7901,-0.9215,-0.3957
0.6686,-0.0068,0.5917,-0.2436,0.8474,0.4083,0.0418,-0.0007,-0.6228,-0.4609,0.0405,-0.5004,-0.5672,-0.7901,-0.8965,-0.3916
0.6686,-0.0068,0.5917,-0.2436,0.8474,0.4083,0.0418,-0.0007,-0.6228,-0.4609,0.0405,-0.5004,-0.5672,-0.7901,-0.8965,-0.3916
0.6884,-0.0027,0.6233,-0.2893,0.867,0.4014,0.0536,0.0022,-0.5918,-0.4454,0.0672,-0.5012,-0.5532,-0.7851,-0.8686,-0.3918
0.6884,-0.0027,0.6233,-0.2893,0.867,0.4014,0.0536,0.0022,-0.5918,-0.4454,0.0672,-0.5012,-0.5532,-0.7851,-0.8686,-0.3918
0.6985,-0.0174,0.5917,-0.2436,0.867,0.4014,0.0719,-0.0043,-0.6471,-0.4258,0.0811,-0.5061,-0.5441,-0.7983,-0.8568,-0.3928
0.6985,-0.0174,0.5917,-0.2436,0.867,0.4014,0.0719,-0.0043,-0.6471,-0.4258,0.0811,-0.5061,-0.5441,-0.7983,-0.8568,-0.3928
0.6985,-0.0174,0.5917,-0.2436,0.867,0.4014,0.0719,-0.0043,-0.6471,-0.4258,0.0811,-0.5061,-0.5441,-0.7983,-0.8568,-0.3928
0.6985,-0.0174,0.6233,-0.2893,0.8747,0.3903,0.0601,-0.0071,-0.6715,-0.3907,0.0864,-0.5137,-0.5441,-0.7983,-0.8464,-0.3996
0.6985,-0.0174,0.6233,-0.2893,0.8747,0.3903,0.0601,-0.0071,-0.6715,-0.3907,0.0864,-0.5137,-0.5441,-0.7983,-0.8464,-0.3996
0.659,-0.0254,0.6233,-0.2893,0.8432,0.393,0.0483,-0.01,-0.6715,-0.3907,0.0736,-0.5179,-0.5441,-0.7983,-0.8508,-0.4013
0.659,-0.0254,0.6233,-0.2893,0.8432,0.393,0.0483,-0.01,-0.6715,-0.3907,0.0736,-0.5179,-0.5441,-0.7983,-0.8508,-0.4013
0.6494,-0.0441,0.592,-0.3126,0.8313,0.3889,0.043,-0.0222,-0.6471,-0.4258,0.0547,-0.5285,-0.5721,-0.8081,-0.8611,-0.4106
0.6494,-0.0441,0.592,-0.3126,0.8313,0.3889,0.043,-0.0222,-0.6471,-0.4258,0.0547,-0.5285,-0.5721,-0.8081,-0.8611,-0.4106
0.6297,-0.0481,0.5293,-0.2905,0.8195,0.3847,0.0376,-0.0344,-0.6162,-0.4102,0.0445,-0.5364,-0.549,-0.8163,-0.8626,-0.4165
0.6297,-0.0481,0.5293,-0.2905,0.8195,0.3847,0.0376,-0.0344,-0.6162,-0.4102,0.0445,-0.5364,-0.549,-0.8163,-0.8626,-0.4165
0.6201,-0.0666,0.5608,-0.3359,0.8076,0.3805,0.0077,-0.0308,-0.6471,-0.4258,0.0257,-0.547,-0.563,-0.8212,-0.8684,-0.4241
0.6201,-0.0666,0.5608,-0.3359,0.8076,0.3805,0.0077,-0.0308,-0.6471,-0.4258,0.0257,-0.547,-0.563,-0.8212,-0.8684,-0.4241
0.6201,-0.0666,0.5608,-0.3359,0.8076,0.3805,0.0077,-0.0308,-0.6471,-0.4258,0.0257,-0.547,-0.563,-0.8212,-0.8684,-0.4241
0.5708,-0.0602,0.5608,-0.3359,0.7958,0.3764,0.0024,-0.043,-0.6162,-0.4102,0.0224,-0.5573,-0.5721,-0.8081,-0.8802,-0.4232
0.5708,-0.0602,0.5608,-0.3359,0.7958,0.3764,0.0024,-0.043,-0.6162,-0.4102,0.0224,-0.5573,-0.5721,-0.8081,-0.8802,-0.4232
0.5809,-0.0747,0.4983,-0.3138,0.784,0.3722,-0.0094,-0.0459,-0.7266,-0.3712,0.001,-0.5641,-0.586,-0.8131,-0.8905,-0.4324
0.5809,-0.0747,0.4983,-0.3138,0.784,0.3722,-0.0094,-0.0459,-0.7266,-0.3712,0.001,-0.5641,-0.586,-0.8131,-0.8905,-0.4324
0.5713,-0.0932,0.5297,-0.3591,0.7721,0.368,-0.0147,-0.058,-0.7023,-0.4064,-0.016,-0.5695,-0.6,-0.818,-0.9067,-0.4331
0.5713,-0.0932,0.5297,-0.3591,0.7721,0.368,-0.0147,-0.058,-0.7023,-0.4064,-0.016,-0.5695,-0.6,-0.818,-0.9067,-0.4331
0.5517,-0.0972,0.4673,-0.337,0.7603,0.3639,-0.0264,-0.0608,-0.7023,-0.4064,-0.0288,-0.5736,-0.591,-0.8311,-0.9125,-0.4407
0.5517,-0.0972,0.4673,-0.337,0.7603,0.3639,-0.0264,-0.0608,-0.7023,-0.4064,-0.0288,-0.5736,-0.591,-0.8311,-0.9125,-0.4407
0.5517,-0.0972,0.4673,-0.337,0.7603,0.3639,-0.0264,-0.0608,-0.7023,-0.4064,-0.0288,-0.5736,-0.591,-0.8311,-0.9125,-0.4407
0.4932,-0.1092,0.4364,-0.3602,0.7367,0.3555,-0.0434,-0.0758,-0.7023,-0.4064,-0.039,-0.5814,-0.6139,-0.8229,-0.9286,-0.4414
0.4932,-0.1092,0.4364,-0.3602,0.7367,0.3555,-0.0434,-0.0758,-0.7023,-0.4064,-0.039,-0.5814,-0.6139,-0.8229,-0.9286,-0.4414
0.4738,-0.1132,0.4676,-0.4052,0.7326,0.3404,-0.0668,-0.0815,-0.7023,-0.4064,-0.0586,-0.5831,-0.6049,-0.836,-0.9418,-0.4464
0.4738,-0.1132,0.4676,-0.4052,0.7326,0.3404,-0.0668,-0.0815,-0.7023,-0.4064,-0.0586,-0.5831,-0.6049,-0.836,-0.9418,-0.4464
0.4543,-0.1172,0.4676,-0.4052,0.7208,0.3362,-0.0721,-0.0936,-0.7573,-0.3869,-0.0688,-0.5909,-0.6049,-0.836,-0.9579,-0.4471
0.4543,-0.1172,0.4676,-0.4052,0.7208,0.3362,-0.0721,-0.0936,-0.7573,-0.3869,-0.0688,-0.5909,-0.6049,-0.836,-0.9579,-0.4471
0.4349,-0.1212,0.4056,-0.3833,0.7091,0.3321,-0.1018,-0.0901,-0.7573,-0.3869,-0.0815,-0.595,-0.6279,-0.8279,-0.9711,-0.4521
0.4349,-0.1212,0.4056,-0.3833,0.7091,0.3321,-0.1018,-0.0901,-0.7573,-0.3869,-0.0815,-0.595,-0.6279,-0.8279,-0.9711,-0.4521
0.4349,-0.1212,0.4056,-0.3833,0.7091,0.3321,-0.1018,-0.0901,-0.7573,-0.3869,-0.0815,-0.595,-0.6279,-0.8279,-0.9711,-0.4521
0.4255,-0.1395,0.4056,-0.3833,0.6856,0.3238,-0.125,-0.0958,-0.7573,-0.3869,-0.1011,-0.5966,-0.6418,-0.8328,-0.9769,-0.4596
0.4255,-0.1395,0.4056,-0.3833,0.6856,0.3238,-0.125,-0.0958,-0.7573,-0.3869,-0.1011,-0.5966,-0.6418,-0.8328,-0.9769,-0.4596
0.3962,-0.1292,0.4364,-0.3602,0.6856,0.3238,-0.1431,-0.0894,-0.733,-0.422,-0.1138,-0.6007,-0.6557,-0.8377,-0.99,-0.4646
0.3962,-0.1292,0.4364,-0.3602,0.6856,0.3238,-0.1431,-0.0894,-0.733,-0.422,-0.1138,-0.6007,-0.6557,-0.8377,-0.99,-0.4646
0.3869,-0.1475,0.4056,-0.3833,0.6546,0.3265,-0.1663,-0.0951,-0.733,-0.422,-0.1265,-0.6047,-0.6466,-0.8507,-1.006,-0.4653
0.3869,-0.1475,0.4056,-0.3833,0.6546,0.3265,-0.1663,-0.0951,-0.733,-0.422,-0.1265,-0.6047,-0.6466,-0.8507,-1.006,-0.4653
0.3384,-0.1412,0.3437,-0.3614,0.6429,0.3223,-0.1778,-0.0979,-0.7878,-0.4026,-0.1349,-0.6074,-0.6605,-0.8556,-1.0118,-0.4728
0.3384,-0.1412,0.3437,-0.3614,0.6429,0.3223,-0.1778,-0.0979,-0.7878,-0.4026,-0.1349,-0.6074,-0.6605,-0.8556,-1.0118,-0.4728
0.3192,-0.1452,0.3437,-0.3614,0.6312,0.3182,-0.201,-0.1036,-0.7573,-0.3869,-0.1392,-0.6088,-0.6605,-0.8556,-1.0235,-0.4719
0.3192,-0.1452,0.3437,-0.3614,0.6312,0.3182,-0.201,-0.1036,-0.7573,-0.3869,-0.1392,-0.6088,-0.6605,-0.8556,-1.0235,-0.4719
0.3192,-0.1452,0.3437,-0.3614,0.6312,0.3182,-0.201,-0.1036,-0.7573,-0.3869,-0.1392,-0.6088,-0.6605,-0.8556,-1.0235,-0.4719
0.3099,-0.1635,0.282,-0.3396,0.6002,0.3208,-0.2125,-0.1065,-0.7878,-0.4026,-0.1476,-0.6115,-0.6834,-0.8475,-1.0366,-0.4769
0.3099,-0.1635,0.282,-0.3396,0.6002,0.3208,-0.2125,-0.1065,-0.7878,-0.4026,-0.1476,-0.6115,-0.6834,-0.8475,-1.0366,-0.4769
0.2617,-0.1572,0.3131,-0.3845,0.5886,0.3167,-0.242,-0.103,-0.7941,-0.4532,-0.1671,-0.6131,-0.7111,-0.8574,-1.0569,-0.4792
0.2617,-0.1572,0.3131,-0.3845,0.5886,0.3167,-0.242,-0.103,-0.7941,-0.4532,-0.1671,-0.6131,-0.7111,-0.8574,-1.0569,-0.4792
0.2425,-0.1612,0.2516,-0.3628,0.577,0.3126,-0.2714,-0.0996,-0.7941,-0.4532,-0.1797,-0.6171,-0.7339,-0.8493,-1.0772,-0.4816
0.2425,-0.1612,0.2516,-0.3628,0.577,0.3126,-0.2714,-0.0996,-0.7941,-0.4532,-0.1797,-0.6171,-0.7339,-0.8493,-1.0772,-0.4816
0.2234,-0.1652,0.2516,-0.3628,0.5386,0.3261,-0.2829,-0.1024,-0.7699,-0.488,-0.2018,-0.615,-0.7477,-0.8542,-1.0902,-0.4866
0.2234,-0.1652,0.2516,-0.3628,0.5386,0.3261,-0.2829,-0.1024,-0.7699,-0.488,-0.2018,-0.615,-0.7477,-0.8542,-1.0902,-0.4866
0.2234,-0.1652,0.2516,-0.3628,0.5386,0.3261,-0.2829,-0.1024,-0.7699,-0.488,-0.2018,-0.615,-0.7477,-0.8542,-1.0902,-0.4866
0.2044,-0.1692,0.3442,-0.4293,0.527,0.322,-0.2944,-0.1053,-0.7699,-0.488,-0.2102,-0.6177,-0.7477,-0.8542,-1.1134,-0.4847
0.2044,-0.1692,0.3442,-0.4293,0.527,0.322,-0.2944,-0.1053,-0.7699,-0.488,-0.2102,-0.6177,-0.7477,-0.8542,-1.1134,-0.4847
0.2044,-0.1692,0.3442,-0.4293,0.5345,0.3111,-0.2944,-0.1053,-0.7393,-0.4725,-0.217,-0.6153,-0.7429,-0.8363,-1.1177,-0.4864
0.2044,-0.1692,0.3442,-0.4293,0.5345,0.3111,-0.2944,-0.1053,-0.7393,-0.4725,-0.217,-0.6153,-0.7429,-0.8363,-1.1177,-0.4864
0.2425,-0.1612,0.3131,-0.3845,0.5578,0.3193,-0.2714,-0.0996,-0.7941,-0.4532,-0.2128,-0.614,-0.7429,-0.8363,-1.1177,-0.4864
0.2425,-0.1612,0.3131,-0.3845,0.5578,0.3193,-0.2714,-0.0996,-0.7941,-0.4532,-0.2128,-0.614,-0.7429,-0.8363,-1.1177,-0.4864
0.3192,-0.1452,0.3748,-0.4063,0.6002,0.3208,-0.2189,-0.0973,-0.7699,-0.488,-0.196,-0.6086,-0.7519,-0.8233,-1.112,-0.4789
0.3192,-0.1452,0.3748,-0.4063,0.6002,0.3208,-0.2189,-0.0973,-0.7699,-0.488,-0.196,-0.6086,-0.7519,-0.8233,-1.112,-0.4789
0.3863,-0.1148,0.4056,-0.3833,0.647,0.3374,-0.161,-0.083,-0.7393,-0.4725,-0.1538,-0.595,-0.7243,-0.8134,-1.0744,-0.4699
0.3863,-0.1148,0.4056,-0.3833,0.647,0.3374,-0.161,-0.083,-0.7393,-0.4725,-0.1538,-0.595,-0.7243,-0.8134,-1.0744,-0.4699
0.3863,-0.1148,0.4056,-0.3833,0.647,0.3374,-0.161,-0.083,-0.7393,-0.4725,-0.1538,-0.595,-0.7243,-0.8134,-1.0744,-0.4699
0.4832,-0.0947,0.4673,-0.337,0.7132,0.3472,-0.0849,-0.0751,-0.6845,-0.4919,-0.0978,-0.5863,-0.6737,-0.8116,-1.0352,-0.455
0.4832,-0.0947,0.4673,-0.337,0.7132,0.3472,-0.0849,-0.0751,-0.6845,-0.4919,-0.0978,-0.5863,-0.6737,-0.8116,-1.0352,-0.455
0.5809,-0.0747,0.4983,-0.3138,0.7603,0.3639,-0.02,-0.0701,-0.6779,-0.4414,-0.04,-0.5725,-0.6369,-0.8148,-0.9784,-0.4495
0.5809,-0.0747,0.4983,-0.3138,0.7603,0.3639,-0.02,-0.0701,-0.6779,-0.4414,-0.04,-0.5725,-0.6369,-0.8148,-0.9784,-0.4495
0.6297,-0.0481,0.5293,-0.2905,0.7881,0.3874,0.027,-0.0587,-0.5918,-0.4454,0.0112,-0.5562,-0.5951,-0.8,-0.9316,-0.4372
0.6297,-0.0481,0.5293,-0.2905,0.7881,0.3874,0.027,-0.0587,-0.5918,-0.4454,0.0112,-0.5562,-0.5951,-0.8,-0.9316,-0.4372
0.6691,-0.04,0.592,-0.3126,0.8,0.3916,0.0505,-0.053,-0.5608,-0.4298,0.0498,-0.544,-0.5581,-0.8032,-0.8905,-0.4324
0.6691,-0.04,0.592,-0.3126,0.8,0.3916,0.0505,-0.053,-0.5608,-0.4298,0.0498,-0.544,-0.5581,-0.8032,-0.8905,-0.4324
0.6691,-0.04,0.592,-0.3126,0.8,0.3916,0.0505,-0.053,-0.5608,-0.4298,0.0498,-0.544,-0.5581,-0.8032,-0.8905,-0.4324
0.7188,-0.0466,0.6549,-0.3348,0.8313,0.3889,0.0741,-0.0473,-0.5608,-0.4298,0.0851,-0.5421,-0.535,-0.8113,-0.8537,-0.4293
0.7285,-0.0279,0.6549,-0.3348,0.8509,0.382,0.1042,-0.0509,-0.5608,-0.4298,0.105,-0.5405,-0.5441,-0.7983,-0.833,-0.4269
0.7285,-0.0279,0.6549,-0.3348,0.8509,0.382,0.1042,-0.0509,-0.5608,-0.4298,0.105,-0.5405,-0.5441,-0.7983,-0.833,-0.4269
0.7285,-0.0279,0.6549,-0.3348,0.8509,0.382,0.1042,-0.0509,-0.5608,-0.4298,0.105,-0.5405,-0.5441,-0.7983,-0.833,-0.4269
0.7386,-0.0426,0.6864,-0.3803,0.8705,0.375,0.1225,-0.0574,-0.6162,-0.4102,0.1146,-0.5468,-0.5581,-0.8032,-0.8183,-0.4322
0.7386,-0.0426,0.6864,-0.3803,0.8705,0.375,0.1225,-0.0574,-0.6162,-0.4102,0.1146,-0.5468,-0.5581,-0.8032,-0.8183,-0.4322
0.7087,-0.032,0.6235,-0.358,0.8705,0.375,0.1107,-0.0602,-0.5608,-0.4298,0.1172,-0.5506,-0.5812,-0.795,-0.8183,-0.4322
0.7087,-0.032,0.6235,-0.358,0.8705,0.375,0.1107,-0.0602,-0.5608,-0.4298,0.1172,-0.5506,-0.5812,-0.795,-0.8183,-0.4322
0.6889,-0.036,0.6235,-0.358,0.8782,0.364,0.0988,-0.0631,-0.5852,-0.3946,0.1139,-0.5609,-0.5721,-0.8081,-0.8197,-0.4381
0.6889,-0.036,0.6235,-0.358,0.8782,0.364,0.0988,-0.0631,-0.5852,-0.3946,0.1139,-0.5609,-0.5721,-0.8081,-0.8197,-0.4381
0.6889,-0.036,0.6235,-0.358,0.8782,0.364,0.0988,-0.0631,-0.5852,-0.3946,0.1139,-0.5609,-0.5721,-0.8081,-0.8197,-0.4381
0.6494,-0.0441,0.5922,-0.3812,0.8467,0.3667,0.0935,-0.0752,-0.5852,-0.3946,0.1036,-0.5688,-0.5721,-0.8081,-0.8212,-0.444
0.6494,-0.0441,0.5922,-0.3812,0.8467,0.3667,0.0935,-0.0752,-0.5852,-0.3946,0.1036,-0.5688,-0.5721,-0.8081,-0.8212,-0.444
0.6494,-0.0441,0.6235,-0.358,0.8467,0.3667,0.0817,-0.078,-0.5852,-0.3946,0.089,-0.578,-0.586,-0.8131,-0.8345,-0.449
0.6494,-0.0441,0.6235,-0.358,0.8467,0.3667,0.0817,-0.078,-0.5852,-0.3946,0.089,-0.578,-0.586,-0.8131,-0.8345,-0.449
0.6201,-0.0666,0.561,-0.4042,0.8306,0.3474,0.0581,-0.0837,-0.5852,-0.3946,0.0745,-0.5872,-0.577,-0.8261,-0.8404,-0.4565
0.6201,-0.0666,0.561,-0.4042,0.8306,0.3474,0.0581,-0.0837,-0.5852,-0.3946,0.0745,-0.5872,-0.577,-0.8261,-0.8404,-0.4565
0.6005,-0.0707,0.561,-0.4042,0.8188,0.3432,0.0463,-0.0865,-0.6162,-0.4102,0.0557,-0.5977,-0.6139,-0.8229,-0.8536,-0.4615
0.6005,-0.0707,0.561,-0.4042,0.8188,0.3432,0.0463,-0.0865,-0.6162,-0.4102,0.0557,-0.5977,-0.6139,-0.8229,-0.8536,-0.4615
0.6005,-0.0707,0.561,-0.4042,0.8188,0.3432,0.0463,-0.0865,-0.6162,-0.4102,0.0557,-0.5977,-0.6139,-0.8229,-0.8536,-0.4615
0.5909,-0.0892,0.4986,-0.3822,0.8069,0.3391,0.0345,-0.0894,-0.5852,-0.3946,0.0428,-0.6018,-0.6139,-0.8229,-0.8625,-0.4648
0.5909,-0.0892,0.4986,-0.3822,0.8069,0.3391,0.0345,-0.0894,-0.5852,-0.3946,0.0428,-0.6018,-0.6139,-0.8229,-0.8625,-0.4648
0.6009,-0.1036,0.5297,-0.3591,0.8069,0.3391,0.0345,-0.0894,-0.5608,-0.4298,0.0326,-0.6096,-0.6279,-0.8279,-0.8713,-0.4681
0.6009,-0.1036,0.5297,-0.3591,0.8069,0.3391,0.0345,-0.0894,-0.5608,-0.4298,0.0326,-0.6096,-0.6279,-0.8279,-0.8713,-0.4681
0.5813,-0.1076,0.4986,-0.3822,0.7951,0.3349,0.011,-0.095,-0.5608,-0.4298,0.0224,-0.6174,-0.6188,-0.8409,-0.8801,-0.4714
0.5813,-0.1076,0.4986,-0.3822,0.7951,0.3349,0.011,-0.095,-0.5608,-0.4298,0.0224,-0.6174,-0.6188,-0.8409,-0.8801,-0.4714
0.5522,-0.13,0.4676,-0.4052,0.7791,0.3156,-0.0242,-0.1035,-0.5608,-0.4298,0.0053,-0.6228,-0.6418,-0.8328,-0.886,-0.4789
0.5522,-0.13,0.4676,-0.4052,0.7791,0.3156,-0.0242,-0.1035,-0.5608,-0.4298,0.0053,-0.6228,-0.6418,-0.8328,-0.886,-0.4789
0.5032,-0.1236,0.4676,-0.4052,0.7479,0.3184,-0.0295,-0.1156,-0.5052,-0.4494,-0.0075,-0.6268,-0.6647,-0.8247,-0.9021,-0.4796
0.5032,-0.1236,0.4676,-0.4052,0.7479,0.3184,-0.0295,-0.1156,-0.5052,-0.4494,-0.0075,-0.6268,-0.6647,-0.8247,-0.9021,-0.4796
0.5032,-0.1236,0.4676,-0.4052,0.7479,0.3184,-0.0295,-0.1156,-0.5052,-0.4494,-0.0075,-0.6268,-0.6647,-0.8247,-0.9021,-0.4796
0.4838,-0.1276,0.4367,-0.4282,0.7361,0.3142,-0.0529,-0.1212,-0.5297,-0.4142,-0.0229,-0.6271,-0.6418,-0.8328,-0.9109,-0.4829
0.4838,-0.1276,0.4367,-0.4282,0.7361,0.3142,-0.0529,-0.1212,-0.5297,-0.4142,-0.0229,-0.6271,-0.6418,-0.8328,-0.9109,-0.4829
0.4543,-0.1172,0.4676,-0.4052,0.7243,0.3101,-0.0762,-0.1269,-0.5852,-0.3946,-0.0331,-0.6349,-0.6647,-0.8247,-0.9241,-0.4878
0.4543,-0.1172,0.4676,-0.4052,0.7243,0.3101,-0.0762,-0.1269,-0.5852,-0.3946,-0.0331,-0.6349,-0.6647,-0.8247,-0.9241,-0.4878
0.4255,-0.1395,0.4059,-0.4511,0.6932,0.3128,-0.0879,-0.1297,-0.5852,-0.3946,-0.0527,-0.6365,-0.6786,-0.8296,-0.9446,-0.4902
0.4255,-0.1395,0.4059,-0.4511,0.6932,0.3128,-0.0879,-0.1297,-0.5852,-0.3946,-0.0527,-0.6365,-0.6786,-0.8296,-0.9446,-0.4902
0.3962,-0.1292,0.3748,-0.4063,0.6932,0.3128,-0.0995,-0.1326,-0.6162,-0.4102,-0.0655,-0.6405,-0.6695,-0.8426,-0.9578,-0.4951
0.3962,-0.1292,0.3748,-0.4063,0.6932,0.3128,-0.0995,-0.1326,-0.6162,-0.4102,-0.0655,-0.6405,-0.6695,-0.8426,-0.9578,-0.4951
0.3962,-0.1292,0.3748,-0.4063,0.6932,0.3128,-0.0995,-0.1326,-0.6162,-0.4102,-0.0655,-0.6405,-0.6695,-0.8426,-0.9578,-0.4951
0.3869,-0.1475,0.4059,-0.4511,0.6622,0.3155,-0.1112,-0.1354,-0.6162,-0.4102,-0.0808,-0.6407,-0.6695,-0.8426,-0.9738,-0.4958
0.3869,-0.1475,0.4059,-0.4511,0.6622,0.3155,-0.1112,-0.1354,-0.6162,-0.4102,-0.0808,-0.6407,-0.6695,-0.8426,-0.9738,-0.4958
0.3676,-0.1515,0.3442,-0.4293,0.6505,0.3114,-0.1228,-0.1382,-0.6471,-0.4258,-0.0961,-0.641,-0.6834,-0.8475,-0.9899,-0.4965
0.3676,-0.1515,0.3442,-0.4293,0.6505,0.3114,-0.1228,-0.1382,-0.6471,-0.4258,-0.0961,-0.641,-0.6834,-0.8475,-0.9899,-0.4965
0.3483,-0.1555,0.3131,-0.3845,0.6312,0.3182,-0.1524,-0.1347,-0.7023,-0.4064,-0.1046,-0.6437,-0.7062,-0.8395,-1.0059,-0.4973
0.3483,-0.1555,0.3131,-0.3845,0.6312,0.3182,-0.1524,-0.1347,-0.7023,-0.4064,-0.1046,-0.6437,-0.7062,-0.8395,-1.0059,-0.4973
0.3291,-0.1595,0.3442,-0.4293,0.6002,0.3208,-0.1576,-0.1467,-0.7573,-0.3869,-0.1199,-0.644,-0.7291,-0.8314,-1.019,-0.5022
0.3291,-0.1595,0.3442,-0.4293,0.6002,0.3208,-0.1576,-0.1467,-0.7573,-0.3869,-0.1199,-0.644,-0.7291,-0.8314,-1.019,-0.5022
0.3,-0.1492,0.3748,-0.4063,0.5886,0.3167,-0.1871,-0.1432,-0.7573,-0.3869,-0.1284,-0.6466,-0.7429,-0.8363,-1.035,-0.5029
0.3,-0.1492,0.3748,-0.4063,0.5886,0.3167,-0.1871,-0.1432,-0.7573,-0.3869,-0.1284,-0.6466,-0.7429,-0.8363,-1.035,-0.5029
0.3,-0.1492,0.3748,-0.4063,0.5886,0.3167,-0.1871,-0.1432,-0.7573,-0.3869,-0.1284,-0.6466,-0.7429,-0.8363,-1.035,-0.5029
0.2907,-0.1674,0.3748,-0.4063,0.5694,0.3235,-0.1987,-0.146,-0.8122,-0.3675,-0.1436,-0.6469,-0.7567,-0.8412,-1.0553,-0.5053
0.2715,-0.1714,0.3131,-0.3845,0.5653,0.3084,-0.2102,-0.1488,-0.7573,-0.3869,-0.1563,-0.6509,-0.7794,-0.8332,-1.0684,-0.5102
0.2715,-0.1714,0.3131,-0.3845,0.5653,0.3084,-0.2102,-0.1488,-0.7573,-0.3869,-0.1563,-0.6509,-0.7794,-0.8332,-1.0684,-0.5102
0.2715,-0.1714,0.3131,-0.3845,0.5653,0.3084,-0.2102,-0.1488,-0.7573,-0.3869,-0.1563,-0.6509,-0.7794,-0.8332,-1.0684,-0.5102
0.2524,-0.1754,0.2516,-0.3628,0.523,0.3069,-0.2512,-0.1481,-0.7878,-0.4026,-0.1715,-0.6512,-0.8022,-0.8252,-1.0814,-0.5151
0.2524,-0.1754,0.2516,-0.3628,0.523,0.3069,-0.2512,-0.1481,-0.7878,-0.4026,-0.1715,-0.6512,-0.8022,-0.8252,-1.0814,-0.5151
0.2524,-0.1754,0.3131,-0.3845,0.5305,0.296,-0.269,-0.1418,-0.8183,-0.4183,-0.1842,-0.6552,-0.8386,-0.8221,-1.1016,-0.5175
0.2524,-0.1754,0.3131,-0.3845,0.5305,0.296,-0.269,-0.1418,-0.8183,-0.4183,-0.1842,-0.6552,-0.8386,-0.8221,-1.1016,-0.5175
0.2524,-0.1754,0.3131,-0.3845,0.5305,0.296,-0.269,-0.1418,-0.8183,-0.4183,-0.1842,-0.6552,-0.8386,-0.8221,-1.1016,-0.5175
0.2617,-0.1572,0.3131,-0.3845,0.5421,0.3001,-0.2575,-0.139,-0.7878,-0.4026,-0.1842,-0.6552,-0.8476,-0.8091,-1.106,-0.5191
0.2617,-0.1572,0.3131,-0.3845,0.5421,0.3001,-0.2575,-0.139,-0.7878,-0.4026,-0.1842,-0.6552,-0.8476,-0.8091,-1.106,-0.5191
0.3192,-0.1452,0.282,-0.3396,0.577,0.3126,-0.2229,-0.1305,-0.733,-0.422,-0.181,-0.645,-0.8339,-0.8042,-1.093,-0.5142
0.3192,-0.1452,0.282,-0.3396,0.577,0.3126,-0.2229,-0.1305,-0.733,-0.422,-0.181,-0.645,-0.8339,-0.8042,-1.093,-0.5142
0.3863,-0.1148,0.3744,-0.3383,0.6429,0.3223,-0.1831,-0.11,-0.7087,-0.457,-0.1489,-0.6394,-0.8112,-0.8122,-1.0786,-0.5034
0.3863,-0.1148,0.3744,-0.3383,0.6429,0.3223,-0.1831,-0.11,-0.7087,-0.457,-0.1489,-0.6394,-0.8112,-0.8122,-1.0786,-0.5034
0.5127,-0.1052,0.4359,-0.2917,0.7132,0.3472,-0.0954,-0.0993,-0.6779,-0.4414,-0.0981,-0.6233,-0.7609,-0.8103,-1.0336,-0.497
0.5127,-0.1052,0.4359,-0.2917,0.7132,0.3472,-0.0954,-0.0993,-0.6779,-0.4414,-0.0981,-0.6233,-0.7609,-0.8103,-1.0336,-0.497
0.6105,-0.0852,0.5608,-0.3359,0.768,0.3528,-0.0071,-0.0886,-0.6162,-0.4102,-0.0265,-0.6144,-0.6966,-0.8036,-0.9783,-0.4815
0.6105,-0.0852,0.5608,-0.3359,0.768,0.3528,-0.0071,-0.0886,-0.6162,-0.4102,-0.0265,-0.6144,-0.6966,-0.8036,-0.9783,-0.4815
0.6105,-0.0852,0.5608,-0.3359,0.768,0.3528,-0.0071,-0.0886,-0.6162,-0.4102,-0.0265,-0.6144,-0.6966,-0.8036,-0.9783,-0.4815
0.6893,-0.0691,0.592,-0.3126,0.8153,0.3695,0.0516,-0.0744,-0.5297,-0.4142,0.0316,-0.6007,-0.6689,-0.7937,-0.9315,-0.4693
0.6893,-0.0691,0.592,-0.3126,0.8153,0.3695,0.0516,-0.0744,-0.5297,-0.4142,0.0316,-0.6007,-0.6689,-0.7937,-0.9315,-0.4693
0.7686,-0.0531,0.6864,-0.3116,0.8509,0.382,0.1053,-0.0724,-0.5297,-0.4142,0.0771,-0.591,-0.646,-0.8018,-0.886,-0.4629
0.7686,-0.0531,0.6864,-0.3116,0.8509,0.382,0.1053,-0.0724,-0.5297,-0.4142,0.0771,-0.591,-0.646,-0.8018,-0.886,-0.4629
0.8283,-0.0411,0.7497,-0.3339,0.8747,0.3903,0.1344,-0.0545,-0.4672,-0.3828,0.1228,-0.5813,-0.5951,-0.8,-0.8404,-0.4565
0.8283,-0.0411,0.7497,-0.3339,0.8747,0.3903,0.1344,-0.0545,-0.4672,-0.3828,0.1228,-0.5813,-0.5951,-0.8,-0.8404,-0.4565
0.8382,-0.0225,0.8131,-0.3563,0.9062,0.3875,0.1765,-0.0553,-0.4985,-0.3985,0.147,-0.5784,-0.5951,-0.8,-0.8153,-0.4525
0.8382,-0.0225,0.8131,-0.3563,0.9062,0.3875,0.1765,-0.0553,-0.4985,-0.3985,0.147,-0.5784,-0.5951,-0.8,-0.8153,-0.4525
0.8382,-0.0225,0.8131,-0.3563,0.9062,0.3875,0.1765,-0.0553,-0.4985,-0.3985,0.147,-0.5784,-0.5951,-0.8,-0.8153,-0.4525
0.8684,-0.0331,0.8131,-0.3563,0.8985,0.3987,0.1948,-0.0618,-0.4918,-0.3474,0.1739,-0.5792,-0.5812,-0.795,-0.7828,-0.4511
0.8684,-0.0331,0.8131,-0.3563,0.8985,0.3987,0.1948,-0.0618,-0.4918,-0.3474,0.1739,-0.5792,-0.5812,-0.795,-0.7828,-0.4511
0.8684,-0.0331,0.7814,-0.3106,0.8985,0.3987,0.2132,-0.0683,-0.4672,-0.3828,0.1835,-0.5855,-0.5721,-0.8081,-0.7754,-0.4538
0.8684,-0.0331,0.7814,-0.3106,0.8985,0.3987,0.2132,-0.0683,-0.4672,-0.3828,0.1835,-0.5855,-0.5721,-0.8081,-0.7754,-0.4538
0.8182,-0.0265,0.718,-0.3571,0.8943,0.3834,0.1894,-0.074,-0.3797,-0.387,0.1931,-0.5918,-0.5581,-0.8032,-0.7605,-0.459
0.8182,-0.0265,0.718,-0.3571,0.8943,0.3834,0.1894,-0.074,-0.3797,-0.387,0.1931,-0.5918,-0.5581,-0.8032,-0.7605,-0.459
0.7983,-0.0305,0.718,-0.3571,0.8824,0.3792,0.1656,-0.0796,-0.4112,-0.4026,0.1785,-0.601,-0.563,-0.8212,-0.7694,-0.4623
0.7983,-0.0305,0.718,-0.3571,0.8824,0.3792,0.1656,-0.0796,-0.4112,-0.4026,0.1785,-0.601,-0.563,-0.8212,-0.7694,-0.4623
0.7885,-0.0491,0.6549,-0.3348,0.8705,0.375,0.1666,-0.101,-0.4112,-0.4026,0.1681,-0.6088,-0.586,-0.8131,-0.7783,-0.4656
0.7885,-0.0491,0.6549,-0.3348,0.8705,0.375,0.1666,-0.101,-0.4112,-0.4026,0.1681,-0.6088,-0.586,-0.8131,-0.7783,-0.4656
0.7885,-0.0491,0.6549,-0.3348,0.8705,0.375,0.1666,-0.101,-0.4112,-0.4026,0.1681,-0.6088,-0.586,-0.8131,-0.7783,-0.4656
0.7686,-0.0531,0.6235,-0.358,0.8858,0.3529,0.1429,-0.1067,-0.4112,-0.4026,0.1465,-0.6155,-0.586,-0.8131,-0.7843,-0.4731
0.7686,-0.0531,0.6235,-0.358,0.8858,0.3529,0.1429,-0.1067,-0.4112,-0.4026,0.1465,-0.6155,-0.586,-0.8131,-0.7843,-0.4731
0.7787,-0.0677,0.6549,-0.3348,0.8858,0.3529,0.131,-0.1095,-0.4672,-0.3828,0.1345,-0.6284,-0.6,-0.818,-0.7976,-0.4781
0.7787,-0.0677,0.6549,-0.3348,0.8858,0.3529,0.131,-0.1095,-0.4672,-0.3828,0.1345,-0.6284,-0.6,-0.818,-0.7976,-0.4781
0.7588,-0.0717,0.6864,-0.3803,0.8816,0.3377,0.1256,-0.1216,-0.4112,-0.4026,0.1173,-0.6338,-0.6139,-0.8229,-0.8064,-0.4814
0.7588,-0.0717,0.6864,-0.3803,0.8816,0.3377,0.1256,-0.1216,-0.4112,-0.4026,0.1173,-0.6338,-0.6139,-0.8229,-0.8064,-0.4814
0.7491,-0.0903,0.6235,-0.358,0.862,0.3446,0.0956,-0.1179,-0.4112,-0.4026,0.1027,-0.6429,-0.6139,-0.8229,-0.8124,-0.4889
0.7491,-0.0903,0.6235,-0.358,0.862,0.3446,0.0956,-0.1179,-0.4112,-0.4026,0.1027,-0.6429,-0.6139,-0.8229,-0.8124,-0.4889
0.7491,-0.0903,0.6235,-0.358,0.862,0.3446,0.0956,-0.1179,-0.4112,-0.4026,0.1027,-0.6429,-0.6139,-0.8229,-0.8124,-0.4889
0.7196,-0.1127,0.561,-0.4042,0.8383,0.3363,0.0784,-0.1328,-0.4112,-0.4026,0.0855,-0.6483,-0.6369,-0.8148,-0.8286,-0.4896
0.7196,-0.1127,0.561,-0.4042,0.8383,0.3363,0.0784,-0.1328,-0.4112,-0.4026,0.0855,-0.6483,-0.6369,-0.8148,-0.8286,-0.4896
0.6998,-0.1167,0.561,-0.4042,0.8264,0.3322,0.073,-0.1448,-0.3797,-0.387,0.0769,-0.6509,-0.623,-0.8099,-0.8301,-0.4955
0.6998,-0.1167,0.561,-0.4042,0.8264,0.3322,0.073,-0.1448,-0.3797,-0.387,0.0769,-0.6509,-0.623,-0.8099,-0.8301,-0.4955
0.68,-0.1207,0.5298,-0.4272,0.8069,0.3391,0.043,-0.1412,-0.4672,-0.3828,0.0667,-0.6587,-0.6279,-0.8279,-0.8507,-0.4978
0.68,-0.1207,0.5298,-0.4272,0.8069,0.3391,0.043,-0.1412,-0.4672,-0.3828,0.0667,-0.6587,-0.6279,-0.8279,-0.8507,-0.4978
0.6406,-0.1286,0.4676,-0.4052,0.7951,0.3349,0.0377,-0.1532,-0.4672,-0.3828,0.0538,-0.6627,-0.6508,-0.8197,-0.8669,-0.4985
0.6406,-0.1286,0.4676,-0.4052,0.7951,0.3349,0.0377,-0.1532,-0.4672,-0.3828,0.0538,-0.6627,-0.6508,-0.8197,-0.8669,-0.4985
0.5914,-0.1221,0.4988,-0.4501,0.7833,0.3308,0.0142,-0.1588,-0.4918,-0.3474,0.0452,-0.6654,-0.6508,-0.8197,-0.8801,-0.5034
0.5914,-0.1221,0.4988,-0.4501,0.7833,0.3308,0.0142,-0.1588,-0.4918,-0.3474,0.0452,-0.6654,-0.6508,-0.8197,-0.8801,-0.5034
0.5914,-0.1221,0.4988,-0.4501,0.7833,0.3308,0.0142,-0.1588,-0.4918,-0.3474,0.0452,-0.6654,-0.6508,-0.8197,-0.8801,-0.5034
0.6014,-0.1365,0.5298,-0.4272,0.7638,0.3377,0.0142,-0.1588,-0.4672,-0.3828,0.0212,-0.6683,-0.6647,-0.8247,-0.8933,-0.5083
0.6014,-0.1365,0.5298,-0.4272,0.7638,0.3377,0.0142,-0.1588,-0.4672,-0.3828,0.0212,-0.6683,-0.6647,-0.8247,-0.8933,-0.5083
0.5522,-0.13,0.5298,-0.4272,0.752,0.3335,-0.0093,-0.1644,-0.4985,-0.3985,0.0084,-0.6723,-0.6786,-0.8296,-0.9065,-0.5132
0.5522,-0.13,0.5298,-0.4272,0.752,0.3335,-0.0093,-0.1644,-0.4985,-0.3985,0.0084,-0.6723,-0.6786,-0.8296,-0.9065,-0.5132
0.5427,-0.1484,0.5298,-0.4272,0.7479,0.3184,-0.021,-0.1672,-0.4985,-0.3985,-0.0044,-0.6763,-0.6876,-0.8166,-0.9197,-0.5182
0.5427,-0.1484,0.5298,-0.4272,0.7479,0.3184,-0.021,-0.1672,-0.4985,-0.3985,-0.0044,-0.6763,-0.6876,-0.8166,-0.9197,-0.5182
0.5037,-0.1563,0.4367,-0.4282,0.7243,0.3101,-0.0624,-0.1665,-0.523,-0.3631,-0.0129,-0.6789,-0.6966,-0.8036,-0.9241,-0.5198
0.5037,-0.1563,0.4367,-0.4282,0.7243,0.3101,-0.0624,-0.1665,-0.523,-0.3631,-0.0129,-0.6789,-0.6966,-0.8036,-0.9241,-0.5198
0.5037,-0.1563,0.4367,-0.4282,0.7243,0.3101,-0.0624,-0.1665,-0.523,-0.3631,-0.0129,-0.6789,-0.6966,-0.8036,-0.9241,-0.5198
0.4842,-0.1603,0.4367,-0.4282,0.7126,0.306,-0.0741,-0.1693,-0.523,-0.3631,-0.0214,-0.6816,-0.7195,-0.7955,-0.9402,-0.5205
0.4842,-0.1603,0.4367,-0.4282,0.7126,0.306,-0.0741,-0.1693,-0.523,-0.3631,-0.0214,-0.6816,-0.7195,-0.7955,-0.9402,-0.5205
0.4355,-0.1539,0.3748,-0.4063,0.6815,0.3087,-0.1037,-0.1657,-0.5787,-0.3434,-0.0368,-0.6818,-0.7195,-0.7955,-0.949,-0.5238
0.4355,-0.1539,0.3748,-0.4063,0.6815,0.3087,-0.1037,-0.1657,-0.5787,-0.3434,-0.0368,-0.6818,-0.7195,-0.7955,-0.949,-0.5238
0.4161,-0.1578,0.3748,-0.4063,0.6698,0.3045,-0.1153,-0.1685,-0.523,-0.3631,-0.0521,-0.6821,-0.7333,-0.8004,-0.965,-0.5244
0.4161,-0.1578,0.3748,-0.4063,0.6698,0.3045,-0.1153,-0.1685,-0.523,-0.3631,-0.0521,-0.6821,-0.7333,-0.8004,-0.965,-0.5244
0.4067,-0.1761,0.3748,-0.4063,0.6581,0.3004,-0.1386,-0.1741,-0.5476,-0.3276,-0.0649,-0.6861,-0.7243,-0.8134,-0.9811,-0.5251
0.4067,-0.1761,0.3748,-0.4063,0.6581,0.3004,-0.1386,-0.1741,-0.5476,-0.3276,-0.0649,-0.6861,-0.7243,-0.8134,-0.9811,-0.5251
0.3582,-0.1698,0.3131,-0.3845,0.6539,0.2854,-0.1502,-0.1769,-0.5476,-0.3276,-0.0802,-0.6863,-0.7471,-0.8054,-0.9942,-0.53
0.3582,-0.1698,0.3131,-0.3845,0.6539,0.2854,-0.1502,-0.1769,-0.5476,-0.3276,-0.0802,-0.6863,-0.7471,-0.8054,-0.9942,-0.53
0.3582,-0.1698,0.3131,-0.3845,0.6539,0.2854,-0.1502,-0.1769,-0.5476,-0.3276,-0.0802,-0.6863,-0.7471,-0.8054,-0.9942,-0.53
0.3489,-0.188,0.2826,-0.4075,0.623,0.2881,-0.1733,-0.1825,-0.5542,-0.3789,-0.0998,-0.6879,-0.7519,-0.8233,-1.0189,-0.534
0.3489,-0.188,0.2826,-0.4075,0.623,0.2881,-0.1733,-0.1825,-0.5542,-0.3789,-0.0998,-0.6879,-0.7519,-0.8233,-1.0189,-0.534
0.3296,-0.192,0.2826,-0.4075,0.6113,0.2839,-0.2028,-0.179,-0.6097,-0.3592,-0.1125,-0.6919,-0.7429,-0.8363,-1.0392,-0.5364
0.3296,-0.192,0.2826,-0.4075,0.6113,0.2839,-0.2028,-0.179,-0.6097,-0.3592,-0.1125,-0.6919,-0.7429,-0.8363,-1.0392,-0.5364
0.2907,-0.1674,0.3442,-0.4293,0.5921,0.2907,-0.2206,-0.1727,-0.6651,-0.3396,-0.1277,-0.6921,-0.7567,-0.8412,-1.0523,-0.5413
0.2907,-0.1674,0.3442,-0.4293,0.5921,0.2907,-0.2206,-0.1727,-0.6651,-0.3396,-0.1277,-0.6921,-0.7567,-0.8412,-1.0523,-0.5413
0.339,-0.1737,0.3131,-0.3845,0.6037,0.2949,-0.1912,-0.1762,-0.6406,-0.375,-0.1303,-0.6884,-0.7657,-0.8283,-1.0596,-0.5387
0.339,-0.1737,0.3131,-0.3845,0.6037,0.2949,-0.1912,-0.1762,-0.6406,-0.375,-0.1303,-0.6884,-0.7657,-0.8283,-1.0596,-0.5387
0.339,-0.1737,0.3131,-0.3845,0.6037,0.2949,-0.1912,-0.1762,-0.6406,-0.375,-0.1303,-0.6884,-0.7657,-0.8283,-1.0596,-0.5387
0.4062,-0.1435,0.4676,-0.4052,0.6581,0.3004,-0.1513,-0.1558,-0.6651,-0.3396,-0.1177,-0.6844,-0.7519,-0.8233,-1.0509,-0.5354
0.4062,-0.1435,0.4676,-0.4052,0.6581,0.3004,-0.1513,-0.1558,-0.6651,-0.3396,-0.1177,-0.6844,-0.7519,-0.8233,-1.0509,-0.5354
0.5032,-0.1236,0.4986,-0.3822,0.7049,0.317,-0.0751,-0.1481,-0.6097,-0.3592,-0.0812,-0.6775,-0.7153,-0.8265,-1.0218,-0.5298
0.5032,-0.1236,0.4986,-0.3822,0.7049,0.317,-0.0751,-0.1481,-0.6097,-0.3592,-0.0812,-0.6775,-0.7153,-0.8265,-1.0218,-0.5298
0.5713,-0.0932,0.5922,-0.3812,0.7715,0.3266,0.0078,-0.1496,-0.5787,-0.3434,-0.0344,-0.6628,-0.6876,-0.8166,-0.9796,-0.5193
0.5713,-0.0932,0.5922,-0.3812,0.7715,0.3266,0.0078,-0.1496,-0.5787,-0.3434,-0.0344,-0.6628,-0.6876,-0.8166,-0.9796,-0.5193
0.6499,-0.0772,0.5922,-0.3812,0.8069,0.3391,0.0484,-0.1292,-0.4918,-0.3474,0.0262,-0.653,-0.646,-0.8018,-0.9256,-0.5097
0.6499,-0.0772,0.5922,-0.3812,0.8069,0.3391,0.0484,-0.1292,-0.4918,-0.3474,0.0262,-0.653,-0.646,-0.8018,-0.9256,-0.5097
0.7188,-0.0466,0.6235,-0.358,0.8425,0.3515,0.0956,-0.1179,-0.4605,-0.3316,0.0888,-0.638,-0.6181,-0.7919,-0.8713,-0.5001
0.7188,-0.0466,0.6235,-0.358,0.8425,0.3515,0.0956,-0.1179,-0.4605,-0.3316,0.0888,-0.638,-0.6181,-0.7919,-0.8713,-0.5001
0.7188,-0.0466,0.6235,-0.358,0.8425,0.3515,0.0956,-0.1179,-0.4605,-0.3316,0.0888,-0.638,-0.6181,-0.7919,-0.8713,-0.5001
0.8084,-0.0451,0.6549,-0.3348,0.8782,0.364,0.1429,-0.1067,-0.3977,-0.2999,0.1431,-0.6258,-0.5532,-0.7851,-0.8197,-0.4863
0.8084,-0.0451,0.6549,-0.3348,0.8782,0.364,0.1429,-0.1067,-0.3977,-0.2999,0.1431,-0.6258,-0.5532,-0.7851,-0.8197,-0.4863
0.8382,-0.0225,0.6864,-0.3116,0.9139,0.3764,0.185,-0.1075,-0.3729,-0.3356,0.176,-0.6202,-0.5532,-0.7851,-0.7828,-0.4833
0.8382,-0.0225,0.6864,-0.3116,0.9139,0.3764,0.185,-0.1075,-0.3729,-0.3356,0.176,-0.6202,-0.5532,-0.7851,-0.7828,-0.4833
0.8884,-0.0291,0.6864,-0.3116,0.9259,0.3806,0.2152,-0.1112,-0.3413,-0.3198,0.2046,-0.616,-0.5392,-0.7802,-0.7502,-0.482
0.8884,-0.0291,0.6864,-0.3116,0.9259,0.3806,0.2152,-0.1112,-0.3413,-0.3198,0.2046,-0.616,-0.5392,-0.7802,-0.7502,-0.482
0.9085,-0.0251,0.6864,-0.3116,0.9379,0.3848,0.2455,-0.1149,-0.253,-0.324,0.222,-0.6106,-0.5252,-0.7752,-0.725,-0.478
0.9085,-0.0251,0.6864,-0.3116,0.9379,0.3848,0.2455,-0.1149,-0.253,-0.324,0.222,-0.6106,-0.5252,-0.7752,-0.725,-0.478
0.9085,-0.0251,0.6864,-0.3116,0.9379,0.3848,0.2455,-0.1149,-0.253,-0.324,0.222,-0.6106,-0.5252,-0.7752,-0.725,-0.478
0.8884,-0.0291,0.6864,-0.3116,0.9575,0.3778,0.2455,-0.1149,-0.1962,-0.344,0.236,-0.6155,-0.5252,-0.7752,-0.7086,-0.4773
0.8884,-0.0291,0.6864,-0.3116,0.9575,0.3778,0.2455,-0.1149,-0.1962,-0.344,0.236,-0.6155,-0.5252,-0.7752,-0.7086,-0.4773
0.8884,-0.0291,0.718,-0.3571,0.9456,0.3737,0.2336,-0.1177,-0.2211,-0.3081,0.2342,-0.6207,-0.5392,-0.7802,-0.6982,-0.4842
0.8785,-0.0478,0.7495,-0.4025,0.9336,0.3695,0.2097,-0.1233,-0.2211,-0.3081,0.2239,-0.6285,-0.5392,-0.7802,-0.7027,-0.4859
0.8785,-0.0478,0.7495,-0.4025,0.9336,0.3695,0.2097,-0.1233,-0.2211,-0.3081,0.2239,-0.6285,-0.5392,-0.7802,-0.7027,-0.4859
0.8785,-0.0478,0.7495,-0.4025,0.9336,0.3695,0.2097,-0.1233,-0.2211,-0.3081,0.2239,-0.6285,-0.5392,-0.7802,-0.7027,-0.4859
0.8283,-0.0411,0.6864,-0.3803,0.9293,0.3542,0.1795,-0.1196,-0.2211,-0.3081,0.2091,-0.6376,-0.5623,-0.772,-0.7191,-0.4865
0.8283,-0.0411,0.6864,-0.3803,0.9293,0.3542,0.1795,-0.1196,-0.2211,-0.3081,0.2091,-0.6376,-0.5623,-0.772,-0.7191,-0.4865
0.8185,-0.0598,0.7178,-0.4255,0.937,0.3432,0.1558,-0.1252,-0.2211,-0.3081,0.1944,-0.6468,-0.5532,-0.7851,-0.725,-0.4941
0.8185,-0.0598,0.7178,-0.4255,0.937,0.3432,0.1558,-0.1252,-0.2211,-0.3081,0.1944,-0.6468,-0.5532,-0.7851,-0.725,-0.4941
0.8185,-0.0598,0.7178,-0.4255,0.937,0.3432,0.1558,-0.1252,-0.2211,-0.3081,0.1944,-0.6468,-0.5532,-0.7851,-0.725,-0.4941
0.8087,-0.0783,0.655,-0.4033,0.9251,0.339,0.1503,-0.1373,-0.2211,-0.3081,0.1867,-0.6583,-0.5763,-0.777,-0.7384,-0.499
0.8087,-0.0783,0.655,-0.4033,0.9251,0.339,0.1503,-0.1373,-0.2211,-0.3081,0.1867,-0.6583,-0.5763,-0.777,-0.7384,-0.499
0.8087,-0.0783,0.6235,-0.358,0.9251,0.339,0.1567,-0.1465,-0.3096,-0.3039,0.172,-0.6674,-0.5812,-0.795,-0.7488,-0.5082
0.8087,-0.0783,0.6235,-0.358,0.9251,0.339,0.1567,-0.1465,-0.3096,-0.3039,0.172,-0.6674,-0.5812,-0.795,-0.7488,-0.5082
0.8189,-0.0929,0.5608,-0.3359,0.9131,0.3349,0.1632,-0.1558,-0.3345,-0.268,0.1548,-0.6727,-0.5812,-0.795,-0.7577,-0.5114
0.8189,-0.0929,0.5608,-0.3359,0.9131,0.3349,0.1632,-0.1558,-0.3345,-0.268,0.1548,-0.6727,-0.5812,-0.795,-0.7577,-0.5114
0.7989,-0.0969,0.5922,-0.3812,0.8816,0.3377,0.1577,-0.1678,-0.2779,-0.2881,0.1444,-0.6805,-0.5721,-0.8081,-0.7711,-0.5163
0.7989,-0.0969,0.5922,-0.3812,0.8816,0.3377,0.1577,-0.1678,-0.2779,-0.2881,0.1444,-0.6805,-0.5721,-0.8081,-0.7711,-0.5163
0.7989,-0.0969,0.5922,-0.3812,0.8816,0.3377,0.1577,-0.1678,-0.2779,-0.2881,0.1444,-0.6805,-0.5721,-0.8081,-0.7711,-0.5163
0.7693,-0.1193,0.561,-0.4042,0.8502,0.3405,0.134,-0.1734,-0.2779,-0.2881,0.1315,-0.6845,-0.5721,-0.8081,-0.7799,-0.5196
0.7693,-0.1193,0.561,-0.4042,0.8502,0.3405,0.134,-0.1734,-0.2779,-0.2881,0.1315,-0.6845,-0.5721,-0.8081,-0.7799,-0.5196
0.7494,-0.1233,0.5298,-0.4272,0.8383,0.3363,0.1104,-0.1789,-0.2779,-0.2881,0.1143,-0.6898,-0.5951,-0.8,-0.7932,-0.5245
0.7494,-0.1233,0.5298,-0.4272,0.8383,0.3363,0.1104,-0.1789,-0.2779,-0.2881,0.1143,-0.6898,-0.5951,-0.8,-0.7932,-0.5245
0.7397,-0.1417,0.5298,-0.4272,0.8264,0.3322,0.1049,-0.1909,-0.246,-0.2721,0.1057,-0.6924,-0.5812,-0.795,-0.7947,-0.5304
0.7397,-0.1417,0.5298,-0.4272,0.8264,0.3322,0.1049,-0.1909,-0.246,-0.2721,0.1057,-0.6924,-0.5812,-0.795,-0.7947,-0.5304
0.6704,-0.1391,0.4678,-0.473,0.8104,0.3129,0.0696,-0.1992,-0.246,-0.2721,0.0954,-0.7002,-0.5951,-0.8,-0.808,-0.5353
0.6704,-0.1391,0.4678,-0.473,0.8104,0.3129,0.0696,-0.1992,-0.246,-0.2721,0.0954,-0.7002,-0.5951,-0.8,-0.808,-0.5353
0.6607,-0.1574,0.4987,-0.5176,0.7985,0.3088,0.0397,-0.1956,-0.2779,-0.2881,0.0756,-0.7017,-0.6181,-0.7919,-0.8213,-0.5401
0.6607,-0.1574,0.4987,-0.5176,0.7985,0.3088,0.0397,-0.1956,-0.2779,-0.2881,0.0756,-0.7017,-0.6181,-0.7919,-0.8213,-0.5401
0.6607,-0.1574,0.4987,-0.5176,0.7985,0.3088,0.0397,-0.1956,-0.2779,-0.2881,0.0756,-0.7017,-0.6181,-0.7919,-0.8213,-0.5401
0.631,-0.147,0.4678,-0.473,0.8062,0.2978,0.0162,-0.2012,-0.2779,-0.2881,0.0628,-0.7057,-0.6091,-0.8049,-0.8272,-0.5476
0.631,-0.147,0.4678,-0.473,0.8062,0.2978,0.0162,-0.2012,-0.2779,-0.2881,0.0628,-0.7057,-0.6091,-0.8049,-0.8272,-0.5476
0.6114,-0.1509,0.4678,-0.473,0.7867,0.3046,0.0162,-0.2012,-0.2779,-0.2881,0.0568,-0.7121,-0.632,-0.7968,-0.8434,-0.5483
0.6114,-0.1509,0.4678,-0.473,0.7867,0.3046,0.0162,-0.2012,-0.2779,-0.2881,0.0568,-0.7121,-0.632,-0.7968,-0.8434,-0.5483
0.5522,-0.13,0.4678,-0.473,0.7749,0.3005,-0.0072,-0.2067,-0.3661,-0.284,0.0371,-0.7136,-0.646,-0.8018,-0.864,-0.5506
0.5522,-0.13,0.4678,-0.473,0.7749,0.3005,-0.0072,-0.2067,-0.3661,-0.284,0.0371,-0.7136,-0.646,-0.8018,-0.864,-0.5506
0.5427,-0.1484,0.4367,-0.4282,0.7631,0.2964,-0.0189,-0.2095,-0.3413,-0.3198,0.0243,-0.7176,-0.6598,-0.8067,-0.8846,-0.5529
0.5427,-0.1484,0.4367,-0.4282,0.7631,0.2964,-0.0189,-0.2095,-0.3413,-0.3198,0.0243,-0.7176,-0.6598,-0.8067,-0.8846,-0.5529
0.5427,-0.1484,0.4367,-0.4282,0.7631,0.2964,-0.0189,-0.2095,-0.3413,-0.3198,0.0243,-0.7176,-0.6598,-0.8067,-0.8846,-0.5529
0.5232,-0.1523,0.4059,-0.4511,0.7513,0.2923,-0.0487,-0.2059,-0.3413,-0.3198,0.0157,-0.7202,-0.6828,-0.7986,-0.9007,-0.5535
0.5232,-0.1523,0.4059,-0.4511,0.7513,0.2923,-0.0487,-0.2059,-0.3413,-0.3198,0.0157,-0.7202,-0.6828,-0.7986,-0.9007,-0.5535
0.5136,-0.1707,0.4059,-0.4511,0.7395,0.2882,-0.0783,-0.2023,-0.3165,-0.3555,0.0003,-0.7204,-0.6737,-0.8116,-0.9168,-0.5542
0.5136,-0.1707,0.4059,-0.4511,0.7395,0.2882,-0.0783,-0.2023,-0.3165,-0.3555,0.0003,-0.7204,-0.6737,-0.8116,-0.9168,-0.5542
0.5136,-0.1707,0.3748,-0.4063,0.7395,0.2882,-0.072,-0.2115,-0.3413,-0.3198,-0.0039,-0.7217,-0.6828,-0.7986,-0.9212,-0.5558
0.5136,-0.1707,0.3748,-0.4063,0.7395,0.2882,-0.072,-0.2115,-0.3413,-0.3198,-0.0039,-0.7217,-0.6828,-0.7986,-0.9212,-0.5558
0.4747,-0.1785,0.3748,-0.4063,0.6967,0.2868,-0.1132,-0.2107,-0.3413,-0.3198,-0.0193,-0.722,-0.6828,-0.7986,-0.9416,-0.5581
0.4747,-0.1785,0.3748,-0.4063,0.6967,0.2868,-0.1132,-0.2107,-0.3413,-0.3198,-0.0193,-0.722,-0.6828,-0.7986,-0.9416,-0.5581
0.4553,-0.1825,0.3748,-0.4063,0.6967,0.2868,-0.1248,-0.2135,-0.3413,-0.3198,-0.0389,-0.7235,-0.7057,-0.7905,-0.9577,-0.5588
0.4553,-0.1825,0.3748,-0.4063,0.6967,0.2868,-0.1248,-0.2135,-0.3413,-0.3198,-0.0389,-0.7235,-0.7057,-0.7905,-0.9577,-0.5588
0.4553,-0.1825,0.3748,-0.4063,0.6967,0.2868,-0.1248,-0.2135,-0.3413,-0.3198,-0.0389,-0.7235,-0.7057,-0.7905,-0.9577,-0.5588
0.4067,-0.1761,0.3748,-0.4063,0.6849,0.2827,-0.1364,-0.2162,-0.3482,-0.3713,-0.0559,-0.7288,-0.7195,-0.7955,-0.9752,-0.5653
0.4067,-0.1761,0.3748,-0.4063,0.6849,0.2827,-0.1364,-0.2162,-0.3482,-0.3713,-0.0559,-0.7288,-0.7195,-0.7955,-0.9752,-0.5653
0.3874,-0.1801,0.3748,-0.4063,0.6656,0.2895,-0.148,-0.219,-0.3482,-0.3713,-0.0712,-0.729,-0.7423,-0.7874,-0.9883,-0.5702
0.3874,-0.1801,0.3748,-0.4063,0.6656,0.2895,-0.148,-0.219,-0.3482,-0.3713,-0.0712,-0.729,-0.7423,-0.7874,-0.9883,-0.5702
0.3874,-0.1801,0.3131,-0.3845,0.6463,0.2963,-0.148,-0.219,-0.3482,-0.3713,-0.0823,-0.7279,-0.7652,-0.7793,-0.9971,-0.5735
0.3874,-0.1801,0.3131,-0.3845,0.6463,0.2963,-0.148,-0.219,-0.3482,-0.3713,-0.0823,-0.7279,-0.7652,-0.7793,-0.9971,-0.5735
0.426,-0.1721,0.3748,-0.4063,0.6698,0.3045,-0.1428,-0.2071,-0.3482,-0.3713,-0.0823,-0.7279,-0.7514,-0.7744,-1.0043,-0.5709
0.426,-0.1721,0.3748,-0.4063,0.6698,0.3045,-0.1428,-0.2071,-0.3482,-0.3713,-0.0823,-0.7279,-0.7514,-0.7744,-1.0043,-0.5709
0.426,-0.1721,0.3748,-0.4063,0.6698,0.3045,-0.1428,-0.2071,-0.3482,-0.3713,-0.0823,-0.7279,-0.7514,-0.7744,-1.0043,-0.5709
0.4842,-0.1603,0.3748,-0.4063,0.7008,0.3018,-0.1079,-0.1988,-0.3165,-0.3555,-0.0637,-0.7176,-0.7604,-0.7613,-0.9869,-0.5644
0.4842,-0.1603,0.3748,-0.4063,0.7008,0.3018,-0.1079,-0.1988,-0.3165,-0.3555,-0.0637,-0.7176,-0.7604,-0.7613,-0.9869,-0.5644
0.5818,-0.1405,0.4676,-0.4052,0.7479,0.3184,-0.0497,-0.1848,-0.2848,-0.3398,-0.0212,-0.7043,-0.687,-0.7675,-0.946,-0.5598
0.5818,-0.1405,0.4676,-0.4052,0.7479,0.3184,-0.0497,-0.1848,-0.2848,-0.3398,-0.0212,-0.7043,-0.687,-0.7675,-0.946,-0.5598
0.6503,-0.1101,0.561,-0.4042,0.7951,0.3349,0.0269,-0.1772,-0.3096,-0.3039,0.0369,-0.6908,-0.6363,-0.7657,-0.8963,-0.5519
0.6503,-0.1101,0.561,-0.4042,0.7951,0.3349,0.0269,-0.1772,-0.3096,-0.3039,0.0369,-0.6908,-0.6363,-0.7657,-0.8963,-0.5519
0.7491,-0.0903,0.6864,-0.3803,0.862,0.3446,0.0976,-0.1605,-0.2281,-0.3598,0.0936,-0.6825,-0.6224,-0.7607,-0.8464,-0.5441
0.7491,-0.0903,0.6864,-0.3803,0.862,0.3446,0.0976,-0.1605,-0.2281,-0.3598,0.0936,-0.6825,-0.6224,-0.7607,-0.8464,-0.5441
0.8189,-0.0929,0.6864,-0.3803,0.9131,0.3349,0.1513,-0.1586,-0.1962,-0.344,0.1435,-0.6716,-0.5945,-0.7507,-0.8036,-0.5336
0.8189,-0.0929,0.6864,-0.3803,0.9131,0.3349,0.1513,-0.1586,-0.1962,-0.344,0.1435,-0.6716,-0.5945,-0.7507,-0.8036,-0.5336
0.8189,-0.0929,0.6864,-0.3803,0.9131,0.3349,0.1513,-0.1586,-0.1962,-0.344,0.1435,-0.6716,-0.5945,-0.7507,-0.8036,-0.5336
0.8788,-0.081,0.7495,-0.4025,0.937,0.3432,0.1869,-0.1502,-0.1641,-0.3282,0.1893,-0.6621,-0.5574,-0.7539,-0.7578,-0.5274
0.8788,-0.081,0.7495,-0.4025,0.937,0.3432,0.1869,-0.1502,-0.1641,-0.3282,0.1893,-0.6621,-0.5574,-0.7539,-0.7578,-0.5274
0.9087,-0.0585,0.7495,-0.4025,0.961,0.3514,0.229,-0.1511,-0.0998,-0.2966,0.2266,-0.6553,-0.5202,-0.7571,-0.7266,-0.516
0.9087,-0.0585,0.7495,-0.4025,0.961,0.3514,0.229,-0.1511,-0.0998,-0.2966,0.2266,-0.6553,-0.5202,-0.7571,-0.7266,-0.516
0.9288,-0.0545,0.718,-0.3571,0.9927,0.3486,0.241,-0.1483,-0.0998,-0.2966,0.2493,-0.6575,-0.5202,-0.7571,-0.6984,-0.5163
0.9288,-0.0545,0.718,-0.3571,0.9927,0.3486,0.241,-0.1483,-0.0998,-0.2966,0.2493,-0.6575,-0.5202,-0.7571,-0.6984,-0.5163
0.9288,-0.0545,0.7495,-0.4025,0.9927,0.3486,0.2593,-0.1548,-0.0675,-0.2807,0.2623,-0.6536,-0.483,-0.7603,-0.6731,-0.5124
0.9288,-0.0545,0.7495,-0.4025,0.9927,0.3486,0.2593,-0.1548,-0.0675,-0.2807,0.2623,-0.6536,-0.483,-0.7603,-0.6731,-0.5124
0.9288,-0.0545,0.7495,-0.4025,0.9927,0.3486,0.2593,-0.1548,-0.0675,-0.2807,0.2623,-0.6536,-0.483,-0.7603,-0.6731,-0.5124
0.9489,-0.0505,0.7812,-0.3795,0.985,0.3597,0.2593,-0.1548,-0.0675,-0.2807,0.2649,-0.6573,-0.5062,-0.7521,-0.6716,-0.5065
0.9489,-0.0505,0.7812,-0.3795,0.985,0.3597,0.2593,-0.1548,-0.0675,-0.2807,0.2649,-0.6573,-0.5062,-0.7521,-0.6716,-0.5065
0.9288,-0.0545,0.7812,-0.3795,0.9729,0.3556,0.2474,-0.1576,-0.0926,-0.2444,0.2659,-0.6663,-0.5062,-0.7521,-0.6686,-0.5108
0.9288,-0.0545,0.7812,-0.3795,0.9729,0.3556,0.2474,-0.1576,-0.0926,-0.2444,0.2659,-0.6663,-0.5062,-0.7521,-0.6686,-0.5108
0.9087,-0.0585,0.7495,-0.4025,0.961,0.3514,0.2419,-0.1696,-0.0675,-0.2807,0.2511,-0.6753,-0.5343,-0.7621,-0.6746,-0.5183
0.9087,-0.0585,0.7495,-0.4025,0.961,0.3514,0.2419,-0.1696,-0.0675,-0.2807,0.2511,-0.6753,-0.5343,-0.7621,-0.6746,-0.5183
0.8788,-0.081,0.655,-0.4033,0.937,0.3432,0.2245,-0.1844,-0.0424,-0.3168,0.2407,-0.6831,-0.5343,-0.7621,-0.6761,-0.5242
0.8788,-0.081,0.655,-0.4033,0.937,0.3432,0.2245,-0.1844,-0.0424,-0.3168,0.2407,-0.6831,-0.5343,-0.7621,-0.6761,-0.5242
0.8588,-0.085,0.6863,-0.4485,0.9447,0.3321,0.1943,-0.1807,-0.0424,-0.3168,0.2277,-0.6871,-0.5343,-0.7621,-0.6851,-0.5275
0.8588,-0.085,0.6863,-0.4485,0.9447,0.3321,0.1943,-0.1807,-0.0424,-0.3168,0.2277,-0.6871,-0.5343,-0.7621,-0.6851,-0.5275
0.8588,-0.085,0.6863,-0.4485,0.9447,0.3321,0.1943,-0.1807,-0.0424,-0.3168,0.2277,-0.6871,-0.5343,-0.7621,-0.6851,-0.5275
0.8489,-0.1035,0.6235,-0.4263,0.9327,0.328,0.1888,-0.1927,-0.0424,-0.3168,0.2173,-0.6948,-0.5252,-0.7752,-0.6866,-0.5333
0.8489,-0.1035,0.6235,-0.4263,0.9327,0.328,0.1888,-0.1927,-0.0424,-0.3168,0.2173,-0.6948,-0.5252,-0.7752,-0.6866,-0.5333
0.829,-0.1075,0.6235,-0.4263,0.9208,0.3238,0.1769,-0.1955,-0.0424,-0.3168,0.2043,-0.6988,-0.5252,-0.7752,-0.6955,-0.5366
0.829,-0.1075,0.6235,-0.4263,0.9208,0.3238,0.1769,-0.1955,-0.0424,-0.3168,0.2043,-0.6988,-0.5252,-0.7752,-0.6955,-0.5366
0.809,-0.1114,0.6235,-0.4263,0.9089,0.3197,0.1714,-0.2074,-0.0424,-0.3168,0.1913,-0.7027,-0.5483,-0.7671,-0.6971,-0.5425
0.809,-0.1114,0.6235,-0.4263,0.9089,0.3197,0.1714,-0.2074,-0.0424,-0.3168,0.1913,-0.7027,-0.5483,-0.7671,-0.6971,-0.5425
0.7992,-0.1299,0.5922,-0.4492,0.9165,0.3087,0.1596,-0.2102,-0.0424,-0.3168,0.1879,-0.7129,-0.5483,-0.7671,-0.706,-0.5457
0.7992,-0.1299,0.5922,-0.4492,0.9165,0.3087,0.1596,-0.2102,-0.0424,-0.3168,0.1879,-0.7129,-0.5483,-0.7671,-0.706,-0.5457
0.7992,-0.1299,0.5922,-0.4492,0.9165,0.3087,0.1596,-0.2102,-0.0424,-0.3168,0.1879,-0.7129,-0.5483,-0.7671,-0.706,-0.5457
0.7793,-0.1338,0.5298,-0.4272,0.9046,0.3046,0.1295,-0.2065,-0.0424,-0.3168,0.1749,-0.7169,-0.5392,-0.7802,-0.7149,-0.549
0.7793,-0.1338,0.5298,-0.4272,0.9046,0.3046,0.1295,-0.2065,-0.0424,-0.3168,0.1749,-0.7169,-0.5392,-0.7802,-0.7149,-0.549
0.7296,-0.1272,0.5298,-0.4272,0.8927,0.3004,0.1059,-0.2121,-0.0424,-0.3168,0.1619,-0.7208,-0.5392,-0.7802,-0.7238,-0.5522
0.7296,-0.1272,0.5298,-0.4272,0.8927,0.3004,0.1059,-0.2121,-0.0424,-0.3168,0.1619,-0.7208,-0.5392,-0.7802,-0.7238,-0.5522
0.7199,-0.1456,0.4676,-0.4052,0.8612,0.3032,0.0941,-0.2148,-0.0424,-0.3168,0.149,-0.7248,-0.5392,-0.7802,-0.7401,-0.5529
0.7199,-0.1456,0.4676,-0.4052,0.8612,0.3032,0.0941,-0.2148,-0.0424,-0.3168,0.149,-0.7248,-0.5392,-0.7802,-0.7401,-0.5529
0.6804,-0.1535,0.4676,-0.4052,0.8494,0.2991,0.0705,-0.2203,-0.0675,-0.2807,0.1361,-0.7287,-0.5623,-0.772,-0.7461,-0.5603
0.6804,-0.1535,0.4676,-0.4052,0.8494,0.2991,0.0705,-0.2203,-0.0675,-0.2807,0.1361,-0.7287,-0.5623,-0.772,-0.7461,-0.5603
0.6607,-0.1574,0.4988,-0.4501,0.8375,0.295,0.0407,-0.2167,-0.0998,-0.2966,0.1232,-0.7327,-0.5623,-0.772,-0.7624,-0.561
0.6607,-0.1574,0.4988,-0.4501,0.8375,0.295,0.0407,-0.2167,-0.0998,-0.2966,0.1232,-0.7327,-0.5623,-0.772,-0.7624,-0.561
0.6607,-0.1574,0.4988,-0.4501,0.8375,0.295,0.0407,-0.2167,-0.0998,-0.2966,0.1232,-0.7327,-0.5623,-0.772,-0.7624,-0.561
0.651,-0.1758,0.4988,-0.4501,0.8256,0.2909,0.0289,-0.2195,-0.0998,-0.2966,0.1146,-0.7353,-0.5763,-0.777,-0.7757,-0.5658
0.651,-0.1758,0.4988,-0.4501,0.8256,0.2909,0.0289,-0.2195,-0.0998,-0.2966,0.1146,-0.7353,-0.5763,-0.777,-0.7757,-0.5658
0.661,-0.1902,0.4367,-0.4282,0.8138,0.2868,0.0172,-0.2222,-0.0998,-0.2966,0.1017,-0.7392,-0.5763,-0.777,-0.7846,-0.5691
0.661,-0.1902,0.4367,-0.4282,0.8138,0.2868,0.0172,-0.2222,-0.0998,-0.2966,0.1017,-0.7392,-0.5763,-0.777,-0.7846,-0.5691
0.5822,-0.1732,0.4678,-0.473,0.8019,0.2827,0.0118,-0.2342,-0.0998,-0.2966,0.0862,-0.7394,-0.5672,-0.7901,-0.8008,-0.5697
0.5822,-0.1732,0.4678,-0.473,0.8019,0.2827,0.0118,-0.2342,-0.0998,-0.2966,0.0862,-0.7394,-0.5672,-0.7901,-0.8008,-0.5697
0.5626,-0.1771,0.4678,-0.473,0.7631,0.2964,-0.018,-0.2305,-0.15,-0.2242,0.0819,-0.7408,-0.5763,-0.777,-0.8082,-0.5671
0.5626,-0.1771,0.4678,-0.473,0.7631,0.2964,-0.018,-0.2305,-0.15,-0.2242,0.0819,-0.7408,-0.5763,-0.777,-0.8082,-0.5671
0.5626,-0.1771,0.4678,-0.473,0.7631,0.2964,-0.018,-0.2305,-0.15,-0.2242,0.0819,-0.7408,-0.5763,-0.777,-0.8082,-0.5671
0.5431,-0.1811,0.4678,-0.473,0.7513,0.2923,-0.0477,-0.2269,-0.15,-0.2242,0.0733,-0.7434,-0.5854,-0.7639,-0.817,-0.5704
0.5431,-0.1811,0.4678,-0.473,0.7513,0.2923,-0.0477,-0.2269,-0.15,-0.2242,0.0733,-0.7434,-0.5854,-0.7639,-0.817,-0.5704
0.5236,-0.185,0.4059,-0.4511,0.7202,0.295,-0.053,-0.2388,-0.1249,-0.2604,0.0622,-0.7423,-0.5854,-0.7639,-0.8259,-0.5736
0.5041,-0.1889,0.4059,-0.4511,0.7084,0.2909,-0.0826,-0.2353,-0.1821,-0.2402,0.0562,-0.7486,-0.6084,-0.7557,-0.842,-0.5743
0.5041,-0.1889,0.4059,-0.4511,0.7084,0.2909,-0.0826,-0.2353,-0.1821,-0.2402,0.0562,-0.7486,-0.6084,-0.7557,-0.842,-0.5743
0.5041,-0.1889,0.4059,-0.4511,0.7084,0.2909,-0.0826,-0.2353,-0.1821,-0.2402,0.0562,-0.7486,-0.6084,-0.7557,-0.842,-0.5743
0.4747,-0.1785,0.4367,-0.4282,0.7084,0.2909,-0.0826,-0.2353,-0.1821,-0.2402,0.0408,-0.7488,-0.6224,-0.7607,-0.8582,-0.5749
0.4747,-0.1785,0.4367,-0.4282,0.7084,0.2909,-0.0826,-0.2353,-0.1821,-0.2402,0.0408,-0.7488,-0.6224,-0.7607,-0.8582,-0.5749
0.426,-0.1721,0.3748,-0.4063,0.6967,0.2868,-0.0943,-0.238,-0.2392,-0.22,0.0254,-0.749,-0.6454,-0.7526,-0.867,-0.5781
0.426,-0.1721,0.3748,-0.4063,0.6967,0.2868,-0.0943,-0.238,-0.2392,-0.22,0.0254,-0.749,-0.6454,-0.7526,-0.867,-0.5781
0.426,-0.1721,0.3748,-0.4063,0.6967,0.2868,-0.0943,-0.238,-0.2392,-0.22,0.0254,-0.749,-0.6454,-0.7526,-0.867,-0.5781
0.4166,-0.1904,0.3748,-0.4063,0.6656,0.2895,-0.1238,-0.2344,-0.2141,-0.2562,0.0074,-0.7455,-0.6454,-0.7526,-0.8905,-0.5762
0.4166,-0.1904,0.3748,-0.4063,0.6656,0.2895,-0.1238,-0.2344,-0.2141,-0.2562,0.0074,-0.7455,-0.6454,-0.7526,-0.8905,-0.5762
0.3681,-0.184,0.3136,-0.4522,0.6422,0.2813,-0.147,-0.24,-0.2141,-0.2562,-0.008,-0.7457,-0.6593,-0.7576,-0.8993,-0.5795
0.3681,-0.184,0.3136,-0.4522,0.6422,0.2813,-0.147,-0.24,-0.2141,-0.2562,-0.008,-0.7457,-0.6593,-0.7576,-0.8993,-0.5795
0.3973,-0.1943,0.3751,-0.4739,0.6615,0.2744,-0.1354,-0.2372,-0.2211,-0.3081,-0.026,-0.7422,-0.6822,-0.7494,-0.911,-0.5785
0.3973,-0.1943,0.3751,-0.4739,0.6615,0.2744,-0.1354,-0.2372,-0.2211,-0.3081,-0.026,-0.7422,-0.6822,-0.7494,-0.911,-0.5785
0.4553,-0.1825,0.4059,-0.4511,0.6849,0.2827,-0.0943,-0.238,-0.2779,-0.2881,-0.02,-0.7358,-0.6593,-0.7576,-0.9022,-0.5753
0.4553,-0.1825,0.4059,-0.4511,0.6849,0.2827,-0.0943,-0.238,-0.2779,-0.2881,-0.02,-0.7358,-0.6593,-0.7576,-0.9022,-0.5753
0.4553,-0.1825,0.4059,-0.4511,0.6849,0.2827,-0.0943,-0.238,-0.2779,-0.2881,-0.02,-0.7358,-0.6593,-0.7576,-0.9022,-0.5753
0.5526,-0.1628,0.4676,-0.4052,0.7513,0.2923,-0.018,-0.2305,-0.246,-0.2721,0.0124,-0.7303,-0.6545,-0.7395,-0.8802,-0.5671
0.5526,-0.1628,0.4676,-0.4052,0.7513,0.2923,-0.018,-0.2305,-0.246,-0.2721,0.0124,-0.7303,-0.6545,-0.7395,-0.8802,-0.5671
0.6507,-0.143,0.5297,-0.3591,0.8062,0.2978,0.0226,-0.2103,-0.1891,-0.2923,0.062,-0.7196,-0.5945,-0.7507,-0.842,-0.5584
0.6507,-0.143,0.5297,-0.3591,0.8062,0.2978,0.0226,-0.2103,-0.1891,-0.2923,0.062,-0.7196,-0.5945,-0.7507,-0.842,-0.5584
0.7196,-0.1127,0.5608,-0.3359,0.8459,0.3253,0.1113,-0.2001,-0.0998,-0.2966,0.1247,-0.7048,-0.5525,-0.7358,-0.7948,-0.5463
0.7196,-0.1127,0.5608,-0.3359,0.8459,0.3253,0.1113,-0.2001,-0.0998,-0.2966,0.1247,-0.7048,-0.5525,-0.7358,-0.7948,-0.5463
0.8189,-0.0929,0.592,-0.3126,0.8935,0.3418,0.1705,-0.1863,-0.0675,-0.2807,0.1834,-0.6914,-0.5153,-0.739,-0.7356,-0.5353
0.8189,-0.0929,0.592,-0.3126,0.8935,0.3418,0.1705,-0.1863,-0.0675,-0.2807,0.1834,-0.6914,-0.5153,-0.739,-0.7356,-0.5353
0.8486,-0.0704,0.592,-0.3126,0.9174,0.3501,0.2062,-0.1779,-0.0026,-0.2488,0.2337,-0.6807,-0.4872,-0.729,-0.688,-0.5232
0.8486,-0.0704,0.592,-0.3126,0.9174,0.3501,0.2062,-0.1779,-0.0026,-0.2488,0.2337,-0.6807,-0.4872,-0.729,-0.688,-0.5232
0.8486,-0.0704,0.592,-0.3126,0.9174,0.3501,0.2062,-0.1779,-0.0026,-0.2488,0.2337,-0.6807,-0.4872,-0.729,-0.688,-0.5232
0.8887,-0.0624,0.6549,-0.3348,0.961,0.3514,0.2355,-0.1604,0.0552,-0.2692,0.2825,-0.675,-0.4498,-0.7322,-0.6448,-0.5128
0.8887,-0.0624,0.6549,-0.3348,0.961,0.3514,0.2355,-0.1604,0.0552,-0.2692,0.2825,-0.675,-0.4498,-0.7322,-0.6448,-0.5128
0.9489,-0.0505,0.6864,-0.3116,0.997,0.3639,0.2713,-0.152,0.0626,-0.2168,0.313,-0.6657,-0.4216,-0.7222,-0.6029,-0.5083
0.9591,-0.0652,0.718,-0.3571,1.0167,0.3569,0.2713,-0.152,0.1207,-0.2373,0.3401,-0.6667,-0.4074,-0.7172,-0.5729,-0.5027
0.9591,-0.0652,0.718,-0.3571,1.0167,0.3569,0.2713,-0.152,0.1207,-0.2373,0.3401,-0.6667,-0.4074,-0.7172,-0.5729,-0.5027
0.9591,-0.0652,0.718,-0.3571,1.0167,0.3569,0.2713,-0.152,0.1207,-0.2373,0.3401,-0.6667,-0.4074,-0.7172,-0.5729,-0.5027
0.9489,-0.0505,0.6864,-0.3116,1.0287,0.3611,0.3017,-0.1558,0.0626,-0.2168,0.3471,-0.6692,-0.4124,-0.7355,-0.5639,-0.4995
0.9489,-0.0505,0.6864,-0.3116,1.0287,0.3611,0.3017,-0.1558,0.0626,-0.2168,0.3471,-0.6692,-0.4124,-0.7355,-0.5639,-0.4995
0.9489,-0.0505,0.6864,-0.3116,1.0287,0.3611,0.3017,-0.1558,0.0626,-0.2168,0.3471,-0.6692,-0.4124,-0.7355,-0.5639,-0.4995
0.9489,-0.0505,0.6864,-0.3116,1.0364,0.3499,0.2897,-0.1585,0.1207,-0.2373,0.3498,-0.673,-0.4124,-0.7355,-0.5519,-0.5005
0.9489,-0.0505,0.6864,-0.3116,1.0364,0.3499,0.2897,-0.1585,0.1207,-0.2373,0.3498,-0.673,-0.4124,-0.7355,-0.5519,-0.5005
0.9492,-0.0838,0.6235,-0.358,1.0124,0.3417,0.2841,-0.1706,0.1281,-0.1847,0.3454,-0.6743,-0.3982,-0.7305,-0.5444,-0.5031
0.9492,-0.0838,0.6235,-0.358,1.0124,0.3417,0.2841,-0.1706,0.1281,-0.1847,0.3454,-0.6743,-0.3982,-0.7305,-0.5444,-0.5031
0.9291,-0.0878,0.6235,-0.358,1.0004,0.3375,0.2602,-0.1761,0.1535,-0.2213,0.3323,-0.6783,-0.3982,-0.7305,-0.5414,-0.5074
0.9191,-0.1063,0.5608,-0.3359,0.9883,0.3334,0.2483,-0.1789,0.1535,-0.2213,0.3218,-0.686,-0.3891,-0.7437,-0.543,-0.5133
0.9191,-0.1063,0.5608,-0.3359,0.9883,0.3334,0.2483,-0.1789,0.1535,-0.2213,0.3218,-0.686,-0.3891,-0.7437,-0.543,-0.5133
0.9191,-0.1063,0.5608,-0.3359,0.9883,0.3334,0.2483,-0.1789,0.1535,-0.2213,0.3218,-0.686,-0.3891,-0.7437,-0.543,-0.5133
0.8689,-0.0996,0.5922,-0.3812,0.9763,0.3293,0.2428,-0.1909,0.0953,-0.2008,0.3139,-0.6976,-0.3891,-0.7437,-0.5445,-0.5192
0.8689,-0.0996,0.5922,-0.3812,0.9763,0.3293,0.2428,-0.1909,0.0953,-0.2008,0.3139,-0.6976,-0.3891,-0.7437,-0.5445,-0.5192
0.8689,-0.0996,0.5922,-0.3812,0.9763,0.3293,0.2428,-0.1909,0.0953,-0.2008,0.3139,-0.6976,-0.3891,-0.7437,-0.5445,-0.5192
0.8689,-0.0996,0.5922,-0.3812,0.9883,0.3334,0.2428,-0.1909,0.0879,-0.2533,0.2965,-0.7028,-0.4124,-0.7355,-0.5536,-0.5225
0.8689,-0.0996,0.5922,-0.3812,0.9883,0.3334,0.2428,-0.1909,0.0879,-0.2533,0.2965,-0.7028,-0.4124,-0.7355,-0.5536,-0.5225
0.8489,-0.1035,0.5922,-0.3812,0.9763,0.3293,0.2309,-0.1937,0.1207,-0.2373,0.2948,-0.7079,-0.4216,-0.7222,-0.5536,-0.5225
0.8489,-0.1035,0.5922,-0.3812,0.9763,0.3293,0.2309,-0.1937,0.1207,-0.2373,0.2948,-0.7079,-0.4216,-0.7222,-0.5536,-0.5225
0.809,-0.1114,0.5922,-0.4492,0.9524,0.321,0.2071,-0.1992,0.1535,-0.2213,0.286,-0.7106,-0.4124,-0.7355,-0.5551,-0.5284
0.809,-0.1114,0.5922,-0.4492,0.9524,0.321,0.2071,-0.1992,0.1535,-0.2213,0.286,-0.7106,-0.4124,-0.7355,-0.5551,-0.5284
0.7693,-0.1193,0.5298,-0.4272,0.9404,0.3169,0.1888,-0.1927,0.1207,-0.2373,0.28,-0.717,-0.4124,-0.7355,-0.5596,-0.53
0.7693,-0.1193,0.5298,-0.4272,0.9404,0.3169,0.1888,-0.1927,0.1207,-0.2373,0.28,-0.717,-0.4124,-0.7355,-0.5596,-0.53
0.7693,-0.1193,0.5298,-0.4272,0.9404,0.3169,0.1888,-0.1927,0.1207,-0.2373,0.28,-0.717,-0.4124,-0.7355,-0.5596,-0.53
0.7494,-0.1233,0.5298,-0.4272,0.9285,0.3128,0.1833,-0.2047,0.1207,-0.2373,0.2712,-0.7196,-0.4124,-0.7355,-0.5642,-0.5316
0.7494,-0.1233,0.5298,-0.4272,0.9285,0.3128,0.1833,-0.2047,0.1207,-0.2373,0.2712,-0.7196,-0.4124,-0.7355,-0.5642,-0.5316
0.6998,-0.1167,0.5298,-0.4272,0.9165,0.3087,0.1714,-0.2074,0.1207,-0.2373,0.2625,-0.7222,-0.4357,-0.7272,-0.5687,-0.5332
0.6998,-0.1167,0.5298,-0.4272,0.9165,0.3087,0.1714,-0.2074,0.1207,-0.2373,0.2625,-0.7222,-0.4357,-0.7272,-0.5687,-0.5332
0.7199,-0.1456,0.5298,-0.4272,0.9242,0.2976,0.1477,-0.213,0.1207,-0.2373,0.2495,-0.7262,-0.4498,-0.7322,-0.5806,-0.5322
0.6704,-0.1391,0.4676,-0.4052,0.8927,0.3004,0.1359,-0.2157,0.0953,-0.2008,0.2339,-0.7263,-0.464,-0.7372,-0.5971,-0.5328
0.6704,-0.1391,0.4676,-0.4052,0.8927,0.3004,0.1359,-0.2157,0.0953,-0.2008,0.2339,-0.7263,-0.464,-0.7372,-0.5971,-0.5328
0.6704,-0.1391,0.4676,-0.4052,0.8927,0.3004,0.1359,-0.2157,0.0953,-0.2008,0.2339,-0.7263,-0.464,-0.7372,-0.5971,-0.5328
0.641,-0.1614,0.4678,-0.473,0.8612,0.3032,0.1005,-0.224,0.0953,-0.2008,0.2183,-0.7265,-0.464,-0.7372,-0.6061,-0.5361
0.641,-0.1614,0.4678,-0.473,0.8612,0.3032,0.1005,-0.224,0.0953,-0.2008,0.2183,-0.7265,-0.464,-0.7372,-0.6061,-0.5361
0.641,-0.1614,0.4678,-0.473,0.8612,0.3032,0.1005,-0.224,0.0953,-0.2008,0.2183,-0.7265,-0.464,-0.7372,-0.6061,-0.5361
0.6214,-0.1653,0.4988,-0.4501,0.8417,0.3101,0.1005,-0.224,0.0879,-0.2533,0.2053,-0.7305,-0.478,-0.7422,-0.6196,-0.541
0.6214,-0.1653,0.4988,-0.4501,0.8417,0.3101,0.1005,-0.224,0.0879,-0.2533,0.2053,-0.7305,-0.478,-0.7422,-0.6196,-0.541
0.6313,-0.1797,0.4988,-0.4501,0.8299,0.306,0.0769,-0.2295,0.1207,-0.2373,0.194,-0.7293,-0.464,-0.7372,-0.6315,-0.54
0.6313,-0.1797,0.4988,-0.4501,0.8299,0.306,0.0769,-0.2295,0.1207,-0.2373,0.194,-0.7293,-0.464,-0.7372,-0.6315,-0.54
0.6117,-0.1836,0.5298,-0.4949,0.8062,0.2978,0.0651,-0.2323,0.1207,-0.2373,0.1853,-0.7319,-0.464,-0.7372,-0.6435,-0.539
0.6117,-0.1836,0.5298,-0.4949,0.8062,0.2978,0.0651,-0.2323,0.1207,-0.2373,0.1853,-0.7319,-0.464,-0.7372,-0.6435,-0.539
0.5921,-0.1875,0.4678,-0.473,0.7943,0.2937,0.0289,-0.2195,0.0626,-0.2168,0.1767,-0.7346,-0.464,-0.7372,-0.645,-0.5448
0.5921,-0.1875,0.4678,-0.473,0.7943,0.2937,0.0289,-0.2195,0.0626,-0.2168,0.1767,-0.7346,-0.464,-0.7372,-0.645,-0.5448
0.5921,-0.1875,0.4678,-0.473,0.7943,0.2937,0.0289,-0.2195,0.0626,-0.2168,0.1767,-0.7346,-0.464,-0.7372,-0.645,-0.5448
0.5431,-0.1811,0.4678,-0.473,0.7825,0.2895,0.0172,-0.2222,0.0626,-0.2168,0.1681,-0.7372,-0.464,-0.7372,-0.6569,-0.5438
0.5431,-0.1811,0.4678,-0.473,0.7825,0.2895,0.0172,-0.2222,0.0626,-0.2168,0.1681,-0.7372,-0.464,-0.7372,-0.6569,-0.5438
0.5236,-0.185,0.4059,-0.4511,0.7631,0.2964,0.0055,-0.225,0.0626,-0.2168,0.1499,-0.7336,-0.478,-0.7422,-0.6688,-0.5428
0.5236,-0.185,0.4059,-0.4511,0.7631,0.2964,0.0055,-0.225,0.0626,-0.2168,0.1499,-0.7336,-0.478,-0.7422,-0.6688,-0.5428
0.5041,-0.1889,0.4059,-0.4511,0.7513,0.2923,-0.0063,-0.2278,0.0299,-0.2328,0.137,-0.7376,-0.5153,-0.739,-0.6896,-0.5451
0.5041,-0.1889,0.4059,-0.4511,0.7513,0.2923,-0.0063,-0.2278,0.0299,-0.2328,0.137,-0.7376,-0.5153,-0.739,-0.6896,-0.5451
0.4847,-0.1929,0.4059,-0.4511,0.7319,0.2991,-0.018,-0.2305,0.0626,-0.2168,0.1232,-0.7327,-0.5013,-0.734,-0.6941,-0.5467
0.4847,-0.1929,0.4059,-0.4511,0.7319,0.2991,-0.018,-0.2305,0.0626,-0.2168,0.1232,-0.7327,-0.5013,-0.734,-0.6941,-0.5467
0.4652,-0.1968,0.3748,-0.4063,0.7126,0.306,-0.036,-0.2242,0.0879,-0.2533,0.1051,-0.7291,-0.5104,-0.7208,-0.7105,-0.5473
0.4652,-0.1968,0.3748,-0.4063,0.7126,0.306,-0.036,-0.2242,0.0879,-0.2533,0.1051,-0.7291,-0.5104,-0.7208,-0.7105,-0.5473
0.4652,-0.1968,0.3748,-0.4063,0.7126,0.306,-0.036,-0.2242,0.0879,-0.2533,0.1051,-0.7291,-0.5104,-0.7208,-0.7105,-0.5473
0.4459,-0.2007,0.3748,-0.4063,0.7008,0.3018,-0.0477,-0.2269,0.0299,-0.2328,0.0965,-0.7317,-0.5336,-0.7126,-0.7194,-0.5506
0.4459,-0.2007,0.3748,-0.4063,0.7008,0.3018,-0.0477,-0.2269,0.0299,-0.2328,0.0965,-0.7317,-0.5336,-0.7126,-0.7194,-0.5506
0.4072,-0.2086,0.3442,-0.4293,0.6774,0.2936,-0.0889,-0.2261,0.0299,-0.2328,0.0784,-0.7282,-0.5476,-0.7176,-0.7386,-0.547
0.4072,-0.2086,0.3442,-0.4293,0.6774,0.2936,-0.0889,-0.2261,0.0299,-0.2328,0.0784,-0.7282,-0.5476,-0.7176,-0.7386,-0.547
0.4265,-0.2047,0.3748,-0.4063,0.6967,0.2868,-0.071,-0.2325,0.0299,-0.2328,0.0698,-0.7308,-0.5476,-0.7176,-0.7431,-0.5486
0.4265,-0.2047,0.3748,-0.4063,0.6967,0.2868,-0.071,-0.2325,0.0299,-0.2328,0.0698,-0.7308,-0.5476,-0.7176,-0.7431,-0.5486
0.436,-0.1864,0.3748,-0.4063,0.7084,0.2909,-0.0657,-0.2206,0.0046,-0.1963,0.0672,-0.7271,-0.5245,-0.7258,-0.7534,-0.5418
0.436,-0.1864,0.3748,-0.4063,0.7084,0.2909,-0.0657,-0.2206,0.0046,-0.1963,0.0672,-0.7271,-0.5245,-0.7258,-0.7534,-0.5418
0.436,-0.1864,0.3748,-0.4063,0.7084,0.2909,-0.0657,-0.2206,0.0046,-0.1963,0.0672,-0.7271,-0.5245,-0.7258,-0.7534,-0.5418
0.4648,-0.1642,0.3748,-0.4063,0.7319,0.2991,-0.0243,-0.2214,0.0626,-0.2168,0.0844,-0.7218,-0.5104,-0.7208,-0.74,-0.5369
0.4648,-0.1642,0.3748,-0.4063,0.7319,0.2991,-0.0243,-0.2214,0.0626,-0.2168,0.0844,-0.7218,-0.5104,-0.7208,-0.74,-0.5369
0.5622,-0.1444,0.4367,-0.4282,0.7867,0.3046,0.0343,-0.2076,0.0372,-0.1802,0.1256,-0.7137,-0.4823,-0.7108,-0.7059,-0.5297
0.5622,-0.1444,0.4367,-0.4282,0.7867,0.3046,0.0343,-0.2076,0.0372,-0.1802,0.1256,-0.7137,-0.4823,-0.7108,-0.7059,-0.5297
0.6503,-0.1101,0.4986,-0.3822,0.8536,0.3143,0.0868,-0.1845,0.1535,-0.2213,0.1817,-0.6965,-0.4308,-0.709,-0.6582,-0.5177
0.6503,-0.1101,0.4986,-0.3822,0.8536,0.3143,0.0868,-0.1845,0.1535,-0.2213,0.1817,-0.6965,-0.4308,-0.709,-0.6582,-0.5177
0.7491,-0.0903,0.5922,-0.3812,0.9208,0.3238,0.1641,-0.177,0.1535,-0.2213,0.2381,-0.6793,-0.3933,-0.7122,-0.5984,-0.5066
0.7491,-0.0903,0.5922,-0.3812,0.9208,0.3238,0.1641,-0.177,0.1535,-0.2213,0.2381,-0.6793,-0.3933,-0.7122,-0.5984,-0.5066
0.8185,-0.0598,0.655,-0.4033,0.9687,0.3404,0.2419,-0.1696,0.1865,-0.2053,0.3016,-0.6646,-0.3506,-0.6972,-0.5413,-0.4913
0.8185,-0.0598,0.655,-0.4033,0.9687,0.3404,0.2419,-0.1696,0.1865,-0.2053,0.3016,-0.6646,-0.3506,-0.6972,-0.5413,-0.4913
0.8185,-0.0598,0.655,-0.4033,0.9687,0.3404,0.2419,-0.1696,0.1865,-0.2053,0.3016,-0.6646,-0.3506,-0.6972,-0.5413,-0.4913
0.8986,-0.0438,0.7495,-0.4025,1.0244,0.3458,0.3017,-0.1558,0.245,-0.226,0.3611,-0.6511,-0.3129,-0.7005,-0.478,-0.4845
0.8986,-0.0438,0.7495,-0.4025,1.0244,0.3458,0.3017,-0.1558,0.245,-0.226,0.3611,-0.6511,-0.3129,-0.7005,-0.478,-0.4845
0.9286,-0.0211,0.718,-0.3571,1.0606,0.3582,0.3497,-0.1447,0.2782,-0.21,0.4103,-0.6455,-0.2844,-0.6905,-0.4264,-0.4768
0.9791,-0.0279,0.6864,-0.3116,1.0847,0.3665,0.3858,-0.1363,0.3371,-0.2308,0.4412,-0.6362,-0.2465,-0.6938,-0.3793,-0.4706
0.9791,-0.0279,0.6864,-0.3116,1.0847,0.3665,0.3858,-0.1363,0.3371,-0.2308,0.4412,-0.6362,-0.2465,-0.6938,-0.3793,-0.4706
0.9791,-0.0279,0.6864,-0.3116,1.0847,0.3665,0.3858,-0.1363,0.3371,-0.2308,0.4412,-0.6362,-0.2465,-0.6938,-0.3793,-0.4706
0.9993,-0.0239,0.6864,-0.3116,1.0968,0.3706,0.4164,-0.1401,0.3115,-0.1939,0.473,-0.6359,-0.2085,-0.6972,-0.3442,-0.4635
0.9993,-0.0239,0.6864,-0.3116,1.0968,0.3706,0.4164,-0.1401,0.3115,-0.1939,0.473,-0.6359,-0.2085,-0.6972,-0.3442,-0.4635
0.9993,-0.0239,0.6864,-0.3116,1.0968,0.3706,0.4164,-0.1401,0.3115,-0.1939,0.473,-0.6359,-0.2085,-0.6972,-0.3442,-0.4635
0.9993,-0.0239,0.6864,-0.3116,1.1167,0.3636,0.41,-0.1308,0.3705,-0.2148,0.4916,-0.6396,-0.2085,-0.6972,-0.3183,-0.4596
1.0095,-0.0386,0.6864,-0.3116,1.1167,0.3636,0.41,-0.1308,0.4041,-0.1987,0.4986,-0.6421,-0.1848,-0.7055,-0.3014,-0.459
1.0095,-0.0386,0.6864,-0.3116,1.1167,0.3636,0.41,-0.1308,0.4041,-0.1987,0.4986,-0.6421,-0.1848,-0.7055,-0.3014,-0.459
0.9893,-0.0426,0.718,-0.3571,1.0968,0.3706,0.4164,-0.1401,0.4041,-0.1987,0.4969,-0.6472,-0.1848,-0.7055,-0.2968,-0.4574
0.9893,-0.0426,0.718,-0.3571,1.0968,0.3706,0.4164,-0.1401,0.4041,-0.1987,0.4969,-0.6472,-0.1848,-0.7055,-0.2968,-0.4574
0.9893,-0.0426,0.718,-0.3571,1.0968,0.3706,0.4164,-0.1401,0.4041,-0.1987,0.4969,-0.6472,-0.1848,-0.7055,-0.2968,-0.4574
0.9793,-0.0612,0.6549,-0.3348,1.0847,0.3665,0.4044,-0.1429,0.3784,-0.1617,0.4907,-0.6537,-0.1848,-0.7055,-0.2938,-0.4617
0.9793,-0.0612,0.6549,-0.3348,1.0847,0.3665,0.4044,-0.1429,0.3784,-0.1617,0.4907,-0.6537,-0.1848,-0.7055,-0.2938,-0.4617
0.9693,-0.0799,0.6864,-0.3803,1.0726,0.3623,0.3923,-0.1456,0.3449,-0.1778,0.4756,-0.6628,-0.2321,-0.6888,-0.2954,-0.4677
0.9693,-0.0799,0.6864,-0.3803,1.0726,0.3623,0.3923,-0.1456,0.3449,-0.1778,0.4756,-0.6628,-0.2321,-0.6888,-0.2954,-0.4677
0.9693,-0.0799,0.6864,-0.3803,1.0726,0.3623,0.3923,-0.1456,0.3449,-0.1778,0.4756,-0.6628,-0.2321,-0.6888,-0.2954,-0.4677
0.9189,-0.0731,0.6864,-0.3803,1.0804,0.3512,0.3987,-0.155,0.3449,-0.1778,0.465,-0.6706,-0.2085,-0.6972,-0.2971,-0.4736
0.9189,-0.0731,0.6864,-0.3803,1.0804,0.3512,0.3987,-0.155,0.3449,-0.1778,0.465,-0.6706,-0.2085,-0.6972,-0.2971,-0.4736
0.9291,-0.0878,0.655,-0.4033,1.0683,0.3471,0.3867,-0.1577,0.3449,-0.1778,0.4518,-0.6745,-0.2085,-0.6972,-0.3017,-0.4753
0.9291,-0.0878,0.655,-0.4033,1.0683,0.3471,0.3867,-0.1577,0.3449,-0.1778,0.4518,-0.6745,-0.2085,-0.6972,-0.3017,-0.4753
0.909,-0.0917,0.655,-0.4033,1.0562,0.3429,0.3746,-0.1605,0.3705,-0.2148,0.4385,-0.6785,-0.2085,-0.6972,-0.3063,-0.4769
0.909,-0.0917,0.655,-0.4033,1.0562,0.3429,0.3746,-0.1605,0.3705,-0.2148,0.4385,-0.6785,-0.2085,-0.6972,-0.3063,-0.4769
0.8889,-0.0957,0.655,-0.4033,1.0639,0.3318,0.3626,-0.1633,0.3705,-0.2148,0.4297,-0.6811,-0.1941,-0.6922,-0.3033,-0.4812
0.8889,-0.0957,0.655,-0.4033,1.0639,0.3318,0.3626,-0.1633,0.3705,-0.2148,0.4297,-0.6811,-0.1941,-0.6922,-0.3033,-0.4812
0.8889,-0.0957,0.655,-0.4033,1.0639,0.3318,0.3626,-0.1633,0.3705,-0.2148,0.4297,-0.6811,-0.1941,-0.6922,-0.3033,-0.4812
0.879,-0.1142,0.5922,-0.3812,1.0519,0.3277,0.3506,-0.166,0.4041,-0.1987,0.4183,-0.68,-0.1797,-0.6872,-0.3033,-0.4812
0.879,-0.1142,0.5922,-0.3812,1.0519,0.3277,0.3506,-0.166,0.4041,-0.1987,0.4183,-0.68,-0.1797,-0.6872,-0.3033,-0.4812
0.829,-0.1075,0.5922,-0.3812,1.0519,0.3277,0.3385,-0.1688,0.4297,-0.2357,0.4077,-0.6877,-0.1941,-0.6922,-0.3201,-0.4818
0.829,-0.1075,0.5922,-0.3812,1.0519,0.3277,0.3385,-0.1688,0.4297,-0.2357,0.4077,-0.6877,-0.1941,-0.6922,-0.3201,-0.4818
0.809,-0.1114,0.6235,-0.4263,1.0398,0.3236,0.3265,-0.1716,0.4634,-0.2197,0.4033,-0.689,-0.1797,-0.6872,-0.3323,-0.4807
0.809,-0.1114,0.6235,-0.4263,1.0398,0.3236,0.3265,-0.1716,0.4634,-0.2197,0.4033,-0.689,-0.1797,-0.6872,-0.3323,-0.4807
0.7693,-0.1193,0.6235,-0.4263,1.0278,0.3195,0.3145,-0.1743,0.3705,-0.2148,0.3901,-0.693,-0.1797,-0.6872,-0.3293,-0.4851
0.7693,-0.1193,0.6235,-0.4263,1.0278,0.3195,0.3145,-0.1743,0.3705,-0.2148,0.3901,-0.693,-0.1797,-0.6872,-0.3293,-0.4851
0.7296,-0.1272,0.561,-0.4042,0.996,0.3223,0.2841,-0.1706,0.4041,-0.1987,0.3814,-0.6956,-0.1797,-0.6872,-0.3415,-0.484
0.7296,-0.1272,0.561,-0.4042,0.996,0.3223,0.2841,-0.1706,0.4041,-0.1987,0.3814,-0.6956,-0.1797,-0.6872,-0.3415,-0.484
0.7296,-0.1272,0.561,-0.4042,0.996,0.3223,0.2841,-0.1706,0.4041,-0.1987,0.3814,-0.6956,-0.1797,-0.6872,-0.3415,-0.484
0.7098,-0.1312,0.561,-0.4042,0.984,0.3182,0.2602,-0.1761,0.4041,-0.1987,0.3656,-0.6958,-0.1797,-0.6872,-0.3506,-0.4873
0.7098,-0.1312,0.561,-0.4042,0.984,0.3182,0.2602,-0.1761,0.4041,-0.1987,0.3656,-0.6958,-0.1797,-0.6872,-0.3506,-0.4873
0.6603,-0.1246,0.5298,-0.4272,0.972,0.3141,0.2547,-0.1881,0.4041,-0.1987,0.3595,-0.7022,-0.2034,-0.6788,-0.3598,-0.4905
0.6603,-0.1246,0.5298,-0.4272,0.972,0.3141,0.2547,-0.1881,0.4041,-0.1987,0.3595,-0.7022,-0.2034,-0.6788,-0.3598,-0.4905
0.6704,-0.1391,0.5298,-0.4272,0.96,0.31,0.2428,-0.1909,0.3449,-0.1778,0.3437,-0.7023,-0.2034,-0.6788,-0.3765,-0.4911
0.6704,-0.1391,0.5298,-0.4272,0.96,0.31,0.2428,-0.1909,0.3449,-0.1778,0.3437,-0.7023,-0.2034,-0.6788,-0.3765,-0.4911
0.621,-0.1325,0.5298,-0.4272,0.9404,0.3169,0.2309,-0.1937,0.3449,-0.1778,0.3349,-0.705,-0.2034,-0.6788,-0.3857,-0.4944
0.621,-0.1325,0.5298,-0.4272,0.9404,0.3169,0.2309,-0.1937,0.3449,-0.1778,0.3349,-0.705,-0.2034,-0.6788,-0.3857,-0.4944
0.6114,-0.1509,0.5298,-0.4272,0.9285,0.3128,0.219,-0.1964,0.3449,-0.1778,0.3192,-0.7051,-0.2034,-0.6788,-0.3978,-0.4934
0.6114,-0.1509,0.5298,-0.4272,0.9285,0.3128,0.219,-0.1964,0.3449,-0.1778,0.3192,-0.7051,-0.2034,-0.6788,-0.3978,-0.4934
0.6114,-0.1509,0.5298,-0.4272,0.9285,0.3128,0.219,-0.1964,0.3449,-0.1778,0.3192,-0.7051,-0.2034,-0.6788,-0.3978,-0.4934
0.5622,-0.1444,0.5298,-0.4272,0.9165,0.3087,0.2007,-0.1899,0.2271,-0.1362,0.3061,-0.7091,-0.2085,-0.6972,-0.4191,-0.4956
0.5622,-0.1444,0.5298,-0.4272,0.9165,0.3087,0.2007,-0.1899,0.2271,-0.1362,0.3061,-0.7091,-0.2085,-0.6972,-0.4191,-0.4956
0.5427,-0.1484,0.5298,-0.4272,0.9046,0.3046,0.1705,-0.1863,0.2859,-0.157,0.2991,-0.7066,-0.2177,-0.6838,-0.4266,-0.4929
0.5427,-0.1484,0.5298,-0.4272,0.9046,0.3046,0.1705,-0.1863,0.2859,-0.157,0.2991,-0.7066,-0.2177,-0.6838,-0.4266,-0.4929
0.5232,-0.1523,0.4676,-0.4052,0.8927,0.3004,0.1404,-0.1826,0.2859,-0.157,0.2878,-0.7055,-0.227,-0.6705,-0.4357,-0.4962
0.5232,-0.1523,0.4676,-0.4052,0.8927,0.3004,0.1404,-0.1826,0.2859,-0.157,0.2878,-0.7055,-0.227,-0.6705,-0.4357,-0.4962
0.5037,-0.1563,0.4676,-0.4052,0.8612,0.3032,0.1286,-0.1854,0.2271,-0.1362,0.2764,-0.7043,-0.227,-0.6705,-0.4449,-0.4994
0.5037,-0.1563,0.4676,-0.4052,0.8612,0.3032,0.1286,-0.1854,0.2271,-0.1362,0.2764,-0.7043,-0.227,-0.6705,-0.4449,-0.4994
0.5037,-0.1563,0.4676,-0.4052,0.8612,0.3032,0.1286,-0.1854,0.2271,-0.1362,0.2764,-0.7043,-0.227,-0.6705,-0.4449,-0.4994
0.4842,-0.1603,0.4988,-0.4501,0.8494,0.2991,0.1167,-0.1881,0.2527,-0.1731,0.2677,-0.707,-0.2506,-0.6621,-0.457,-0.4984
0.4842,-0.1603,0.4988,-0.4501,0.8494,0.2991,0.1167,-0.1881,0.2527,-0.1731,0.2677,-0.707,-0.2506,-0.6621,-0.457,-0.4984
0.4842,-0.1603,0.4676,-0.4052,0.8417,0.3101,0.0986,-0.1817,0.2195,-0.1892,0.2521,-0.7071,-0.2557,-0.6805,-0.4706,-0.5033
0.4842,-0.1603,0.4676,-0.4052,0.8417,0.3101,0.0986,-0.1817,0.2195,-0.1892,0.2521,-0.7071,-0.2557,-0.6805,-0.4706,-0.5033
0.4648,-0.1642,0.4676,-0.4052,0.8299,0.306,0.0868,-0.1845,0.2195,-0.1892,0.2338,-0.7035,-0.2793,-0.6722,-0.4872,-0.5039
0.4648,-0.1642,0.4676,-0.4052,0.8299,0.306,0.0868,-0.1845,0.2195,-0.1892,0.2338,-0.7035,-0.2793,-0.6722,-0.4872,-0.5039
0.426,-0.1721,0.4988,-0.4501,0.7985,0.3088,0.0632,-0.19,0.2195,-0.1892,0.2156,-0.6999,-0.3029,-0.6638,-0.5038,-0.5045
0.426,-0.1721,0.4988,-0.4501,0.7985,0.3088,0.0632,-0.19,0.2195,-0.1892,0.2156,-0.6999,-0.3029,-0.6638,-0.5038,-0.5045
0.426,-0.1721,0.4988,-0.4501,0.7985,0.3088,0.0632,-0.19,0.2195,-0.1892,0.2156,-0.6999,-0.3029,-0.6638,-0.5038,-0.5045
0.4067,-0.1761,0.4367,-0.4282,0.7867,0.3046,0.0269,-0.1772,0.245,-0.226,0.1973,-0.6963,-0.2936,-0.6772,-0.5203,-0.5051
0.4067,-0.1761,0.4367,-0.4282,0.7867,0.3046,0.0269,-0.1772,0.245,-0.226,0.1973,-0.6963,-0.2936,-0.6772,-0.5203,-0.5051
0.3968,-0.1618,0.4056,-0.3833,0.7673,0.3115,0.0269,-0.1772,0.1865,-0.2053,0.1861,-0.6952,-0.3171,-0.6689,-0.5294,-0.5084
0.3968,-0.1618,0.4056,-0.3833,0.7673,0.3115,0.0269,-0.1772,0.1865,-0.2053,0.1861,-0.6952,-0.3171,-0.6689,-0.5294,-0.5084
0.4161,-0.1578,0.4676,-0.4052,0.7985,0.3088,0.0206,-0.168,0.1865,-0.2053,0.1834,-0.6914,-0.3029,-0.6638,-0.5399,-0.5015
0.4161,-0.1578,0.4676,-0.4052,0.7985,0.3088,0.0206,-0.168,0.1865,-0.2053,0.1834,-0.6914,-0.3029,-0.6638,-0.5399,-0.5015
0.4937,-0.1419,0.4676,-0.4052,0.8417,0.3101,0.0676,-0.1569,0.1865,-0.2053,0.1938,-0.6837,-0.2886,-0.6588,-0.5218,-0.4949
0.4937,-0.1419,0.4676,-0.4052,0.8417,0.3101,0.0676,-0.1569,0.1865,-0.2053,0.1938,-0.6837,-0.2886,-0.6588,-0.5218,-0.4949
0.5813,-0.1076,0.561,-0.4042,0.8893,0.3266,0.1266,-0.1429,0.161,-0.1685,0.2328,-0.6718,-0.2599,-0.6487,-0.487,-0.4878
0.5813,-0.1076,0.561,-0.4042,0.8893,0.3266,0.1266,-0.1429,0.161,-0.1685,0.2328,-0.6718,-0.2599,-0.6487,-0.487,-0.4878
0.5813,-0.1076,0.561,-0.4042,0.8893,0.3266,0.1266,-0.1429,0.161,-0.1685,0.2328,-0.6718,-0.2599,-0.6487,-0.487,-0.4878
0.6994,-0.0837,0.5608,-0.3359,0.949,0.3473,0.2043,-0.1354,0.2782,-0.21,0.292,-0.6583,-0.2075,-0.647,-0.4386,-0.4757
0.7686,-0.0531,0.5608,-0.3359,1.0047,0.3528,0.2639,-0.1214,0.3193,-0.1408,0.3673,-0.6447,-0.1167,-0.6487,-0.3762,-0.4587
0.7686,-0.0531,0.5608,-0.3359,1.0047,0.3528,0.2639,-0.1214,0.3193,-0.1408,0.3673,-0.6447,-0.1167,-0.6487,-0.3762,-0.4587
0.8483,-0.0371,0.6549,-0.3348,1.0528,0.3693,0.3423,-0.1139,0.4377,-0.1827,0.4288,-0.6261,-0.0638,-0.6471,-0.3074,-0.4504
0.8483,-0.0371,0.6549,-0.3348,1.0528,0.3693,0.3423,-0.1139,0.4377,-0.1827,0.4288,-0.6261,-0.0638,-0.6471,-0.3074,-0.4504
0.8483,-0.0371,0.6549,-0.3348,1.0528,0.3693,0.3423,-0.1139,0.4377,-0.1827,0.4288,-0.6261,-0.0638,-0.6471,-0.3074,-0.4504
0.8983,-0.0104,0.6864,-0.3116,1.0891,0.3818,0.4026,-0.0999,0.4714,-0.1665,0.4845,-0.6139,-0.0347,-0.637,-0.2507,-0.441
0.8983,-0.0104,0.6864,-0.3116,1.0891,0.3818,0.4026,-0.0999,0.4714,-0.1665,0.4845,-0.6139,-0.0347,-0.637,-0.2507,-0.441
0.8983,-0.0104,0.6864,-0.3116,1.0891,0.3818,0.4026,-0.0999,0.4714,-0.1665,0.4845,-0.6139,-0.0347,-0.637,-0.2507,-0.441
0.9689,-0.0131,0.7497,-0.3339,1.1332,0.3831,0.451,-0.0888,0.412,-0.1455,0.5368,-0.6121,-0.044,-0.6235,-0.2029,-0.4349
0.9788,0.0056,0.7497,-0.3339,1.1575,0.3914,0.4753,-0.0832,0.5052,-0.1504,0.568,-0.6028,-0.0149,-0.6134,-0.1657,-0.4217
0.9788,0.0056,0.7497,-0.3339,1.1575,0.3914,0.4753,-0.0832,0.5052,-0.1504,0.568,-0.6028,-0.0149,-0.6134,-0.1657,-0.4217
0.999,0.0096,0.7497,-0.3339,1.1697,0.3955,0.4996,-0.0776,0.4714,-0.1665,0.5911,-0.6052,-0.0149,-0.6134,-0.1394,-0.4179
0.999,0.0096,0.7497,-0.3339,1.1697,0.3955,0.4996,-0.0776,0.4714,-0.1665,0.5911,-0.6052,-0.0149,-0.6134,-0.1394,-0.4179
0.999,0.0096,0.7497,-0.3339,1.1697,0.3955,0.4996,-0.0776,0.4714,-0.1665,0.5911,-0.6052,-0.0149,-0.6134,-0.1394,-0.4179
0.9788,0.0056,0.7497,-0.3339,1.1819,0.3997,0.5183,-0.0842,0.5052,-0.1504,0.6001,-0.6025,0.0091,-0.6219,-0.1177,-0.4157
0.9788,0.0056,0.7497,-0.3339,1.1819,0.3997,0.5183,-0.0842,0.5052,-0.1504,0.6001,-0.6025,0.0091,-0.6219,-0.1177,-0.4157
0.9788,0.0056,0.7497,-0.3339,1.1819,0.3997,0.5183,-0.0842,0.5052,-0.1504,0.6001,-0.6025,0.0091,-0.6219,-0.1177,-0.4157
0.9891,-0.0091,0.7497,-0.3339,1.1896,0.3885,0.5183,-0.0842,0.565,-0.1715,0.6143,-0.6075,0.0238,-0.6169,-0.1083,-0.4124
0.9891,-0.0091,0.7497,-0.3339,1.1896,0.3885,0.5183,-0.0842,0.565,-0.1715,0.6143,-0.6075,0.0238,-0.6169,-0.1083,-0.4124
0.9689,-0.0131,0.718,-0.2882,1.1775,0.3844,0.4996,-0.0776,0.565,-0.1715,0.6009,-0.6115,0.0238,-0.6169,-0.0929,-0.4178
0.9689,-0.0131,0.718,-0.2882,1.1775,0.3844,0.4996,-0.0776,0.565,-0.1715,0.6009,-0.6115,0.0238,-0.6169,-0.0929,-0.4178
0.9487,-0.0171,0.7497,-0.3339,1.1852,0.3732,0.5062,-0.087,0.5052,-0.1504,0.5947,-0.618,0.0238,-0.6169,-0.0899,-0.4222
0.9487,-0.0171,0.7497,-0.3339,1.1852,0.3732,0.5062,-0.087,0.5052,-0.1504,0.5947,-0.618,0.0238,-0.6169,-0.0899,-0.4222
0.9388,-0.0358,0.7497,-0.3339,1.173,0.369,0.494,-0.0898,0.5391,-0.1342,0.5813,-0.622,0.0238,-0.6169,-0.0869,-0.4265
0.9388,-0.0358,0.7497,-0.3339,1.173,0.369,0.494,-0.0898,0.5391,-0.1342,0.5813,-0.622,0.0238,-0.6169,-0.0869,-0.4265
0.9187,-0.0398,0.7497,-0.3339,1.1609,0.3649,0.494,-0.0898,0.5052,-0.1504,0.559,-0.6287,0.0091,-0.6219,-0.0962,-0.4298
0.9187,-0.0398,0.7497,-0.3339,1.1609,0.3649,0.494,-0.0898,0.5052,-0.1504,0.559,-0.6287,0.0091,-0.6219,-0.0962,-0.4298
0.9187,-0.0398,0.7497,-0.3339,1.1609,0.3649,0.494,-0.0898,0.5052,-0.1504,0.559,-0.6287,0.0091,-0.6219,-0.0962,-0.4298
0.8684,-0.0331,0.7497,-0.3339,1.1487,0.3607,0.4818,-0.0926,0.5052,-0.1504,0.5483,-0.6365,-0.0002,-0.6084,-0.0979,-0.4358
0.8483,-0.0371,0.718,-0.3571,1.1288,0.3678,0.4883,-0.1019,0.5391,-0.1342,0.5395,-0.6391,0.0238,-0.6169,-0.1026,-0.4375
0.8483,-0.0371,0.718,-0.3571,1.1288,0.3678,0.4883,-0.1019,0.5391,-0.1342,0.5395,-0.6391,0.0238,-0.6169,-0.1026,-0.4375
0.8686,-0.0664,0.718,-0.3571,1.1366,0.3566,0.4827,-0.1141,0.5391,-0.1342,0.5261,-0.6431,0.0144,-0.6033,-0.1072,-0.4391
0.8686,-0.0664,0.718,-0.3571,1.1366,0.3566,0.4827,-0.1141,0.5391,-0.1342,0.5261,-0.6431,0.0144,-0.6033,-0.1072,-0.4391
0.8686,-0.0664,0.718,-0.3571,1.1366,0.3566,0.4827,-0.1141,0.5391,-0.1342,0.5261,-0.6431,0.0144,-0.6033,-0.1072,-0.4391
0.8486,-0.0704,0.6864,-0.3803,1.1244,0.3525,0.4705,-0.1169,0.5391,-0.1342,0.5128,-0.6471,0.0144,-0.6033,-0.1119,-0.4407
0.8486,-0.0704,0.6864,-0.3803,1.1244,0.3525,0.4705,-0.1169,0.5391,-0.1342,0.5128,-0.6471,0.0144,-0.6033,-0.1119,-0.4407
0.8486,-0.0704,0.6864,-0.3803,1.1244,0.3525,0.4705,-0.1169,0.5391,-0.1342,0.5128,-0.6471,0.0144,-0.6033,-0.1119,-0.4407
0.8388,-0.089,0.6864,-0.3803,1.1046,0.3595,0.4584,-0.1197,0.5391,-0.1342,0.4969,-0.6472,0.0144,-0.6033,-0.1135,-0.4467
0.8388,-0.089,0.6864,-0.3803,1.1046,0.3595,0.4584,-0.1197,0.5391,-0.1342,0.4969,-0.6472,0.0144,-0.6033,-0.1135,-0.4467
0.8189,-0.0929,0.6864,-0.3803,1.0847,0.3665,0.4342,-0.1252,0.5391,-0.1342,0.4836,-0.6512,0.0144,-0.6033,-0.1229,-0.45
0.809,-0.1114,0.6235,-0.358,1.0726,0.3623,0.4221,-0.128,0.565,-0.1715,0.473,-0.659,0.0144,-0.6033,-0.1399,-0.4506
0.809,-0.1114,0.6235,-0.358,1.0726,0.3623,0.4221,-0.128,0.565,-0.1715,0.473,-0.659,0.0144,-0.6033,-0.1399,-0.4506
0.809,-0.1114,0.6235,-0.358,1.0726,0.3623,0.4221,-0.128,0.565,-0.1715,0.473,-0.659,0.0144,-0.6033,-0.1399,-0.4506
0.7693,-0.1193,0.655,-0.4033,1.0683,0.3471,0.3914,-0.1242,0.565,-0.1715,0.4641,-0.6616,0.0478,-0.6253,-0.1492,-0.4538
0.7693,-0.1193,0.655,-0.4033,1.0683,0.3471,0.3914,-0.1242,0.565,-0.1715,0.4641,-0.6616,0.0478,-0.6253,-0.1492,-0.4538
0.7494,-0.1233,0.5922,-0.3812,1.0364,0.3499,0.3608,-0.1205,0.565,-0.1715,0.4509,-0.6656,0.0478,-0.6253,-0.1556,-0.4615
0.7494,-0.1233,0.5922,-0.3812,1.0364,0.3499,0.3608,-0.1205,0.565,-0.1715,0.4509,-0.6656,0.0478,-0.6253,-0.1556,-0.4615
0.7494,-0.1233,0.5922,-0.3812,1.0364,0.3499,0.3608,-0.1205,0.565,-0.1715,0.4509,-0.6656,0.0478,-0.6253,-0.1556,-0.4615
0.7098,-0.1312,0.6235,-0.4263,1.0321,0.3347,0.3553,-0.1326,0.5052,-0.1504,0.435,-0.6657,0.0238,-0.6169,-0.1725,-0.462
0.7098,-0.1312,0.6235,-0.4263,1.0321,0.3347,0.3553,-0.1326,0.5052,-0.1504,0.435,-0.6657,0.0238,-0.6169,-0.1725,-0.462
0.6603,-0.1246,0.6235,-0.4263,1.0201,0.3306,0.3432,-0.1353,0.5052,-0.1504,0.4192,-0.6659,0.0238,-0.6169,-0.1895,-0.4626
0.6603,-0.1246,0.6235,-0.4263,1.0201,0.3306,0.3432,-0.1353,0.5052,-0.1504,0.4192,-0.6659,0.0238,-0.6169,-0.1895,-0.4626
0.6406,-0.1286,0.6235,-0.4263,0.9883,0.3334,0.3312,-0.1381,0.4377,-0.1827,0.3989,-0.6674,0.0185,-0.6354,-0.2111,-0.4648
0.6406,-0.1286,0.6235,-0.4263,0.9883,0.3334,0.3312,-0.1381,0.4377,-0.1827,0.3989,-0.6674,0.0185,-0.6354,-0.2111,-0.4648
0.5914,-0.1221,0.6235,-0.4263,0.9763,0.3293,0.3072,-0.1437,0.4714,-0.1665,0.3875,-0.6662,0.0091,-0.6219,-0.2234,-0.4637
0.5914,-0.1221,0.6235,-0.4263,0.9763,0.3293,0.3072,-0.1437,0.4714,-0.1665,0.3875,-0.6662,0.0091,-0.6219,-0.2234,-0.4637
0.5227,-0.1196,0.5298,-0.4272,0.9524,0.321,0.2648,-0.1427,0.3784,-0.1617,0.3699,-0.6715,-0.0295,-0.6185,-0.2449,-0.4659
0.5227,-0.1196,0.5298,-0.4272,0.9524,0.321,0.2648,-0.1427,0.3784,-0.1617,0.3699,-0.6715,-0.0295,-0.6185,-0.2449,-0.4659
0.5227,-0.1196,0.5298,-0.4272,0.9524,0.321,0.2648,-0.1427,0.3784,-0.1617,0.3699,-0.6715,-0.0295,-0.6185,-0.2449,-0.4659
0.5132,-0.138,0.5298,-0.4272,0.9208,0.3238,0.2593,-0.1548,0.4041,-0.1987,0.3612,-0.6741,-0.0295,-0.6185,-0.2588,-0.4708
0.5132,-0.138,0.5298,-0.4272,0.9208,0.3238,0.2593,-0.1548,0.4041,-0.1987,0.3612,-0.6741,-0.0295,-0.6185,-0.2588,-0.4708
0.4937,-0.1419,0.4676,-0.4052,0.9089,0.3197,0.229,-0.1511,0.4041,-0.1987,0.3428,-0.6705,-0.0534,-0.61,-0.2756,-0.4714
0.4937,-0.1419,0.4676,-0.4052,0.9089,0.3197,0.229,-0.1511,0.4041,-0.1987,0.3428,-0.6705,-0.0534,-0.61,-0.2756,-0.4714
0.4743,-0.1459,0.4676,-0.4052,0.8969,0.3156,0.1988,-0.1474,0.3784,-0.1617,0.3384,-0.6718,-0.0628,-0.5965,-0.2878,-0.4704
0.4743,-0.1459,0.4676,-0.4052,0.8969,0.3156,0.1988,-0.1474,0.3784,-0.1617,0.3384,-0.6718,-0.0628,-0.5965,-0.2878,-0.4704
0.4743,-0.1459,0.4676,-0.4052,0.8969,0.3156,0.1924,-0.1381,0.3784,-0.1617,0.32,-0.6682,-0.0628,-0.5965,-0.3047,-0.4709
0.4743,-0.1459,0.4676,-0.4052,0.8969,0.3156,0.1924,-0.1381,0.3784,-0.1617,0.32,-0.6682,-0.0628,-0.5965,-0.3047,-0.4709
0.4449,-0.1355,0.4676,-0.4052,0.8774,0.3225,0.1805,-0.1409,0.3449,-0.1778,0.3086,-0.667,-0.0867,-0.588,-0.3139,-0.4742
0.4449,-0.1355,0.4676,-0.4052,0.8774,0.3225,0.1805,-0.1409,0.3449,-0.1778,0.3086,-0.667,-0.0867,-0.588,-0.3139,-0.4742
0.4449,-0.1355,0.4676,-0.4052,0.8774,0.3225,0.1805,-0.1409,0.3449,-0.1778,0.3086,-0.667,-0.0867,-0.588,-0.3139,-0.4742
0.4255,-0.1395,0.4056,-0.3833,0.8655,0.3184,0.1686,-0.1437,0.3449,-0.1778,0.2973,-0.6659,-0.0867,-0.588,-0.3231,-0.4775
0.4255,-0.1395,0.4056,-0.3833,0.8655,0.3184,0.1686,-0.1437,0.3449,-0.1778,0.2973,-0.6659,-0.0867,-0.588,-0.3231,-0.4775
0.3769,-0.1332,0.4056,-0.3833,0.8341,0.3211,0.1503,-0.1373,0.2859,-0.157,0.2789,-0.6623,-0.1012,-0.5931,-0.3398,-0.4781
0.3769,-0.1332,0.4056,-0.3833,0.8341,0.3211,0.1503,-0.1373,0.2859,-0.157,0.2789,-0.6623,-0.1012,-0.5931,-0.3398,-0.4781
0.3676,-0.1515,0.3125,-0.3164,0.8222,0.317,0.1266,-0.1429,0.3193,-0.1408,0.2649,-0.6573,-0.0919,-0.6066,-0.3566,-0.4787
0.3676,-0.1515,0.3125,-0.3164,0.8222,0.317,0.1266,-0.1429,0.3193,-0.1408,0.2649,-0.6573,-0.0919,-0.6066,-0.3566,-0.4787
0.3483,-0.1555,0.3125,-0.3164,0.7985,0.3088,0.0966,-0.1392,0.2859,-0.157,0.2466,-0.6537,-0.1064,-0.6117,-0.3809,-0.4766
0.3483,-0.1555,0.3125,-0.3164,0.7985,0.3088,0.0966,-0.1392,0.2859,-0.157,0.2466,-0.6537,-0.1064,-0.6117,-0.3809,-0.4766
0.3099,-0.1635,0.3437,-0.3614,0.7867,0.3046,0.073,-0.1448,0.2859,-0.157,0.231,-0.6539,-0.1209,-0.6167,-0.4022,-0.4788
0.3099,-0.1635,0.3437,-0.3614,0.7867,0.3046,0.073,-0.1448,0.2859,-0.157,0.231,-0.6539,-0.1209,-0.6167,-0.4022,-0.4788
0.3099,-0.1635,0.3437,-0.3614,0.7867,0.3046,0.073,-0.1448,0.2859,-0.157,0.231,-0.6539,-0.1209,-0.6167,-0.4022,-0.4788
0.3099,-0.1635,0.3125,-0.3164,0.7673,0.3115,0.0548,-0.1384,0.2527,-0.1731,0.211,-0.6555,-0.1447,-0.6083,-0.4264,-0.4768
0.3099,-0.1635,0.3125,-0.3164,0.7673,0.3115,0.0548,-0.1384,0.2527,-0.1731,0.211,-0.6555,-0.1447,-0.6083,-0.4264,-0.4768
0.3099,-0.1635,0.3125,-0.3164,0.7749,0.3005,0.0612,-0.1476,0.194,-0.1524,0.1927,-0.6519,-0.1592,-0.6134,-0.4431,-0.4774
0.3099,-0.1635,0.3125,-0.3164,0.7749,0.3005,0.0612,-0.1476,0.194,-0.1524,0.1927,-0.6519,-0.1592,-0.6134,-0.4431,-0.4774
0.3192,-0.1452,0.3125,-0.3164,0.7791,0.3156,0.0666,-0.1356,0.2271,-0.1362,0.1901,-0.6481,-0.1447,-0.6083,-0.4536,-0.4704
0.3192,-0.1452,0.3125,-0.3164,0.7791,0.3156,0.0666,-0.1356,0.2271,-0.1362,0.1901,-0.6481,-0.1447,-0.6083,-0.4536,-0.4704
0.3192,-0.1452,0.3125,-0.3164,0.7791,0.3156,0.0666,-0.1356,0.2271,-0.1362,0.1901,-0.6481,-0.1447,-0.6083,-0.4536,-0.4704
0.3962,-0.1292,0.3431,-0.2931,0.7951,0.3349,0.0956,-0.1179,0.2195,-0.1892,0.2048,-0.639,-0.1447,-0.6083,-0.4445,-0.4671
0.3962,-0.1292,0.3431,-0.2931,0.7951,0.3349,0.0956,-0.1179,0.2195,-0.1892,0.2048,-0.639,-0.1447,-0.6083,-0.4445,-0.4671
0.4638,-0.0988,0.4364,-0.3602,0.8502,0.3405,0.1429,-0.1067,0.2527,-0.1731,0.2482,-0.6256,-0.1157,-0.5982,-0.4096,-0.4599
0.4638,-0.0988,0.4364,-0.3602,0.8502,0.3405,0.1429,-0.1067,0.2527,-0.1731,0.2482,-0.6256,-0.1157,-0.5982,-0.4096,-0.4599
0.5809,-0.0747,0.4983,-0.3138,0.9097,0.3612,0.2207,-0.0991,0.3115,-0.1939,0.3049,-0.6082,-0.0867,-0.588,-0.3608,-0.4478
0.5809,-0.0747,0.4983,-0.3138,0.9097,0.3612,0.2207,-0.0991,0.3115,-0.1939,0.3049,-0.6082,-0.0867,-0.588,-0.3608,-0.4478
0.6393,-0.0295,0.592,-0.3126,0.9772,0.3709,0.3109,-0.0887,0.3705,-0.2148,0.3732,-0.592,-0.0482,-0.5914,-0.3026,-0.4324
0.6393,-0.0295,0.592,-0.3126,0.9772,0.3709,0.3109,-0.0887,0.3705,-0.2148,0.3732,-0.592,-0.0482,-0.5914,-0.3026,-0.4324
0.6393,-0.0295,0.592,-0.3126,0.9772,0.3709,0.3109,-0.0887,0.3705,-0.2148,0.3732,-0.592,-0.0482,-0.5914,-0.3026,-0.4324
0.7082,0.0013,0.6233,-0.2893,1.0253,0.3875,0.3711,-0.0747,0.3784,-0.1617,0.4348,-0.5732,-0.0044,-0.5762,-0.2442,-0.417
0.7082,0.0013,0.6233,-0.2893,1.0253,0.3875,0.3711,-0.0747,0.3784,-0.1617,0.4348,-0.5732,-0.0044,-0.5762,-0.2442,-0.417
0.7677,0.0135,0.6547,-0.2659,1.0813,0.393,0.4129,-0.054,0.4634,-0.2197,0.479,-0.5597,-0.0044,-0.5762,-0.1994,-0.4065
0.7677,0.0135,0.6547,-0.2659,1.0813,0.393,0.4129,-0.054,0.4634,-0.2197,0.479,-0.5597,-0.0044,-0.5762,-0.1994,-0.4065
0.8076,0.0216,0.718,-0.2882,1.1254,0.3943,0.4306,-0.039,0.4972,-0.2037,0.5314,-0.5579,0.0343,-0.5796,-0.1562,-0.4021
0.8076,0.0216,0.718,-0.2882,1.1254,0.3943,0.4306,-0.039,0.4972,-0.2037,0.5314,-0.5579,0.0343,-0.5796,-0.1562,-0.4021
0.8578,0.015,0.718,-0.2882,1.1376,0.3984,0.4735,-0.0399,0.5568,-0.2247,0.5537,-0.5512,0.049,-0.5745,-0.1205,-0.3949
0.8578,0.015,0.718,-0.2882,1.1376,0.3984,0.4735,-0.0399,0.5568,-0.2247,0.5537,-0.5512,0.049,-0.5745,-0.1205,-0.3949
0.8476,0.0297,0.6547,-0.2659,1.1497,0.4026,0.4857,-0.0371,0.565,-0.1715,0.5813,-0.5522,0.0878,-0.578,-0.0863,-0.3937
0.8476,0.0297,0.6547,-0.2659,1.1497,0.4026,0.4857,-0.0371,0.565,-0.1715,0.5813,-0.5522,0.0878,-0.578,-0.0863,-0.3937
0.8476,0.0297,0.6547,-0.2659,1.1497,0.4026,0.4857,-0.0371,0.565,-0.1715,0.5813,-0.5522,0.0878,-0.578,-0.0863,-0.3937
0.8578,0.015,0.6547,-0.2659,1.1497,0.4026,0.5044,-0.0437,0.5052,-0.1504,0.5885,-0.5547,0.0878,-0.578,-0.0692,-0.3932
0.8578,0.015,0.6547,-0.2659,1.1497,0.4026,0.5044,-0.0437,0.5052,-0.1504,0.5885,-0.5547,0.0878,-0.578,-0.0692,-0.3932
0.8578,0.015,0.6547,-0.2659,1.1575,0.3914,0.5044,-0.0437,0.531,-0.1876,0.5867,-0.5599,0.0731,-0.5831,-0.0739,-0.3948
0.8578,0.015,0.6547,-0.2659,1.1575,0.3914,0.5044,-0.0437,0.531,-0.1876,0.5867,-0.5599,0.0731,-0.5831,-0.0739,-0.3948
0.868,0.0003,0.6547,-0.2659,1.1454,0.3872,0.4922,-0.0465,0.5568,-0.2247,0.5715,-0.5691,0.0731,-0.5831,-0.0678,-0.4036
0.868,0.0003,0.6547,-0.2659,1.1454,0.3872,0.4922,-0.0465,0.5568,-0.2247,0.5715,-0.5691,0.0731,-0.5831,-0.0678,-0.4036
0.8178,0.0069,0.6864,-0.3116,1.1332,0.3831,0.4801,-0.0493,0.4714,-0.1665,0.5582,-0.5731,0.0637,-0.5695,-0.0802,-0.4025
0.8178,0.0069,0.6864,-0.3116,1.1332,0.3831,0.4801,-0.0493,0.4714,-0.1665,0.5582,-0.5731,0.0637,-0.5695,-0.0802,-0.4025
0.808,-0.0118,0.6233,-0.2893,1.1133,0.3901,0.4679,-0.0522,0.4456,-0.1293,0.5502,-0.5849,0.0637,-0.5695,-0.0896,-0.4058
0.808,-0.0118,0.6233,-0.2893,1.1133,0.3901,0.4679,-0.0522,0.4456,-0.1293,0.5502,-0.5849,0.0637,-0.5695,-0.0896,-0.4058
0.808,-0.0118,0.6233,-0.2893,1.1133,0.3901,0.4679,-0.0522,0.4456,-0.1293,0.5502,-0.5849,0.0637,-0.5695,-0.0896,-0.4058
0.7881,-0.0159,0.6233,-0.2893,1.1012,0.386,0.4623,-0.0644,0.531,-0.1876,0.5279,-0.5916,0.0731,-0.5831,-0.1037,-0.4107
0.7682,-0.0199,0.6233,-0.2893,1.0891,0.3818,0.4501,-0.0672,0.531,-0.1876,0.5102,-0.5969,0.0731,-0.5831,-0.113,-0.414
0.7682,-0.0199,0.6233,-0.2893,1.0891,0.3818,0.4501,-0.0672,0.531,-0.1876,0.5102,-0.5969,0.0731,-0.5831,-0.113,-0.414
0.7682,-0.0199,0.6233,-0.2893,1.0891,0.3818,0.4501,-0.0672,0.531,-0.1876,0.5102,-0.5969,0.0731,-0.5831,-0.113,-0.414
0.7483,-0.0239,0.6233,-0.2893,1.077,0.3777,0.438,-0.07,0.4456,-0.1293,0.4898,-0.5984,0.0395,-0.5609,-0.1224,-0.4173
0.7483,-0.0239,0.6233,-0.2893,1.077,0.3777,0.438,-0.07,0.4456,-0.1293,0.4898,-0.5984,0.0395,-0.5609,-0.1224,-0.4173
0.7285,-0.0279,0.6549,-0.3348,1.077,0.3777,0.4259,-0.0728,0.4714,-0.1665,0.4765,-0.6024,0.049,-0.5745,-0.121,-0.4277
0.7285,-0.0279,0.6549,-0.3348,1.077,0.3777,0.4259,-0.0728,0.4714,-0.1665,0.4765,-0.6024,0.049,-0.5745,-0.121,-0.4277
0.7285,-0.0279,0.6549,-0.3348,1.077,0.3777,0.4259,-0.0728,0.4714,-0.1665,0.4765,-0.6024,0.049,-0.5745,-0.121,-0.4277
0.7087,-0.032,0.6549,-0.3348,1.0649,0.3735,0.4138,-0.0756,0.4456,-0.1293,0.4588,-0.6077,0.049,-0.5745,-0.1333,-0.4266
0.7087,-0.032,0.6549,-0.3348,1.0649,0.3735,0.4138,-0.0756,0.4456,-0.1293,0.4588,-0.6077,0.049,-0.5745,-0.1333,-0.4266
0.6889,-0.036,0.6233,-0.2893,1.0528,0.3693,0.4017,-0.0784,0.4714,-0.1665,0.4456,-0.6117,0.0249,-0.566,-0.1504,-0.4272
0.6889,-0.036,0.6233,-0.2893,1.0528,0.3693,0.4017,-0.0784,0.4714,-0.1665,0.4456,-0.6117,0.0249,-0.566,-0.1504,-0.4272
0.6297,-0.0481,0.5608,-0.3359,1.0287,0.3611,0.3776,-0.084,0.4714,-0.1665,0.4253,-0.6132,0.0249,-0.566,-0.1643,-0.4321
0.6297,-0.0481,0.5608,-0.3359,1.0287,0.3611,0.3776,-0.084,0.4714,-0.1665,0.4253,-0.6132,0.0249,-0.566,-0.1643,-0.4321
0.6201,-0.0666,0.5608,-0.3359,1.0167,0.3569,0.347,-0.0803,0.4714,-0.1665,0.405,-0.6147,0.0343,-0.5796,-0.1813,-0.4327
0.6201,-0.0666,0.5608,-0.3359,1.0167,0.3569,0.347,-0.0803,0.4714,-0.1665,0.405,-0.6147,0.0343,-0.5796,-0.1813,-0.4327
0.6201,-0.0666,0.5608,-0.3359,1.0167,0.3569,0.347,-0.0803,0.4714,-0.1665,0.405,-0.6147,0.0343,-0.5796,-0.1813,-0.4327
0.5904,-0.0561,0.5293,-0.2905,1.0244,0.3458,0.3534,-0.0896,0.4377,-0.1827,0.3847,-0.6163,0.0196,-0.5847,-0.1953,-0.4376
0.5904,-0.0561,0.5293,-0.2905,1.0244,0.3458,0.3534,-0.0896,0.4377,-0.1827,0.3847,-0.6163,0.0196,-0.5847,-0.1953,-0.4376
0.5809,-0.0747,0.5608,-0.3359,0.9927,0.3486,0.3229,-0.0859,0.4377,-0.1827,0.3689,-0.6164,0.0196,-0.5847,-0.2122,-0.4382
0.5809,-0.0747,0.5608,-0.3359,0.9927,0.3486,0.3229,-0.0859,0.4377,-0.1827,0.3689,-0.6164,0.0196,-0.5847,-0.2122,-0.4382
0.5222,-0.0867,0.5297,-0.3591,0.9687,0.3404,0.3054,-0.1009,0.4041,-0.1987,0.3558,-0.6204,0.029,-0.5982,-0.2338,-0.4404
0.5222,-0.0867,0.5297,-0.3591,0.9687,0.3404,0.3054,-0.1009,0.4041,-0.1987,0.3558,-0.6204,0.029,-0.5982,-0.2338,-0.4404
0.5322,-0.1012,0.4983,-0.3138,0.9567,0.3362,0.2869,-0.0943,0.4041,-0.1987,0.3329,-0.6181,0.005,-0.5897,-0.2507,-0.441
0.5322,-0.1012,0.4983,-0.3138,0.9567,0.3362,0.2869,-0.0943,0.4041,-0.1987,0.3329,-0.6181,0.005,-0.5897,-0.2507,-0.441
0.4638,-0.0988,0.4673,-0.337,0.9327,0.328,0.263,-0.1,0.3961,-0.2516,0.3128,-0.6197,-0.0242,-0.5999,-0.2798,-0.4405
0.4638,-0.0988,0.4673,-0.337,0.9327,0.328,0.263,-0.1,0.3961,-0.2516,0.3128,-0.6197,-0.0242,-0.5999,-0.2798,-0.4405
0.4638,-0.0988,0.4673,-0.337,0.9327,0.328,0.263,-0.1,0.3961,-0.2516,0.3128,-0.6197,-0.0242,-0.5999,-0.2798,-0.4405
0.4444,-0.1028,0.4359,-0.2917,0.9055,0.346,0.251,-0.1028,0.3961,-0.2516,0.2971,-0.6199,-0.0482,-0.5914,-0.2936,-0.4454
0.4444,-0.1028,0.4359,-0.2917,0.9055,0.346,0.251,-0.1028,0.3961,-0.2516,0.2971,-0.6199,-0.0482,-0.5914,-0.2936,-0.4454
0.3956,-0.0964,0.4673,-0.337,0.8935,0.3418,0.2207,-0.0991,0.4297,-0.2357,0.2883,-0.6225,-0.0336,-0.5863,-0.3028,-0.4487
0.3956,-0.0964,0.4673,-0.337,0.8935,0.3418,0.2207,-0.0991,0.4297,-0.2357,0.2883,-0.6225,-0.0336,-0.5863,-0.3028,-0.4487
0.3863,-0.1148,0.4051,-0.315,0.862,0.3446,0.1904,-0.0954,0.3705,-0.2148,0.27,-0.6189,-0.0576,-0.5779,-0.3167,-0.4536
0.3863,-0.1148,0.4051,-0.315,0.862,0.3446,0.1904,-0.0954,0.3705,-0.2148,0.27,-0.6189,-0.0576,-0.5779,-0.3167,-0.4536
0.367,-0.1188,0.4051,-0.315,0.8502,0.3405,0.185,-0.1075,0.3115,-0.1939,0.2543,-0.6191,-0.0816,-0.5694,-0.3335,-0.4542
0.367,-0.1188,0.4051,-0.315,0.8502,0.3405,0.185,-0.1075,0.3115,-0.1939,0.2543,-0.6191,-0.0816,-0.5694,-0.3335,-0.4542
0.367,-0.1188,0.4051,-0.315,0.8502,0.3405,0.185,-0.1075,0.3115,-0.1939,0.2543,-0.6191,-0.0816,-0.5694,-0.3335,-0.4542
0.3278,-0.0942,0.4673,-0.337,0.8502,0.3405,0.1666,-0.101,0.2527,-0.1731,0.2386,-0.6193,-0.0961,-0.5745,-0.3502,-0.4548
0.3278,-0.0942,0.4673,-0.337,0.8502,0.3405,0.1666,-0.101,0.2527,-0.1731,0.2386,-0.6193,-0.0961,-0.5745,-0.3502,-0.4548
0.3086,-0.0982,0.4673,-0.337,0.8383,0.3363,0.1365,-0.0974,0.194,-0.1524,0.2273,-0.6182,-0.1106,-0.5796,-0.3776,-0.4484
0.2894,-0.1023,0.4673,-0.337,0.7993,0.3501,0.1246,-0.1002,0.161,-0.1685,0.2133,-0.6133,-0.1345,-0.5711,-0.3943,-0.4491
0.2894,-0.1023,0.4673,-0.337,0.7993,0.3501,0.1246,-0.1002,0.161,-0.1685,0.2133,-0.6133,-0.1345,-0.5711,-0.3943,-0.4491
0.2894,-0.1023,0.4673,-0.337,0.7993,0.3501,0.1246,-0.1002,0.161,-0.1685,0.2133,-0.6133,-0.1345,-0.5711,-0.3943,-0.4491
0.2702,-0.1063,0.4364,-0.3602,0.7756,0.3418,0.0945,-0.0966,0.161,-0.1685,0.1994,-0.6084,-0.149,-0.5762,-0.411,-0.4497
0.2702,-0.1063,0.4364,-0.3602,0.7756,0.3418,0.0945,-0.0966,0.161,-0.1685,0.1994,-0.6084,-0.149,-0.5762,-0.411,-0.4497
0.2511,-0.1103,0.3744,-0.3383,0.7638,0.3377,0.0763,-0.0901,0.161,-0.1685,0.1881,-0.6072,-0.149,-0.5762,-0.4277,-0.4503
0.2511,-0.1103,0.3744,-0.3383,0.7638,0.3377,0.0763,-0.0901,0.161,-0.1685,0.1881,-0.6072,-0.149,-0.5762,-0.4277,-0.4503
0.2511,-0.1103,0.3744,-0.3383,0.7638,0.3377,0.0763,-0.0901,0.161,-0.1685,0.1881,-0.6072,-0.149,-0.5762,-0.4277,-0.4503
0.2419,-0.1287,0.3125,-0.3164,0.752,0.3335,0.0463,-0.0865,0.161,-0.1685,0.1741,-0.6023,-0.1396,-0.5897,-0.4519,-0.4482
0.2419,-0.1287,0.3125,-0.3164,0.752,0.3335,0.0463,-0.0865,0.161,-0.1685,0.1741,-0.6023,-0.1396,-0.5897,-0.4519,-0.4482
0.1938,-0.1225,0.3125,-0.3164,0.7208,0.3362,0.0163,-0.083,0.161,-0.1685,0.1559,-0.5987,-0.1541,-0.5948,-0.4686,-0.4489
0.1938,-0.1225,0.3125,-0.3164,0.7208,0.3362,0.0163,-0.083,0.161,-0.1685,0.1559,-0.5987,-0.1541,-0.5948,-0.4686,-0.4489
0.1847,-0.1407,0.2508,-0.2946,0.7167,0.3211,-0.0071,-0.0886,0.1535,-0.2213,0.136,-0.6003,-0.1829,-0.605,-0.4897,-0.4511
0.1847,-0.1407,0.2508,-0.2946,0.7167,0.3211,-0.0071,-0.0886,0.1535,-0.2213,0.136,-0.6003,-0.1829,-0.605,-0.4897,-0.4511
0.1467,-0.1488,0.2508,-0.2946,0.6856,0.3238,-0.0306,-0.0943,0.1865,-0.2053,0.1151,-0.5929,-0.216,-0.5831,-0.5093,-0.4475
0.1467,-0.1488,0.2508,-0.2946,0.6856,0.3238,-0.0306,-0.0943,0.1865,-0.2053,0.1151,-0.5929,-0.216,-0.5831,-0.5093,-0.4475
0.0989,-0.1426,0.2205,-0.3179,0.6663,0.3306,-0.0604,-0.0908,0.0953,-0.2008,0.0953,-0.5945,-0.2448,-0.5933,-0.535,-0.4514
0.0989,-0.1426,0.2205,-0.3179,0.6663,0.3306,-0.0604,-0.0908,0.0953,-0.2008,0.0953,-0.5945,-0.2448,-0.5933,-0.535,-0.4514
0.0989,-0.1426,0.2205,-0.3179,0.6663,0.3306,-0.0604,-0.0908,0.0953,-0.2008,0.0953,-0.5945,-0.2448,-0.5933,-0.535,-0.4514
0.108,-0.1244,0.2205,-0.3179,0.6663,0.3306,-0.0487,-0.0879,0.1535,-0.2213,0.0857,-0.5883,-0.2541,-0.5798,-0.5575,-0.4434
0.108,-0.1244,0.2205,-0.3179,0.6663,0.3306,-0.0487,-0.0879,0.1535,-0.2213,0.0857,-0.5883,-0.2541,-0.5798,-0.5575,-0.4434
0.136,-0.102,0.2508,-0.2946,0.6897,0.3389,-0.037,-0.0851,0.1535,-0.2213,0.0917,-0.5818,-0.2635,-0.5663,-0.553,-0.4418
0.136,-0.102,0.2508,-0.2946,0.6897,0.3389,-0.037,-0.0851,0.1535,-0.2213,0.0917,-0.5818,-0.2635,-0.5663,-0.553,-0.4418
0.2213,-0.0674,0.3744,-0.3383,0.725,0.3514,0.0281,-0.0801,0.2119,-0.242,0.1218,-0.5723,-0.2398,-0.5747,-0.5378,-0.4309
0.2213,-0.0674,0.3744,-0.3383,0.725,0.3514,0.0281,-0.0801,0.2119,-0.242,0.1218,-0.5723,-0.2398,-0.5747,-0.5378,-0.4309
0.3264,-0.0284,0.4359,-0.2917,0.7916,0.3611,0.087,-0.0659,0.2119,-0.242,0.1624,-0.555,-0.211,-0.5645,-0.4986,-0.422
0.3264,-0.0284,0.4359,-0.2917,0.7916,0.3611,0.087,-0.0659,0.2119,-0.242,0.1624,-0.555,-0.211,-0.5645,-0.4986,-0.422
0.3264,-0.0284,0.4359,-0.2917,0.7916,0.3611,0.087,-0.0659,0.2119,-0.242,0.1624,-0.555,-0.211,-0.5645,-0.4986,-0.422
0.423,-0.008,0.4668,-0.2684,0.8509,0.382,0.1581,-0.0488,0.1865,-0.2053,0.2187,-0.5374,-0.1728,-0.5678,-0.4501,-0.4098
0.4908,0.023,0.592,-0.3126,0.8985,0.3987,0.2176,-0.0346,0.2195,-0.1892,0.2823,-0.5222,-0.1345,-0.5711,-0.3984,-0.4019
0.4908,0.023,0.592,-0.3126,0.8985,0.3987,0.2176,-0.0346,0.2195,-0.1892,0.2823,-0.5222,-0.1345,-0.5711,-0.3984,-0.4019
0.4908,0.023,0.592,-0.3126,0.8985,0.3987,0.2176,-0.0346,0.2195,-0.1892,0.2823,-0.5222,-0.1345,-0.5711,-0.3984,-0.4019
0.5792,0.0248,0.6233,-0.2893,0.9344,0.4112,0.2655,-0.0232,0.2782,-0.21,0.3375,-0.5097,-0.12,-0.566,-0.3496,-0.3896
0.5792,0.0248,0.6233,-0.2893,0.9344,0.4112,0.2655,-0.0232,0.2782,-0.21,0.3375,-0.5097,-0.12,-0.566,-0.3496,-0.3896
0.5886,0.0436,0.6549,-0.3348,0.9661,0.4084,0.2894,-0.0175,0.3115,-0.1939,0.377,-0.4975,-0.1055,-0.5609,-0.3097,-0.3807
0.5886,0.0436,0.6549,-0.3348,0.9661,0.4084,0.2894,-0.0175,0.3115,-0.1939,0.377,-0.4975,-0.1055,-0.5609,-0.3097,-0.3807
0.5886,0.0436,0.6549,-0.3348,0.9661,0.4084,0.2894,-0.0175,0.3115,-0.1939,0.377,-0.4975,-0.1055,-0.5609,-0.3097,-0.3807
0.6382,0.0371,0.6864,-0.3116,0.9781,0.4126,0.3135,-0.0118,0.3115,-0.1939,0.4034,-0.4893,-0.091,-0.5558,-0.279,-0.3751
0.6382,0.0371,0.6864,-0.3116,0.9781,0.4126,0.3135,-0.0118,0.3115,-0.1939,0.4034,-0.4893,-0.091,-0.5558,-0.279,-0.3751
0.6579,0.0412,0.6864,-0.3116,1.0099,0.4098,0.3255,-0.0089,0.3115,-0.1939,0.4193,-0.4891,-0.091,-0.5558,-0.2575,-0.3728
0.6579,0.0412,0.6864,-0.3116,1.0099,0.4098,0.3255,-0.0089,0.3115,-0.1939,0.4193,-0.4891,-0.091,-0.5558,-0.2575,-0.3728
0.6681,0.0265,0.6864,-0.3116,1.0099,0.4098,0.3375,-0.0061,0.2782,-0.21,0.4247,-0.4968,-0.1055,-0.5609,-0.2499,-0.3755
0.6681,0.0265,0.6864,-0.3116,1.0099,0.4098,0.3375,-0.0061,0.2782,-0.21,0.4247,-0.4968,-0.1055,-0.5609,-0.2499,-0.3755
0.6382,0.0371,0.6233,-0.2893,0.9978,0.4056,0.3375,-0.0061,0.3115,-0.1939,0.4203,-0.4982,-0.0816,-0.5694,-0.2452,-0.3739
0.6382,0.0371,0.6233,-0.2893,0.9978,0.4056,0.3375,-0.0061,0.3115,-0.1939,0.4203,-0.4982,-0.0816,-0.5694,-0.2452,-0.3739
0.6185,0.033,0.6233,-0.2893,0.9781,0.4126,0.3255,-0.0089,0.2859,-0.157,0.4097,-0.5061,-0.0722,-0.5829,-0.2575,-0.3728
0.6185,0.033,0.6233,-0.2893,0.9781,0.4126,0.3255,-0.0089,0.2859,-0.157,0.4097,-0.5061,-0.0722,-0.5829,-0.2575,-0.3728
0.6089,0.0143,0.6233,-0.2893,0.9661,0.4084,0.3135,-0.0118,0.2859,-0.157,0.3948,-0.5154,-0.0961,-0.5745,-0.2637,-0.3805
0.6089,0.0143,0.6233,-0.2893,0.9661,0.4084,0.3135,-0.0118,0.2859,-0.157,0.3948,-0.5154,-0.0961,-0.5745,-0.2637,-0.3805
0.6089,0.0143,0.6233,-0.2893,0.9661,0.4084,0.3135,-0.0118,0.2859,-0.157,0.3948,-0.5154,-0.0961,-0.5745,-0.2637,-0.3805
0.5697,0.0061,0.6235,-0.358,0.9224,0.407,0.2774,-0.0204,0.2859,-0.157,0.3799,-0.5247,-0.0867,-0.588,-0.2776,-0.3855
0.5697,0.0061,0.6235,-0.358,0.9224,0.407,0.2774,-0.0204,0.2859,-0.157,0.3799,-0.5247,-0.0867,-0.588,-0.2776,-0.3855
0.5204,0.0125,0.5608,-0.3359,0.9105,0.4028,0.2655,-0.0232,0.2527,-0.1731,0.3579,-0.5315,-0.0867,-0.588,-0.3021,-0.3834
0.5204,0.0125,0.5608,-0.3359,0.9105,0.4028,0.2655,-0.0232,0.2527,-0.1731,0.3579,-0.5315,-0.0867,-0.588,-0.3021,-0.3834
0.5204,0.0125,0.592,-0.3126,0.9105,0.4028,0.2905,-0.0391,0.2527,-0.1731,0.3333,-0.5344,-0.0867,-0.588,-0.3083,-0.3911
0.5204,0.0125,0.592,-0.3126,0.9105,0.4028,0.2905,-0.0391,0.2527,-0.1731,0.3333,-0.5344,-0.0867,-0.588,-0.3083,-0.3911
0.5204,0.0125,0.592,-0.3126,0.9105,0.4028,0.2905,-0.0391,0.2527,-0.1731,0.3333,-0.5344,-0.0867,-0.588,-0.3083,-0.3911
0.5009,0.0084,0.5293,-0.2905,0.9182,0.3917,0.272,-0.0326,0.245,-0.226,0.3087,-0.5373,-0.1396,-0.5897,-0.3297,-0.3934
0.5009,0.0084,0.5293,-0.2905,0.9182,0.3917,0.272,-0.0326,0.245,-0.226,0.3087,-0.5373,-0.1396,-0.5897,-0.3297,-0.3934
0.4914,-0.0102,0.5293,-0.2905,0.9062,0.3875,0.26,-0.0354,0.1865,-0.2053,0.2913,-0.5428,-0.1634,-0.5813,-0.3435,-0.3983
0.4914,-0.0102,0.5293,-0.2905,0.9062,0.3875,0.26,-0.0354,0.1865,-0.2053,0.2913,-0.5428,-0.1634,-0.5813,-0.3435,-0.3983
0.472,-0.0143,0.4668,-0.2684,0.8943,0.3834,0.248,-0.0383,0.2195,-0.1892,0.2755,-0.543,-0.1728,-0.5678,-0.3481,-0.4
0.4525,-0.0184,0.4668,-0.2684,0.8824,0.3792,0.2176,-0.0346,0.2195,-0.1892,0.2624,-0.547,-0.1872,-0.5729,-0.3649,-0.4006
0.4525,-0.0184,0.4668,-0.2684,0.8824,0.3792,0.2176,-0.0346,0.2195,-0.1892,0.2624,-0.547,-0.1872,-0.5729,-0.3649,-0.4006
0.4525,-0.0184,0.4668,-0.2684,0.8824,0.3792,0.2176,-0.0346,0.2195,-0.1892,0.2624,-0.547,-0.1872,-0.5729,-0.3649,-0.4006
0.4036,-0.0121,0.4983,-0.3138,0.8509,0.382,0.1938,-0.0403,0.161,-0.1685,0.2407,-0.5538,-0.2254,-0.5696,-0.3863,-0.4029
0.4036,-0.0121,0.4983,-0.3138,0.8509,0.382,0.1938,-0.0403,0.161,-0.1685,0.2407,-0.5538,-0.2254,-0.5696,-0.3863,-0.4029
0.4036,-0.0121,0.4983,-0.3138,0.8509,0.382,0.1938,-0.0403,0.161,-0.1685,0.2407,-0.5538,-0.2254,-0.5696,-0.3863,-0.4029
0.3943,-0.0306,0.4359,-0.2917,0.839,0.3778,0.1819,-0.0431,0.1281,-0.1847,0.2206,-0.5554,-0.2398,-0.5747,-0.4,-0.4079
0.3943,-0.0306,0.4359,-0.2917,0.839,0.3778,0.1819,-0.0431,0.1281,-0.1847,0.2206,-0.5554,-0.2398,-0.5747,-0.4,-0.4079
0.3456,-0.0243,0.4359,-0.2917,0.8272,0.3736,0.1516,-0.0395,0.1281,-0.1847,0.2033,-0.5608,-0.2635,-0.5663,-0.4137,-0.4128
0.3364,-0.0429,0.4051,-0.315,0.7958,0.3764,0.1462,-0.0517,0.0953,-0.2008,0.1833,-0.5624,-0.2778,-0.5714,-0.435,-0.4151
0.3364,-0.0429,0.4051,-0.315,0.7958,0.3764,0.1462,-0.0517,0.0953,-0.2008,0.1833,-0.5624,-0.2778,-0.5714,-0.435,-0.4151
0.3364,-0.0429,0.4051,-0.315,0.7958,0.3764,0.1462,-0.0517,0.0953,-0.2008,0.1833,-0.5624,-0.2778,-0.5714,-0.435,-0.4151
0.2979,-0.051,0.4051,-0.315,0.784,0.3722,0.1161,-0.0481,0.0953,-0.2008,0.1607,-0.5602,-0.2685,-0.5849,-0.4592,-0.4131
0.2979,-0.051,0.4051,-0.315,0.784,0.3722,0.1161,-0.0481,0.0953,-0.2008,0.1607,-0.5602,-0.2685,-0.5849,-0.4592,-0.4131
0.2979,-0.051,0.4051,-0.315,0.784,0.3722,0.1161,-0.0481,0.0953,-0.2008,0.1607,-0.5602,-0.2685,-0.5849,-0.4592,-0.4131
0.2787,-0.0551,0.4364,-0.3602,0.7721,0.368,0.0741,-0.0473,0.0699,-0.1641,0.1451,-0.5604,-0.2685,-0.5849,-0.4683,-0.4164
0.2787,-0.0551,0.4364,-0.3602,0.7721,0.368,0.0741,-0.0473,0.0699,-0.1641,0.1451,-0.5604,-0.2685,-0.5849,-0.4683,-0.4164
0.2304,-0.0489,0.4364,-0.3602,0.7409,0.3707,0.0623,-0.0501,0.0699,-0.1641,0.1295,-0.5607,-0.2828,-0.59,-0.482,-0.4213
0.2304,-0.0489,0.4364,-0.3602,0.7409,0.3707,0.0623,-0.0501,0.0699,-0.1641,0.1295,-0.5607,-0.2828,-0.59,-0.482,-0.4213
0.2213,-0.0674,0.3744,-0.3383,0.7291,0.3666,0.0388,-0.0559,0.0699,-0.1641,0.1113,-0.5571,-0.2735,-0.6034,-0.4986,-0.422
0.1732,-0.0612,0.3125,-0.3164,0.7173,0.3624,0.027,-0.0587,0.0372,-0.1802,0.0888,-0.5549,-0.2971,-0.5951,-0.5152,-0.4226
0.1732,-0.0612,0.3125,-0.3164,0.7173,0.3624,0.027,-0.0587,0.0372,-0.1802,0.0888,-0.5549,-0.2971,-0.5951,-0.5152,-0.4226
0.1732,-0.0612,0.3125,-0.3164,0.7173,0.3624,0.027,-0.0587,0.0372,-0.1802,0.0888,-0.5549,-0.2971,-0.5951,-0.5152,-0.4226
0.1542,-0.0653,0.3125,-0.3164,0.7056,0.3582,0.0152,-0.0616,0.0372,-0.1802,0.0775,-0.5538,-0.3114,-0.6002,-0.5318,-0.4233
0.1542,-0.0653,0.3125,-0.3164,0.7056,0.3582,0.0152,-0.0616,0.0372,-0.1802,0.0775,-0.5538,-0.3114,-0.6002,-0.5318,-0.4233
0.1542,-0.0653,0.3431,-0.2931,0.6979,0.3692,-0.0029,-0.0551,0.0046,-0.1963,0.0663,-0.5527,-0.335,-0.5918,-0.5559,-0.4213
0.1542,-0.0653,0.3431,-0.2931,0.6979,0.3692,-0.0029,-0.0551,0.0046,-0.1963,0.0663,-0.5527,-0.335,-0.5918,-0.5559,-0.4213
0.1542,-0.0653,0.3431,-0.2931,0.6979,0.3692,-0.0029,-0.0551,0.0046,-0.1963,0.0663,-0.5527,-0.335,-0.5918,-0.5559,-0.4213
0.1063,-0.0592,0.2812,-0.2713,0.6668,0.3719,-0.0147,-0.058,-0.0279,-0.2124,0.0438,-0.5505,-0.3728,-0.5886,-0.5769,-0.4236
0.1063,-0.0592,0.2812,-0.2713,0.6668,0.3719,-0.0147,-0.058,-0.0279,-0.2124,0.0438,-0.5505,-0.3728,-0.5886,-0.5769,-0.4236
0.0585,-0.0531,0.2812,-0.2713,0.6551,0.3677,-0.0445,-0.0544,-0.0855,-0.192,0.0326,-0.5494,-0.3963,-0.5803,-0.6009,-0.4216
0.0585,-0.0531,0.2812,-0.2713,0.6551,0.3677,-0.0445,-0.0544,-0.0855,-0.192,0.0326,-0.5494,-0.3963,-0.5803,-0.6009,-0.4216
0.0307,-0.0756,0.2508,-0.2946,0.6124,0.3662,-0.086,-0.0538,-0.0855,-0.192,0.0145,-0.5459,-0.4105,-0.5854,-0.6174,-0.4223
0.0307,-0.0756,0.2508,-0.2946,0.6124,0.3662,-0.086,-0.0538,-0.0855,-0.192,0.0145,-0.5459,-0.4105,-0.5854,-0.6174,-0.4223
0.0307,-0.0756,0.2508,-0.2946,0.6124,0.3662,-0.086,-0.0538,-0.0855,-0.192,0.0145,-0.5459,-0.4105,-0.5854,-0.6174,-0.4223
0.0119,-0.0797,0.1892,-0.2729,0.6007,0.3621,-0.1093,-0.0595,-0.0855,-0.192,0.0033,-0.5448,-0.4105,-0.5854,-0.6339,-0.4229
0.0119,-0.0797,0.1892,-0.2729,0.6007,0.3621,-0.1093,-0.0595,-0.0855,-0.192,0.0033,-0.5448,-0.4105,-0.5854,-0.6339,-0.4229
-0.0069,-0.0838,0.1892,-0.2729,0.5698,0.3647,-0.139,-0.056,-0.0532,-0.1759,-0.0105,-0.5399,-0.4339,-0.5771,-0.6533,-0.4193
-0.0069,-0.0838,0.1892,-0.2729,0.5698,0.3647,-0.139,-0.056,-0.0532,-0.1759,-0.0105,-0.5399,-0.4339,-0.5771,-0.6533,-0.4193
-0.0355,-0.0737,0.1892,-0.2729,0.5698,0.3647,-0.157,-0.0496,0.0299,-0.2328,-0.0286,-0.5364,-0.4481,-0.5822,-0.6697,-0.42
-0.0444,-0.092,0.1279,-0.2512,0.5466,0.3563,-0.1802,-0.0554,-0.0603,-0.2284,-0.044,-0.5367,-0.4529,-0.6007,-0.6936,-0.418
-0.0444,-0.092,0.1279,-0.2512,0.5466,0.3563,-0.1802,-0.0554,-0.0603,-0.2284,-0.044,-0.5367,-0.4529,-0.6007,-0.6936,-0.418
-0.0444,-0.092,0.1279,-0.2512,0.5466,0.3563,-0.1802,-0.0554,-0.0603,-0.2284,-0.044,-0.5367,-0.4529,-0.6007,-0.6936,-0.418
-0.0355,-0.0737,0.1279,-0.2512,0.5582,0.3605,-0.175,-0.0433,-0.0351,-0.2648,-0.0535,-0.5305,-0.4763,-0.5925,-0.7055,-0.4171
-0.0355,-0.0737,0.1279,-0.2512,0.5582,0.3605,-0.175,-0.0433,-0.0351,-0.2648,-0.0535,-0.5305,-0.4763,-0.5925,-0.7055,-0.4171
-0.0355,-0.0737,0.1279,-0.2512,0.5582,0.3605,-0.175,-0.0433,-0.0351,-0.2648,-0.0535,-0.5305,-0.4763,-0.5925,-0.7055,-0.4171
0.0397,-0.0572,0.0966,-0.206,0.5739,0.3798,-0.1402,-0.0346,-0.0926,-0.2444,-0.0434,-0.5226,-0.4622,-0.5874,-0.6996,-0.4095
0.0397,-0.0572,0.0966,-0.206,0.5739,0.3798,-0.1402,-0.0346,-0.0926,-0.2444,-0.0434,-0.5226,-0.4622,-0.5874,-0.6996,-0.4095
0.1153,-0.0407,0.2195,-0.2495,0.6281,0.3856,-0.0755,-0.0295,-0.0603,-0.2284,-0.005,-0.5103,-0.4339,-0.5771,-0.6727,-0.3995
0.2105,-0.0201,0.2498,-0.226,0.6944,0.3955,-0.017,-0.0151,-0.0855,-0.192,0.0352,-0.4928,-0.3963,-0.5803,-0.6263,-0.3931
0.2105,-0.0201,0.2498,-0.226,0.6944,0.3955,-0.017,-0.0151,-0.0855,-0.192,0.0352,-0.4928,-0.3963,-0.5803,-0.6263,-0.3931
0.2105,-0.0201,0.2498,-0.226,0.6944,0.3955,-0.017,-0.0151,-0.0855,-0.192,0.0352,-0.4928,-0.3963,-0.5803,-0.6263,-0.3931
0.2771,0.0108,0.3422,-0.2243,0.7491,0.4012,0.0418,-0.0007,-0.0279,-0.2124,0.0937,-0.4787,-0.3821,-0.5752,-0.5753,-0.3851
0.2771,0.0108,0.3422,-0.2243,0.7491,0.4012,0.0418,-0.0007,-0.0279,-0.2124,0.0937,-0.4787,-0.3821,-0.5752,-0.5753,-0.3851
0.3248,0.0377,0.3728,-0.2008,0.7846,0.4138,0.0891,0.0108,0.0046,-0.1963,0.1342,-0.4611,-0.3536,-0.565,-0.5361,-0.3761
0.3248,0.0377,0.3728,-0.2008,0.7846,0.4138,0.0891,0.0108,0.0046,-0.1963,0.1342,-0.4611,-0.3536,-0.565,-0.5361,-0.3761
0.3735,0.0315,0.4044,-0.2463,0.7964,0.418,0.1127,0.0166,0.0299,-0.2328,0.1784,-0.4564,-0.3394,-0.5599,-0.5043,-0.3644
0.3735,0.0315,0.4044,-0.2463,0.7964,0.418,0.1127,0.0166,0.0299,-0.2328,0.1784,-0.4564,-0.3394,-0.5599,-0.5043,-0.3644
0.3735,0.0315,0.4044,-0.2463,0.7964,0.418,0.1127,0.0166,0.0299,-0.2328,0.1784,-0.4564,-0.3394,-0.5599,-0.5043,-0.3644
0.4316,0.0439,0.4035,-0.1771,0.8397,0.4195,0.1483,0.0253,0.0626,-0.2168,0.2045,-0.4482,-0.3251,-0.5547,-0.4786,-0.3604
0.4316,0.0439,0.4035,-0.1771,0.8397,0.4195,0.1483,0.0253,0.0626,-0.2168,0.2045,-0.4482,-0.3251,-0.5547,-0.4786,-0.3604
0.4215,0.0585,0.4661,-0.1992,0.8397,0.4195,0.1602,0.0282,0.0626,-0.2168,0.2202,-0.4479,-0.3251,-0.5547,-0.4649,-0.3554
0.4215,0.0585,0.4661,-0.1992,0.8397,0.4195,0.1602,0.0282,0.0626,-0.2168,0.2202,-0.4479,-0.3251,-0.5547,-0.4649,-0.3554
0.4215,0.0585,0.4977,-0.2449,0.8474,0.4083,0.1602,0.0282,0.0626,-0.2168,0.2175,-0.4441,-0.3487,-0.5464,-0.4528,-0.3564
0.4215,0.0585,0.4977,-0.2449,0.8474,0.4083,0.1602,0.0282,0.0626,-0.2168,0.2175,-0.4441,-0.3487,-0.5464,-0.4528,-0.3564
0.4021,0.0543,0.4977,-0.2449,0.8474,0.4083,0.1667,0.0188,0.0046,-0.1963,0.2045,-0.4482,-0.3536,-0.565,-0.4619,-0.3598
0.4021,0.0543,0.4977,-0.2449,0.8474,0.4083,0.1667,0.0188,0.0046,-0.1963,0.2045,-0.4482,-0.3536,-0.565,-0.4619,-0.3598
0.4021,0.0543,0.4977,-0.2449,0.8474,0.4083,0.1667,0.0188,0.0046,-0.1963,0.2045,-0.4482,-0.3536,-0.565,-0.4619,-0.3598
0.4021,0.0543,0.4661,-0.1992,0.8397,0.4195,0.1667,0.0188,0.0046,-0.1963,0.1941,-0.4562,-0.3536,-0.565,-0.4741,-0.3588
0.4021,0.0543,0.4661,-0.1992,0.8397,0.4195,0.1667,0.0188,0.0046,-0.1963,0.1941,-0.4562,-0.3536,-0.565,-0.4741,-0.3588
0.3634,0.046,0.4977,-0.2449,0.8083,0.4222,0.1548,0.0159,-0.0855,-0.192,0.1724,-0.4631,-0.3821,-0.5752,-0.4952,-0.3611
0.3634,0.046,0.4977,-0.2449,0.8083,0.4222,0.1548,0.0159,-0.0855,-0.192,0.1724,-0.4631,-0.3821,-0.5752,-0.4952,-0.3611
0.3541,0.0273,0.4352,-0.2228,0.7964,0.418,0.1495,0.0036,-0.0279,-0.2124,0.1525,-0.4647,-0.3821,-0.5752,-0.4968,-0.3671
0.3541,0.0273,0.4352,-0.2228,0.7964,0.418,0.1495,0.0036,-0.0279,-0.2124,0.1525,-0.4647,-0.3821,-0.5752,-0.4968,-0.3671
0.3348,0.0232,0.4352,-0.2228,0.7846,0.4138,0.1192,0.0072,-0.0279,-0.2124,0.1352,-0.4702,-0.3963,-0.5803,-0.5134,-0.3678
0.3348,0.0232,0.4352,-0.2228,0.7846,0.4138,0.1192,0.0072,-0.0279,-0.2124,0.1352,-0.4702,-0.3963,-0.5803,-0.5134,-0.3678
0.3348,0.0232,0.4352,-0.2228,0.7846,0.4138,0.1192,0.0072,-0.0279,-0.2124,0.1352,-0.4702,-0.3963,-0.5803,-0.5134,-0.3678
0.2963,0.0149,0.3422,-0.2243,0.7609,0.4054,0.0955,0.0015,-0.0279,-0.2124,0.1249,-0.4782,-0.3963,-0.5803,-0.53,-0.3685
0.2963,0.0149,0.3422,-0.2243,0.7609,0.4054,0.0955,0.0015,-0.0279,-0.2124,0.1249,-0.4782,-0.3963,-0.5803,-0.53,-0.3685
0.2771,0.0108,0.3422,-0.2243,0.7415,0.4123,0.0837,-0.0014,-0.0855,-0.192,0.1119,-0.4823,-0.387,-0.5937,-0.5391,-0.3718
0.2771,0.0108,0.3422,-0.2243,0.7415,0.4123,0.0837,-0.0014,-0.0855,-0.192,0.1119,-0.4823,-0.387,-0.5937,-0.5391,-0.3718
0.2771,0.0108,0.3728,-0.2008,0.7609,0.4054,0.0837,-0.0014,-0.0855,-0.192,0.092,-0.4839,-0.4012,-0.5988,-0.5527,-0.3768
0.2771,0.0108,0.3728,-0.2008,0.7609,0.4054,0.0837,-0.0014,-0.0855,-0.192,0.092,-0.4839,-0.4012,-0.5988,-0.5527,-0.3768
0.2387,0.0025,0.3737,-0.2698,0.7373,0.397,0.0666,-0.0165,-0.0855,-0.192,0.0765,-0.4842,-0.4246,-0.5905,-0.5617,-0.3801
0.2387,0.0025,0.3737,-0.2698,0.7373,0.397,0.0666,-0.0165,-0.0855,-0.192,0.0765,-0.4842,-0.4246,-0.5905,-0.5617,-0.3801
0.2196,-0.0016,0.3116,-0.2478,0.7179,0.4039,0.0365,-0.0129,-0.0603,-0.2284,0.0566,-0.4859,-0.4154,-0.6039,-0.5783,-0.3808
0.2196,-0.0016,0.3116,-0.2478,0.7179,0.4039,0.0365,-0.0129,-0.0603,-0.2284,0.0566,-0.4859,-0.4154,-0.6039,-0.5783,-0.3808
0.2196,-0.0016,0.3116,-0.2478,0.7179,0.4039,0.0365,-0.0129,-0.0603,-0.2284,0.0566,-0.4859,-0.4154,-0.6039,-0.5783,-0.3808
0.1714,0.0045,0.3116,-0.2478,0.7061,0.3997,0.013,-0.0187,-0.1178,-0.2081,0.0368,-0.4876,-0.4388,-0.5956,-0.5918,-0.3858
0.1714,0.0045,0.3116,-0.2478,0.7061,0.3997,0.013,-0.0187,-0.1178,-0.2081,0.0368,-0.4876,-0.4388,-0.5956,-0.5918,-0.3858
0.1524,0.0004,0.2812,-0.2713,0.702,0.3845,-0.0287,-0.018,-0.1178,-0.2081,0.017,-0.4892,-0.4295,-0.609,-0.6158,-0.3838
0.1524,0.0004,0.2812,-0.2713,0.702,0.3845,-0.0287,-0.018,-0.1178,-0.2081,0.017,-0.4892,-0.4295,-0.609,-0.6158,-0.3838
0.1433,-0.0181,0.2812,-0.2713,0.6826,0.3913,-0.0586,-0.0145,-0.1178,-0.2081,-0.0027,-0.4909,-0.4529,-0.6007,-0.6323,-0.3845
0.1433,-0.0181,0.2812,-0.2713,0.6826,0.3913,-0.0586,-0.0145,-0.1178,-0.2081,-0.0027,-0.4909,-0.4529,-0.6007,-0.6323,-0.3845
0.1433,-0.0181,0.2812,-0.2713,0.6826,0.3913,-0.0586,-0.0145,-0.1178,-0.2081,-0.0027,-0.4909,-0.4529,-0.6007,-0.6323,-0.3845
0.0954,-0.0121,0.2812,-0.2713,0.6592,0.3829,-0.082,-0.0202,-0.1178,-0.2081,-0.0182,-0.4912,-0.4671,-0.6058,-0.6562,-0.3826
0.0954,-0.0121,0.2812,-0.2713,0.6592,0.3829,-0.082,-0.0202,-0.1178,-0.2081,-0.0182,-0.4912,-0.4671,-0.6058,-0.6562,-0.3826
0.0576,-0.0203,0.2812,-0.2713,0.6475,0.3788,-0.1117,-0.0167,-0.15,-0.2242,-0.0379,-0.4929,-0.4904,-0.5976,-0.6697,-0.3876
0.0576,-0.0203,0.2812,-0.2713,0.6475,0.3788,-0.1117,-0.0167,-0.15,-0.2242,-0.0379,-0.4929,-0.4904,-0.5976,-0.6697,-0.3876
0.0099,-0.0143,0.2508,-0.2946,0.6165,0.3814,-0.1169,-0.0289,-0.15,-0.2242,-0.0464,-0.4956,-0.5371,-0.5811,-0.6906,-0.3899
0.0099,-0.0143,0.2508,-0.2946,0.6165,0.3814,-0.1169,-0.0289,-0.15,-0.2242,-0.0464,-0.4956,-0.5371,-0.5811,-0.6906,-0.3899
-0.0376,-0.0083,0.2508,-0.2946,0.5855,0.384,-0.1466,-0.0254,-0.15,-0.2242,-0.0603,-0.4907,-0.5138,-0.5893,-0.71,-0.3863
-0.0376,-0.0083,0.2508,-0.2946,0.5855,0.384,-0.1466,-0.0254,-0.15,-0.2242,-0.0603,-0.4907,-0.5138,-0.5893,-0.71,-0.3863
-0.0464,-0.0268,0.2508,-0.2946,0.5546,0.3866,-0.1763,-0.0219,-0.1821,-0.2402,-0.0757,-0.4911,-0.5511,-0.5862,-0.7308,-0.3887
-0.0464,-0.0268,0.2508,-0.2946,0.5546,0.3866,-0.1763,-0.0219,-0.1821,-0.2402,-0.0757,-0.4911,-0.5511,-0.5862,-0.7308,-0.3887
-0.0464,-0.0268,0.2508,-0.2946,0.5546,0.3866,-0.1763,-0.0219,-0.1821,-0.2402,-0.0757,-0.4911,-0.5511,-0.5862,-0.7308,-0.3887
-0.0839,-0.0351,0.1591,-0.2962,0.5314,0.3783,-0.1994,-0.0277,-0.1821,-0.2402,-0.0937,-0.4876,-0.5651,-0.5913,-0.7472,-0.3894
-0.0839,-0.0351,0.1591,-0.2962,0.5314,0.3783,-0.1994,-0.0277,-0.1821,-0.2402,-0.0937,-0.4876,-0.5651,-0.5913,-0.7472,-0.3894
-0.1124,-0.025,0.2205,-0.3179,0.5314,0.3783,-0.1994,-0.0277,-0.2392,-0.22,-0.1117,-0.4841,-0.5651,-0.5913,-0.7591,-0.3884
-0.1124,-0.025,0.2205,-0.3179,0.5314,0.3783,-0.1994,-0.0277,-0.2392,-0.22,-0.1117,-0.4841,-0.5651,-0.5913,-0.7591,-0.3884
-0.1311,-0.0292,0.1591,-0.2962,0.5006,0.3809,-0.211,-0.0306,-0.2961,-0.1999,-0.1366,-0.4782,-0.5792,-0.5964,-0.7754,-0.3891
-0.1311,-0.0292,0.1591,-0.2962,0.5006,0.3809,-0.211,-0.0306,-0.2961,-0.1999,-0.1366,-0.4782,-0.5792,-0.5964,-0.7754,-0.3891
-0.1497,-0.0333,0.1591,-0.2962,0.489,0.3767,-0.2405,-0.0271,-0.271,-0.2361,-0.1519,-0.4785,-0.6163,-0.5933,-0.7917,-0.3899
-0.1497,-0.0333,0.1591,-0.2962,0.489,0.3767,-0.2405,-0.0271,-0.271,-0.2361,-0.1519,-0.4785,-0.6163,-0.5933,-0.7917,-0.3899
-0.1497,-0.0333,0.1591,-0.2962,0.489,0.3767,-0.2405,-0.0271,-0.271,-0.2361,-0.1519,-0.4785,-0.6163,-0.5933,-0.7917,-0.3899
-0.1868,-0.0417,0.0979,-0.2746,0.4583,0.3792,-0.27,-0.0237,-0.3278,-0.216,-0.1699,-0.475,-0.6303,-0.5984,-0.8154,-0.388
-0.1868,-0.0417,0.0979,-0.2746,0.4583,0.3792,-0.27,-0.0237,-0.3278,-0.216,-0.1699,-0.475,-0.6303,-0.5984,-0.8154,-0.388
-0.1868,-0.0417,0.1279,-0.2512,0.4583,0.3792,-0.2879,-0.0173,-0.3278,-0.216,-0.1878,-0.4716,-0.6303,-0.5984,-0.8287,-0.393
-0.1868,-0.0417,0.1279,-0.2512,0.4583,0.3792,-0.2879,-0.0173,-0.3278,-0.216,-0.1878,-0.4716,-0.6303,-0.5984,-0.8287,-0.393
-0.2054,-0.0458,0.0979,-0.2746,0.4353,0.3709,-0.3109,-0.0231,-0.3278,-0.216,-0.2031,-0.4719,-0.6534,-0.5902,-0.8523,-0.3911
-0.2054,-0.0458,0.0979,-0.2746,0.4353,0.3709,-0.3109,-0.0231,-0.3278,-0.216,-0.2031,-0.4719,-0.6534,-0.5902,-0.8523,-0.3911
-0.2337,-0.0358,0.0979,-0.2746,0.4162,0.3776,-0.3288,-0.0168,-0.3278,-0.216,-0.2141,-0.4709,-0.6442,-0.6035,-0.8759,-0.3892
-0.2337,-0.0358,0.0979,-0.2746,0.4162,0.3776,-0.3288,-0.0168,-0.3278,-0.216,-0.2141,-0.4709,-0.6442,-0.6035,-0.8759,-0.3892
-0.2251,-0.0174,0.1279,-0.2512,0.4277,0.3818,-0.3173,-0.0139,-0.3595,-0.2321,-0.2236,-0.4646,-0.6674,-0.5954,-0.8907,-0.384
-0.2251,-0.0174,0.1279,-0.2512,0.4277,0.3818,-0.3173,-0.0139,-0.3595,-0.2321,-0.2236,-0.4646,-0.6674,-0.5954,-0.8907,-0.384
-0.2251,-0.0174,0.1279,-0.2512,0.4277,0.3818,-0.3173,-0.0139,-0.3595,-0.2321,-0.2236,-0.4646,-0.6674,-0.5954,-0.8907,-0.384
-0.1409,-0.0149,0.1892,-0.2729,0.4699,0.3834,-0.2585,-0.0208,-0.3028,-0.2521,-0.2136,-0.4567,-0.6674,-0.5954,-0.8819,-0.3806
-0.1409,-0.0149,0.1892,-0.2729,0.4699,0.3834,-0.2585,-0.0208,-0.3028,-0.2521,-0.2136,-0.4567,-0.6674,-0.5954,-0.8819,-0.3806
-0.0949,0.0119,0.1892,-0.2729,0.5046,0.396,-0.2303,-0.0028,-0.3028,-0.2521,-0.1757,-0.4442,-0.6627,-0.5769,-0.8554,-0.3706
-0.0949,0.0119,0.1892,-0.2729,0.5046,0.396,-0.2303,-0.0028,-0.3028,-0.2521,-0.1757,-0.4442,-0.6627,-0.5769,-0.8554,-0.3706
0.0277,0.0227,0.2812,-0.2713,0.5702,0.4061,-0.1543,0.0053,-0.3028,-0.2521,-0.1249,-0.4275,-0.6256,-0.58,-0.8125,-0.3598
0.0277,0.0227,0.2812,-0.2713,0.5702,0.4061,-0.1543,0.0053,-0.3028,-0.2521,-0.1249,-0.4275,-0.6256,-0.58,-0.8125,-0.3598
0.1224,0.0436,0.2801,-0.2024,0.6169,0.4229,-0.0961,0.0199,-0.271,-0.2361,-0.0697,-0.4094,-0.5744,-0.578,-0.7621,-0.3517
0.1224,0.0436,0.2801,-0.2024,0.6169,0.4229,-0.0961,0.0199,-0.271,-0.2361,-0.0697,-0.4094,-0.5744,-0.578,-0.7621,-0.3517
0.1986,0.0604,0.3106,-0.1788,0.6714,0.4287,-0.0376,0.0344,-0.2324,-0.1676,-0.0046,-0.3976,-0.523,-0.576,-0.7145,-0.3392
0.1986,0.0604,0.3106,-0.1788,0.6714,0.4287,-0.0376,0.0344,-0.2324,-0.1676,-0.0046,-0.3976,-0.523,-0.576,-0.7145,-0.3392
0.1986,0.0604,0.3106,-0.1788,0.6714,0.4287,-0.0376,0.0344,-0.2324,-0.1676,-0.0046,-0.3976,-0.523,-0.576,-0.7145,-0.3392
0.2369,0.0688,0.3728,-0.2008,0.6949,0.4371,-0.0206,0.0496,-0.2072,-0.204,0.034,-0.385,-0.4997,-0.5842,-0.6802,-0.3317
0.2369,0.0688,0.3728,-0.2008,0.6949,0.4371,-0.0206,0.0496,-0.2072,-0.204,0.034,-0.385,-0.4997,-0.5842,-0.6802,-0.3317
0.2945,0.0813,0.3411,-0.1551,0.7379,0.4387,0.0029,0.0554,-0.2072,-0.204,0.0667,-0.3791,-0.4856,-0.5791,-0.6503,-0.326
0.2945,0.0813,0.3411,-0.1551,0.7379,0.4387,0.0029,0.0554,-0.2072,-0.204,0.0667,-0.3791,-0.4856,-0.5791,-0.6503,-0.326
0.2844,0.0959,0.4035,-0.1771,0.7497,0.4429,0.0265,0.0612,-0.15,-0.2242,0.0839,-0.3735,-0.4856,-0.5791,-0.6323,-0.3192
0.2844,0.0959,0.4035,-0.1771,0.7497,0.4429,0.0265,0.0612,-0.15,-0.2242,0.0839,-0.3735,-0.4856,-0.5791,-0.6323,-0.3192
0.3037,0.1001,0.4661,-0.1992,0.7615,0.4471,0.05,0.0671,-0.0926,-0.2444,0.0952,-0.3746,-0.4856,-0.5791,-0.6128,-0.3229
0.3037,0.1001,0.4661,-0.1992,0.7615,0.4471,0.05,0.0671,-0.0926,-0.2444,0.0952,-0.3746,-0.4856,-0.5791,-0.6128,-0.3229
0.3037,0.1001,0.4661,-0.1992,0.7615,0.4471,0.05,0.0671,-0.0926,-0.2444,0.0952,-0.3746,-0.4856,-0.5791,-0.6128,-0.3229
0.2844,0.0959,0.4352,-0.2228,0.7497,0.4429,0.0382,0.0642,-0.0603,-0.2284,0.1022,-0.3771,-0.4715,-0.574,-0.6038,-0.3195
0.2844,0.0959,0.4035,-0.1771,0.7692,0.436,0.0566,0.0577,-0.1178,-0.2081,0.0893,-0.3813,-0.4715,-0.574,-0.6083,-0.3212
0.2844,0.0959,0.4035,-0.1771,0.7692,0.436,0.0566,0.0577,-0.1178,-0.2081,0.0893,-0.3813,-0.4715,-0.574,-0.6083,-0.3212
0.2844,0.0959,0.4035,-0.1771,0.7692,0.436,0.0566,0.0577,-0.1178,-0.2081,0.0893,-0.3813,-0.4715,-0.574,-0.6083,-0.3212
0.2945,0.0813,0.4035,-0.1771,0.7497,0.4429,0.0513,0.0454,-0.1178,-0.2081,0.0721,-0.3868,-0.4622,-0.5874,-0.6098,-0.3272
0.2945,0.0813,0.4035,-0.1771,0.7497,0.4429,0.0513,0.0454,-0.1178,-0.2081,0.0721,-0.3868,-0.4622,-0.5874,-0.6098,-0.3272
0.2853,0.0626,0.4035,-0.1771,0.7379,0.4387,0.0277,0.0396,-0.15,-0.2242,0.0533,-0.3977,-0.4997,-0.5842,-0.6308,-0.3296
0.2853,0.0626,0.4035,-0.1771,0.7379,0.4387,0.0277,0.0396,-0.15,-0.2242,0.0533,-0.3977,-0.4997,-0.5842,-0.6308,-0.3296
0.2853,0.0626,0.4035,-0.1771,0.7379,0.4387,0.0277,0.0396,-0.15,-0.2242,0.0533,-0.3977,-0.4997,-0.5842,-0.6308,-0.3296
0.2369,0.0688,0.3728,-0.2008,0.7066,0.4413,0.0159,0.0367,-0.2072,-0.204,0.0318,-0.4046,-0.5138,-0.5893,-0.6443,-0.3346
0.2278,0.0501,0.3728,-0.2008,0.6949,0.4371,-0.0024,0.0431,-0.1752,-0.1879,0.0146,-0.4102,-0.523,-0.576,-0.6607,-0.3353
0.2278,0.0501,0.3728,-0.2008,0.6949,0.4371,-0.0024,0.0431,-0.1752,-0.1879,0.0146,-0.4102,-0.523,-0.576,-0.6607,-0.3353
0.2087,0.0459,0.3422,-0.2243,0.6831,0.4329,-0.0141,0.0402,-0.2324,-0.1676,-0.0025,-0.4158,-0.5371,-0.5811,-0.6742,-0.3404
0.2087,0.0459,0.3422,-0.2243,0.6831,0.4329,-0.0141,0.0402,-0.2324,-0.1676,-0.0025,-0.4158,-0.5371,-0.5811,-0.6742,-0.3404
0.2087,0.0459,0.3422,-0.2243,0.6831,0.4329,-0.0141,0.0402,-0.2324,-0.1676,-0.0025,-0.4158,-0.5371,-0.5811,-0.6742,-0.3404
0.1604,0.052,0.3422,-0.2243,0.6714,0.4287,-0.0194,0.028,-0.2324,-0.1676,-0.0127,-0.4238,-0.5371,-0.5811,-0.6906,-0.3411
0.1604,0.052,0.3422,-0.2243,0.6714,0.4287,-0.0194,0.028,-0.2324,-0.1676,-0.0127,-0.4238,-0.5371,-0.5811,-0.6906,-0.3411
0.1314,0.0623,0.2801,-0.2024,0.6596,0.4245,-0.0376,0.0344,-0.2324,-0.1676,-0.0255,-0.4279,-0.5604,-0.5728,-0.7071,-0.3418
0.1314,0.0623,0.2801,-0.2024,0.6596,0.4245,-0.0376,0.0344,-0.2324,-0.1676,-0.0255,-0.4279,-0.5604,-0.5728,-0.7071,-0.3418
0.1314,0.0623,0.2801,-0.2024,0.6596,0.4245,-0.0376,0.0344,-0.2324,-0.1676,-0.0255,-0.4279,-0.5604,-0.5728,-0.7071,-0.3418
0.1124,0.0581,0.3116,-0.2478,0.6479,0.4203,-0.0493,0.0315,-0.2643,-0.1838,-0.0495,-0.4311,-0.5744,-0.578,-0.7205,-0.3468
0.1124,0.0581,0.3116,-0.2478,0.6479,0.4203,-0.0493,0.0315,-0.2643,-0.1838,-0.0495,-0.4311,-0.5744,-0.578,-0.7205,-0.3468
0.1034,0.0394,0.3116,-0.2478,0.6362,0.416,-0.061,0.0286,-0.2392,-0.22,-0.0623,-0.4352,-0.5976,-0.5698,-0.7368,-0.3476
0.1034,0.0394,0.3116,-0.2478,0.6362,0.416,-0.061,0.0286,-0.2392,-0.22,-0.0623,-0.4352,-0.5976,-0.5698,-0.7368,-0.3476
0.0555,0.0455,0.2498,-0.226,0.6169,0.4229,-0.0909,0.0321,-0.2392,-0.22,-0.0819,-0.4369,-0.6116,-0.5749,-0.7532,-0.3483
0.0555,0.0455,0.2498,-0.226,0.6169,0.4229,-0.0909,0.0321,-0.2392,-0.22,-0.0819,-0.4369,-0.6116,-0.5749,-0.7532,-0.3483
0.0366,0.0413,0.2498,-0.226,0.5859,0.4255,-0.0961,0.0199,-0.2392,-0.22,-0.1016,-0.4387,-0.6256,-0.58,-0.7666,-0.3533
0.0366,0.0413,0.2498,-0.226,0.5859,0.4255,-0.0961,0.0199,-0.2392,-0.22,-0.1016,-0.4387,-0.6256,-0.58,-0.7666,-0.3533
0.0366,0.0413,0.2498,-0.226,0.5859,0.4255,-0.0961,0.0199,-0.2392,-0.22,-0.1016,-0.4387,-0.6256,-0.58,-0.7666,-0.3533
-0.0011,0.0329,0.1881,-0.2042,0.5742,0.4213,-0.1194,0.0141,-0.2072,-0.204,-0.1127,-0.4376,-0.6256,-0.58,-0.7755,-0.3567
-0.0199,0.0287,0.1881,-0.2042,0.5626,0.4171,-0.1427,0.0083,-0.2392,-0.22,-0.1323,-0.4393,-0.6487,-0.5718,-0.7888,-0.3617
-0.0199,0.0287,0.1881,-0.2042,0.5626,0.4171,-0.1427,0.0083,-0.2392,-0.22,-0.1323,-0.4393,-0.6487,-0.5718,-0.7888,-0.3617
-0.0199,0.0287,0.1881,-0.2042,0.5626,0.4171,-0.1427,0.0083,-0.2392,-0.22,-0.1323,-0.4393,-0.6487,-0.5718,-0.7888,-0.3617
-0.0574,0.0203,0.1265,-0.1824,0.5394,0.4086,-0.1724,0.0117,-0.3278,-0.216,-0.1588,-0.4386,-0.6627,-0.5769,-0.8096,-0.3641
-0.0574,0.0203,0.1265,-0.1824,0.5394,0.4086,-0.1724,0.0117,-0.3278,-0.216,-0.1588,-0.4386,-0.6627,-0.5769,-0.8096,-0.3641
-0.0762,0.0161,0.1579,-0.2277,0.5277,0.4044,-0.1955,0.0059,-0.2961,-0.1999,-0.1699,-0.4376,-0.6627,-0.5769,-0.8214,-0.3632
-0.0762,0.0161,0.1579,-0.2277,0.5277,0.4044,-0.1955,0.0059,-0.2961,-0.1999,-0.1699,-0.4376,-0.6627,-0.5769,-0.8214,-0.3632
-0.1136,0.0077,0.1579,-0.2277,0.5162,0.4002,-0.2251,0.0094,-0.3278,-0.216,-0.1852,-0.438,-0.6858,-0.5688,-0.8377,-0.3639
-0.1136,0.0077,0.1579,-0.2277,0.5162,0.4002,-0.2251,0.0094,-0.3278,-0.216,-0.1852,-0.438,-0.6858,-0.5688,-0.8377,-0.3639
-0.1136,0.0077,0.1579,-0.2277,0.5162,0.4002,-0.2251,0.0094,-0.3278,-0.216,-0.1852,-0.438,-0.6858,-0.5688,-0.8377,-0.3639
-0.1508,-0.0007,0.1279,-0.2512,0.5046,0.396,-0.2546,0.0128,-0.3278,-0.216,-0.2031,-0.4345,-0.6858,-0.5688,-0.8509,-0.3689
-0.1508,-0.0007,0.1279,-0.2512,0.5046,0.396,-0.2546,0.0128,-0.3278,-0.216,-0.2031,-0.4345,-0.6858,-0.5688,-0.8509,-0.3689
-0.1409,-0.0149,0.0966,-0.206,0.493,0.3918,-0.2841,0.0162,-0.3278,-0.216,-0.2211,-0.4311,-0.6766,-0.5821,-0.8775,-0.3628
-0.1409,-0.0149,0.0966,-0.206,0.493,0.3918,-0.2841,0.0162,-0.3278,-0.216,-0.2211,-0.4311,-0.6766,-0.5821,-0.8775,-0.3628
-0.1781,-0.0233,0.0979,-0.2746,0.4507,0.3902,-0.3007,0.0011,-0.3028,-0.2521,-0.2321,-0.43,-0.6997,-0.5739,-0.8864,-0.3661
-0.1781,-0.0233,0.0979,-0.2746,0.4507,0.3902,-0.3007,0.0011,-0.3028,-0.2521,-0.2321,-0.43,-0.6997,-0.5739,-0.8864,-0.3661
-0.1967,-0.0275,0.0368,-0.253,0.4316,0.397,-0.3237,-0.0047,-0.391,-0.2481,-0.2474,-0.4304,-0.7274,-0.5842,-0.907,-0.3685
-0.1967,-0.0275,0.0368,-0.253,0.4316,0.397,-0.3237,-0.0047,-0.391,-0.2481,-0.2474,-0.4304,-0.7274,-0.5842,-0.907,-0.3685
-0.1967,-0.0275,0.0368,-0.253,0.4316,0.397,-0.3237,-0.0047,-0.391,-0.2481,-0.2474,-0.4304,-0.7274,-0.5842,-0.907,-0.3685
-0.2436,-0.0216,0.0368,-0.253,0.401,0.3995,-0.3466,-0.0105,-0.391,-0.2481,-0.2652,-0.4269,-0.7504,-0.576,-0.9231,-0.3693
-0.2436,-0.0216,0.0368,-0.253,0.401,0.3995,-0.3466,-0.0105,-0.391,-0.2481,-0.2652,-0.4269,-0.7504,-0.576,-0.9231,-0.3693
-0.2337,-0.0358,0.0056,-0.208,0.401,0.3995,-0.3402,-0.0197,-0.416,-0.2121,-0.2805,-0.4273,-0.7642,-0.5812,-0.9393,-0.37
-0.2337,-0.0358,0.0056,-0.208,0.401,0.3995,-0.3402,-0.0197,-0.416,-0.2121,-0.2805,-0.4273,-0.7642,-0.5812,-0.9393,-0.37
-0.2989,-0.0342,-0.0536,-0.2549,0.359,0.3978,-0.3809,-0.0192,-0.416,-0.2121,-0.2915,-0.4263,-0.778,-0.5863,-0.9628,-0.3682
-0.2989,-0.0342,-0.0536,-0.2549,0.359,0.3978,-0.3809,-0.0192,-0.416,-0.2121,-0.2915,-0.4263,-0.778,-0.5863,-0.9628,-0.3682
-0.2805,-0.03,-0.024,-0.2315,0.3781,0.3911,-0.3873,-0.01,-0.391,-0.2481,-0.3093,-0.4229,-0.801,-0.5782,-0.9789,-0.369
-0.2805,-0.03,-0.024,-0.2315,0.3781,0.3911,-0.3873,-0.01,-0.391,-0.2481,-0.3093,-0.4229,-0.801,-0.5782,-0.9789,-0.369
-0.2436,-0.0216,0.068,-0.2979,0.4086,0.3886,-0.3759,-0.0071,-0.4474,-0.2281,-0.3188,-0.4167,-0.7918,-0.5914,-0.9862,-0.3664
-0.2436,-0.0216,0.068,-0.2979,0.4086,0.3886,-0.3759,-0.0071,-0.4474,-0.2281,-0.3188,-0.4167,-0.7918,-0.5914,-0.9862,-0.3664
-0.1694,-0.0049,0.1279,-0.2512,0.4623,0.3944,-0.3301,0.0045,-0.4474,-0.2281,-0.3047,-0.4073,-0.778,-0.5863,-0.9731,-0.3613
-0.1694,-0.0049,0.1279,-0.2512,0.4623,0.3944,-0.3301,0.0045,-0.4474,-0.2281,-0.3047,-0.4073,-0.778,-0.5863,-0.9731,-0.3613
-0.0861,0.0304,0.1579,-0.2277,0.5277,0.4044,-0.2726,0.0191,-0.4474,-0.2281,-0.2712,-0.3961,-0.7412,-0.5893,-0.9468,-0.3513
-0.0861,0.0304,0.1579,-0.2277,0.5277,0.4044,-0.2726,0.0191,-0.4474,-0.2281,-0.2712,-0.3961,-0.7412,-0.5893,-0.9468,-0.3513
-0.0861,0.0304,0.1579,-0.2277,0.5277,0.4044,-0.2726,0.0191,-0.4474,-0.2281,-0.2712,-0.3961,-0.7412,-0.5893,-0.9468,-0.3513
-0.021,0.0617,0.1881,-0.2042,0.5742,0.4213,-0.2149,0.0337,-0.3595,-0.2321,-0.2139,-0.3816,-0.6997,-0.5739,-0.9028,-0.3344
-0.021,0.0617,0.1881,-0.2042,0.5742,0.4213,-0.2149,0.0337,-0.3595,-0.2321,-0.2139,-0.3816,-0.6997,-0.5739,-0.9028,-0.3344
0.1023,0.0725,0.2486,-0.1569,0.6132,0.4492,-0.1452,0.0513,-0.2961,-0.1999,-0.0916,-0.3552,-0.6209,-0.5615,-0.7979,-0.3162
0.1023,0.0725,0.2486,-0.1569,0.6132,0.4492,-0.1452,0.0513,-0.2961,-0.1999,-0.0916,-0.3552,-0.6209,-0.5615,-0.7979,-0.3162
0.1023,0.0725,0.2486,-0.1569,0.6132,0.4492,-0.1452,0.0513,-0.2961,-0.1999,-0.0916,-0.3552,-0.6209,-0.5615,-0.7979,-0.3162
0.1684,0.1039,0.3106,-0.1788,0.66,0.4661,-0.0687,0.0595,-0.2392,-0.22,-0.0421,-0.3436,-0.6069,-0.5564,-0.7549,-0.3053
0.1684,0.1039,0.3106,-0.1788,0.66,0.4661,-0.0687,0.0595,-0.2392,-0.22,-0.0421,-0.3436,-0.6069,-0.5564,-0.7549,-0.3053
0.2258,0.1166,0.4035,-0.1771,0.6835,0.4746,-0.0218,0.0712,-0.2072,-0.204,0.0018,-0.3387,-0.5696,-0.5595,-0.7132,-0.3005
0.2258,0.1166,0.4035,-0.1771,0.6835,0.4746,-0.0218,0.0712,-0.2072,-0.204,0.0018,-0.3387,-0.5696,-0.5595,-0.7132,-0.3005
0.254,0.1397,0.4661,-0.1992,0.707,0.4831,0.0134,0.08,-0.2392,-0.22,0.0243,-0.3408,-0.5696,-0.5595,-0.6923,-0.2981
0.254,0.1397,0.4661,-0.1992,0.707,0.4831,0.0134,0.08,-0.2392,-0.22,0.0243,-0.3408,-0.5696,-0.5595,-0.6923,-0.2981
0.2631,0.1586,0.5288,-0.2214,0.7383,0.4805,0.0252,0.0829,-0.2392,-0.22,0.0426,-0.3443,-0.5696,-0.5595,-0.6788,-0.293
0.2631,0.1586,0.5288,-0.2214,0.7383,0.4805,0.0252,0.0829,-0.2392,-0.22,0.0426,-0.3443,-0.5696,-0.5595,-0.6788,-0.293
0.2631,0.1586,0.4661,-0.1992,0.7265,0.4762,0.0435,0.0765,-0.15,-0.2242,0.0496,-0.3468,-0.5556,-0.5544,-0.6638,-0.2983
0.2631,0.1586,0.4661,-0.1992,0.7265,0.4762,0.0435,0.0765,-0.15,-0.2242,0.0496,-0.3468,-0.5556,-0.5544,-0.6638,-0.2983
0.2631,0.1586,0.4661,-0.1992,0.7265,0.4762,0.0435,0.0765,-0.15,-0.2242,0.0496,-0.3468,-0.5556,-0.5544,-0.6638,-0.2983
0.2925,0.1482,0.497,-0.1756,0.7383,0.4805,0.0619,0.07,-0.15,-0.2242,0.041,-0.3496,-0.5463,-0.5677,-0.6608,-0.3026
0.2925,0.1482,0.497,-0.1756,0.7383,0.4805,0.0619,0.07,-0.15,-0.2242,0.041,-0.3496,-0.5463,-0.5677,-0.6608,-0.3026
0.2733,0.1439,0.4661,-0.1992,0.7383,0.4805,0.0684,0.0606,-0.2072,-0.204,0.0334,-0.3615,-0.5604,-0.5728,-0.6698,-0.306
0.2733,0.1439,0.4661,-0.1992,0.7383,0.4805,0.0684,0.0606,-0.2072,-0.204,0.0334,-0.3615,-0.5604,-0.5728,-0.6698,-0.306
0.2834,0.1293,0.4661,-0.1992,0.7265,0.4762,0.0566,0.0577,-0.1821,-0.2402,0.012,-0.3685,-0.5604,-0.5728,-0.6788,-0.3094
0.2834,0.1293,0.4661,-0.1992,0.7265,0.4762,0.0566,0.0577,-0.1821,-0.2402,0.012,-0.3685,-0.5604,-0.5728,-0.6788,-0.3094
0.2551,0.1063,0.3728,-0.2008,0.7107,0.4566,0.033,0.0519,-0.1821,-0.2402,-0.0094,-0.3755,-0.5836,-0.5646,-0.6922,-0.3144
0.2551,0.1063,0.3728,-0.2008,0.7107,0.4566,0.033,0.0519,-0.1821,-0.2402,-0.0094,-0.3755,-0.5836,-0.5646,-0.6922,-0.3144
0.2167,0.0978,0.3728,-0.2008,0.6912,0.4635,0.0029,0.0554,-0.1821,-0.2402,-0.0377,-0.3801,-0.5744,-0.578,-0.7056,-0.3195
0.2167,0.0978,0.3728,-0.2008,0.6912,0.4635,0.0029,0.0554,-0.1821,-0.2402,-0.0377,-0.3801,-0.5744,-0.578,-0.7056,-0.3195
0.2167,0.0978,0.3728,-0.2008,0.6912,0.4635,0.0029,0.0554,-0.1821,-0.2402,-0.0377,-0.3801,-0.5744,-0.578,-0.7056,-0.3195
0.2167,0.0978,0.3728,-0.2008,0.6912,0.4635,0.0029,0.0554,-0.1821,-0.2402,-0.0521,-0.3895,-0.5976,-0.5698,-0.719,-0.3245
0.2167,0.0978,0.3728,-0.2008,0.6912,0.4635,0.0029,0.0554,-0.1821,-0.2402,-0.0521,-0.3895,-0.5976,-0.5698,-0.719,-0.3245
0.1976,0.0936,0.3728,-0.2008,0.6989,0.4524,-0.0089,0.0525,-0.1821,-0.2402,-0.0761,-0.3927,-0.5976,-0.5698,-0.7324,-0.3296
0.1976,0.0936,0.3728,-0.2008,0.6989,0.4524,-0.0089,0.0525,-0.1821,-0.2402,-0.0761,-0.3927,-0.5976,-0.5698,-0.7324,-0.3296
0.1785,0.0894,0.3106,-0.1788,0.6872,0.4482,-0.0206,0.0496,-0.271,-0.2361,-0.0904,-0.4021,-0.6348,-0.5667,-0.7458,-0.3346
0.1785,0.0894,0.3106,-0.1788,0.6872,0.4482,-0.0206,0.0496,-0.271,-0.2361,-0.0904,-0.4021,-0.6348,-0.5667,-0.7458,-0.3346
0.1695,0.0707,0.3106,-0.1788,0.6949,0.4371,-0.0506,0.0531,-0.271,-0.2361,-0.1074,-0.4077,-0.6487,-0.5718,-0.7592,-0.3397
0.1695,0.0707,0.3106,-0.1788,0.6949,0.4371,-0.0506,0.0531,-0.271,-0.2361,-0.1074,-0.4077,-0.6487,-0.5718,-0.7592,-0.3397
0.1695,0.0707,0.3106,-0.1788,0.6949,0.4371,-0.0506,0.0531,-0.271,-0.2361,-0.1074,-0.4077,-0.6487,-0.5718,-0.7592,-0.3397
0.1314,0.0623,0.3116,-0.2478,0.6831,0.4329,-0.0623,0.0502,-0.2141,-0.2562,-0.1228,-0.408,-0.6348,-0.5667,-0.7785,-0.3361
0.1314,0.0623,0.3116,-0.2478,0.6831,0.4329,-0.0623,0.0502,-0.2141,-0.2562,-0.1228,-0.408,-0.6348,-0.5667,-0.7785,-0.3361
0.1124,0.0581,0.3116,-0.2478,0.652,0.4355,-0.0792,0.035,-0.271,-0.2361,-0.1398,-0.4136,-0.6487,-0.5718,-0.7919,-0.3411
0.0644,0.0641,0.3116,-0.2478,0.6209,0.4381,-0.1025,0.0292,-0.271,-0.2361,-0.1541,-0.423,-0.6487,-0.5718,-0.8052,-0.3462
0.0644,0.0641,0.3116,-0.2478,0.6209,0.4381,-0.1025,0.0292,-0.271,-0.2361,-0.1541,-0.423,-0.6487,-0.5718,-0.8052,-0.3462
0.0644,0.0641,0.3116,-0.2478,0.6209,0.4381,-0.1025,0.0292,-0.271,-0.2361,-0.1541,-0.423,-0.6487,-0.5718,-0.8052,-0.3462
0.0744,0.0497,0.2801,-0.2024,0.6286,0.4271,-0.0961,0.0199,-0.271,-0.2361,-0.1667,-0.4272,-0.6627,-0.5769,-0.8259,-0.3486
0.0744,0.0497,0.2801,-0.2024,0.6286,0.4271,-0.0961,0.0199,-0.271,-0.2361,-0.1667,-0.4272,-0.6627,-0.5769,-0.8259,-0.3486
0.0744,0.0497,0.2801,-0.2024,0.6286,0.4271,-0.0961,0.0199,-0.271,-0.2361,-0.1667,-0.4272,-0.6627,-0.5769,-0.8259,-0.3486
0.0366,0.0413,0.3116,-0.2478,0.6169,0.4229,-0.1013,0.0077,-0.271,-0.2361,-0.1863,-0.4289,-0.6766,-0.5821,-0.8422,-0.3493
0.0366,0.0413,0.3116,-0.2478,0.6169,0.4229,-0.1013,0.0077,-0.271,-0.2361,-0.1863,-0.4289,-0.6766,-0.5821,-0.8422,-0.3493
-0.0111,0.0473,0.2498,-0.226,0.5859,0.4255,-0.131,0.0111,-0.3595,-0.2321,-0.2031,-0.4345,-0.6905,-0.5872,-0.8629,-0.3518
-0.0111,0.0473,0.2498,-0.226,0.5859,0.4255,-0.131,0.0111,-0.3595,-0.2321,-0.2031,-0.4345,-0.6905,-0.5872,-0.8629,-0.3518
-0.0199,0.0287,0.2498,-0.226,0.5819,0.4102,-0.1543,0.0053,-0.3278,-0.216,-0.2142,-0.4335,-0.6674,-0.5954,-0.8717,-0.3551
-0.0387,0.0245,0.1881,-0.2042,0.5702,0.4061,-0.1839,0.0088,-0.3595,-0.2321,-0.2295,-0.4338,-0.6905,-0.5872,-0.8879,-0.3559
-0.0387,0.0245,0.1881,-0.2042,0.5702,0.4061,-0.1839,0.0088,-0.3595,-0.2321,-0.2295,-0.4338,-0.6905,-0.5872,-0.8879,-0.3559
-0.0387,0.0245,0.1881,-0.2042,0.5702,0.4061,-0.1839,0.0088,-0.3595,-0.2321,-0.2295,-0.4338,-0.6905,-0.5872,-0.8879,-0.3559
-0.0574,0.0203,0.1881,-0.2042,0.5394,0.4086,-0.2136,0.0123,-0.3595,-0.2321,-0.2474,-0.4304,-0.7043,-0.5923,-0.8938,-0.3635
-0.0574,0.0203,0.1881,-0.2042,0.5394,0.4086,-0.2136,0.0123,-0.3595,-0.2321,-0.2474,-0.4304,-0.7043,-0.5923,-0.8938,-0.3635
-0.0574,0.0203,0.1881,-0.2042,0.5394,0.4086,-0.2136,0.0123,-0.3595,-0.2321,-0.2474,-0.4304,-0.7043,-0.5923,-0.8938,-0.3635
-0.0762,0.0161,0.1881,-0.2042,0.5277,0.4044,-0.2251,0.0094,-0.3345,-0.268,-0.2584,-0.4294,-0.7274,-0.5842,-0.9099,-0.3643
-0.0762,0.0161,0.1881,-0.2042,0.5277,0.4044,-0.2251,0.0094,-0.3345,-0.268,-0.2584,-0.4294,-0.7274,-0.5842,-0.9099,-0.3643
-0.1235,0.022,0.1579,-0.2277,0.5162,0.4002,-0.2303,-0.0028,-0.3345,-0.268,-0.2668,-0.4322,-0.7182,-0.5974,-0.9231,-0.3693
-0.1235,0.022,0.1579,-0.2277,0.5162,0.4002,-0.2303,-0.0028,-0.3345,-0.268,-0.2668,-0.4322,-0.7182,-0.5974,-0.9231,-0.3693
-0.1421,0.0178,0.1265,-0.1824,0.5162,0.4002,-0.2482,0.0035,-0.391,-0.2481,-0.282,-0.4325,-0.7412,-0.5893,-0.9393,-0.37
-0.1421,0.0178,0.1265,-0.1824,0.5162,0.4002,-0.2482,0.0035,-0.391,-0.2481,-0.282,-0.4325,-0.7412,-0.5893,-0.9393,-0.37
-0.1508,-0.0007,0.1265,-0.1824,0.4778,0.4138,-0.2713,-0.0023,-0.4225,-0.264,-0.3108,-0.4281,-0.778,-0.5863,-0.9598,-0.3725
-0.1508,-0.0007,0.1265,-0.1824,0.4778,0.4138,-0.2713,-0.0023,-0.4225,-0.264,-0.3108,-0.4281,-0.778,-0.5863,-0.9598,-0.3725
-0.1508,-0.0007,0.1265,-0.1824,0.4778,0.4138,-0.2713,-0.0023,-0.4225,-0.264,-0.3108,-0.4281,-0.778,-0.5863,-0.9598,-0.3725
-0.1694,-0.0049,0.1579,-0.2277,0.4662,0.4096,-0.3007,0.0011,-0.3977,-0.2999,-0.326,-0.4285,-0.778,-0.5863,-0.9759,-0.3732
-0.235,-0.0032,0.1279,-0.2512,0.4431,0.4012,-0.3237,-0.0047,-0.3977,-0.2999,-0.337,-0.4275,-0.801,-0.5782,-0.992,-0.374
-0.235,-0.0032,0.1279,-0.2512,0.4431,0.4012,-0.3237,-0.0047,-0.3977,-0.2999,-0.337,-0.4275,-0.801,-0.5782,-0.992,-0.374
-0.235,-0.0032,0.1279,-0.2512,0.4431,0.4012,-0.3237,-0.0047,-0.3977,-0.2999,-0.337,-0.4275,-0.801,-0.5782,-0.992,-0.374
-0.2534,-0.0074,0.0667,-0.2296,0.4316,0.397,-0.3351,-0.0076,-0.3977,-0.2999,-0.3438,-0.4251,-0.8148,-0.5833,-0.9964,-0.3757
-0.2534,-0.0074,0.0667,-0.2296,0.4316,0.397,-0.3351,-0.0076,-0.3977,-0.2999,-0.3438,-0.4251,-0.8148,-0.5833,-0.9964,-0.3757
-0.2263,0.0152,0.1579,-0.2277,0.4355,0.4121,-0.3186,0.0075,-0.4225,-0.264,-0.3339,-0.4171,-0.778,-0.5863,-0.9833,-0.3706
-0.2263,0.0152,0.1579,-0.2277,0.4355,0.4121,-0.3186,0.0075,-0.4225,-0.264,-0.3339,-0.4171,-0.778,-0.5863,-0.9833,-0.3706
-0.152,0.0321,0.1265,-0.1824,0.4778,0.4138,-0.302,0.0226,-0.4225,-0.264,-0.302,-0.4111,-0.778,-0.5863,-0.9643,-0.358
-0.152,0.0321,0.1265,-0.1824,0.4778,0.4138,-0.302,0.0226,-0.4225,-0.264,-0.302,-0.4111,-0.778,-0.5863,-0.9643,-0.358
-0.152,0.0321,0.1265,-0.1824,0.4778,0.4138,-0.302,0.0226,-0.4225,-0.264,-0.302,-0.4111,-0.778,-0.5863,-0.9643,-0.358
-0.0773,0.049,0.1881,-0.2042,0.5317,0.4197,-0.2444,0.0372,-0.391,-0.2481,-0.2517,-0.3943,-0.7366,-0.5709,-0.9262,-0.3488
-0.0773,0.049,0.1881,-0.2042,0.5317,0.4197,-0.2444,0.0372,-0.391,-0.2481,-0.2517,-0.3943,-0.7366,-0.5709,-0.9262,-0.3488
0.0066,0.0845,0.2801,-0.2024,0.5975,0.4297,-0.1685,0.0454,-0.3595,-0.2321,-0.1944,-0.3799,-0.7089,-0.5606,-0.8792,-0.3363
0.0066,0.0845,0.2801,-0.2024,0.5975,0.4297,-0.1685,0.0454,-0.3595,-0.2321,-0.1944,-0.3799,-0.7089,-0.5606,-0.8792,-0.3363
0.1113,0.0912,0.3422,-0.2243,0.652,0.4355,-0.1038,0.0508,-0.3595,-0.2321,-0.1341,-0.3693,-0.6858,-0.5688,-0.8364,-0.3254
0.1113,0.0912,0.3422,-0.2243,0.652,0.4355,-0.1038,0.0508,-0.3595,-0.2321,-0.1341,-0.3693,-0.6858,-0.5688,-0.8364,-0.3254
0.1875,0.1082,0.4352,-0.2228,0.6989,0.4524,-0.0388,0.056,-0.3278,-0.216,-0.0778,-0.3601,-0.6256,-0.58,-0.789,-0.3128
0.1875,0.1082,0.4352,-0.2228,0.6989,0.4524,-0.0388,0.056,-0.3278,-0.216,-0.0778,-0.3601,-0.6256,-0.58,-0.789,-0.3128
0.2642,0.1251,0.4661,-0.1992,0.742,0.454,0.0082,0.0677,-0.2961,-0.1999,-0.041,-0.3527,-0.6116,-0.5749,-0.7549,-0.3053
0.2642,0.1251,0.4661,-0.1992,0.742,0.454,0.0082,0.0677,-0.2961,-0.1999,-0.041,-0.3527,-0.6116,-0.5749,-0.7549,-0.3053
0.2642,0.1251,0.4661,-0.1992,0.742,0.454,0.0082,0.0677,-0.2961,-0.1999,-0.041,-0.3527,-0.6116,-0.5749,-0.7549,-0.3053
0.3027,0.1336,0.497,-0.1756,0.7656,0.4624,0.05,0.0671,-0.2961,-0.1999,-0.0143,-0.3534,-0.5976,-0.5698,-0.7191,-0.3082
0.3027,0.1336,0.497,-0.1756,0.7656,0.4624,0.05,0.0671,-0.2961,-0.1999,-0.0143,-0.3534,-0.5976,-0.5698,-0.7191,-0.3082
0.3027,0.1336,0.4661,-0.1992,0.7578,0.4736,0.0619,0.07,-0.2392,-0.22,-0.003,-0.3545,-0.5976,-0.5698,-0.7027,-0.3075
0.3027,0.1336,0.4661,-0.1992,0.7578,0.4736,0.0619,0.07,-0.2392,-0.22,-0.003,-0.3545,-0.5976,-0.5698,-0.7027,-0.3075
0.3027,0.1336,0.4661,-0.1992,0.7774,0.4667,0.0986,0.057,-0.2392,-0.22,0.0023,-0.3622,-0.5976,-0.5698,-0.6907,-0.3084
0.3027,0.1336,0.4661,-0.1992,0.7774,0.4667,0.0986,0.057,-0.2392,-0.22,0.0023,-0.3622,-0.5976,-0.5698,-0.6907,-0.3084
0.3128,0.1189,0.4661,-0.1992,0.7578,0.4736,0.0986,0.057,-0.2392,-0.22,-0.0035,-0.3689,-0.6116,-0.5749,-0.6847,-0.3171
0.3128,0.1189,0.4661,-0.1992,0.7578,0.4736,0.0986,0.057,-0.2392,-0.22,-0.0035,-0.3689,-0.6116,-0.5749,-0.6847,-0.3171
0.3128,0.1189,0.4977,-0.2449,0.7656,0.4624,0.0867,0.0541,-0.2141,-0.2562,-0.011,-0.3808,-0.6116,-0.5749,-0.6862,-0.3231
0.3128,0.1189,0.4977,-0.2449,0.7656,0.4624,0.0867,0.0541,-0.2141,-0.2562,-0.011,-0.3808,-0.6116,-0.5749,-0.6862,-0.3231
0.3128,0.1189,0.4977,-0.2449,0.7656,0.4624,0.0867,0.0541,-0.2141,-0.2562,-0.011,-0.3808,-0.6116,-0.5749,-0.6862,-0.3231
0.2743,0.1105,0.4044,-0.2463,0.742,0.454,0.0448,0.0548,-0.271,-0.2361,-0.0367,-0.3892,-0.6116,-0.5749,-0.6996,-0.3281
0.2743,0.1105,0.4044,-0.2463,0.742,0.454,0.0448,0.0548,-0.271,-0.2361,-0.0367,-0.3892,-0.6116,-0.5749,-0.6996,-0.3281
0.2743,0.1105,0.4668,-0.2684,0.742,0.454,0.0448,0.0548,-0.2141,-0.2562,-0.058,-0.3962,-0.6348,-0.5667,-0.7026,-0.3401
0.2743,0.1105,0.4668,-0.2684,0.742,0.454,0.0448,0.0548,-0.2141,-0.2562,-0.058,-0.3962,-0.6348,-0.5667,-0.7026,-0.3401
0.2551,0.1063,0.4044,-0.2463,0.7497,0.4429,0.0395,0.0425,-0.2141,-0.2562,-0.0654,-0.408,-0.6116,-0.5749,-0.7115,-0.3435
0.2551,0.1063,0.4044,-0.2463,0.7497,0.4429,0.0395,0.0425,-0.2141,-0.2562,-0.0654,-0.408,-0.6116,-0.5749,-0.7115,-0.3435
0.2551,0.1063,0.4044,-0.2463,0.7497,0.4429,0.0395,0.0425,-0.2141,-0.2562,-0.0654,-0.408,-0.6116,-0.5749,-0.7115,-0.3435
0.2167,0.0978,0.4044,-0.2463,0.7379,0.4387,0.0277,0.0396,-0.246,-0.2721,-0.0841,-0.4188,-0.6487,-0.5718,-0.7205,-0.3468
0.2167,0.0978,0.4044,-0.2463,0.7379,0.4387,0.0277,0.0396,-0.246,-0.2721,-0.0841,-0.4188,-0.6487,-0.5718,-0.7205,-0.3468
0.246,0.0875,0.4352,-0.2228,0.7497,0.4429,0.0342,0.0302,-0.2141,-0.2562,-0.0899,-0.4254,-0.6256,-0.58,-0.7264,-0.3545
0.246,0.0875,0.4352,-0.2228,0.7497,0.4429,0.0342,0.0302,-0.2141,-0.2562,-0.0899,-0.4254,-0.6256,-0.58,-0.7264,-0.3545
0.2177,0.0646,0.3422,-0.2243,0.7261,0.4344,0.0106,0.0244,-0.246,-0.2721,-0.1042,-0.4348,-0.6395,-0.5851,-0.7472,-0.3569
0.2177,0.0646,0.3422,-0.2243,0.7261,0.4344,0.0106,0.0244,-0.246,-0.2721,-0.1042,-0.4348,-0.6395,-0.5851,-0.7472,-0.3569
0.1986,0.0604,0.3422,-0.2243,0.7143,0.4302,-0.0012,0.0215,-0.246,-0.2721,-0.117,-0.439,-0.6395,-0.5851,-0.7562,-0.3603
0.1986,0.0604,0.3422,-0.2243,0.7143,0.4302,-0.0012,0.0215,-0.246,-0.2721,-0.117,-0.439,-0.6395,-0.5851,-0.7562,-0.3603
0.2087,0.0459,0.3728,-0.2008,0.7338,0.4233,0.0053,0.0122,-0.246,-0.2721,-0.1339,-0.4446,-0.6627,-0.5769,-0.7651,-0.3636
0.2087,0.0459,0.3728,-0.2008,0.7338,0.4233,0.0053,0.0122,-0.246,-0.2721,-0.1339,-0.4446,-0.6627,-0.5769,-0.7651,-0.3636
0.2087,0.0459,0.3728,-0.2008,0.7338,0.4233,0.0053,0.0122,-0.246,-0.2721,-0.1339,-0.4446,-0.6627,-0.5769,-0.7651,-0.3636
0.1604,0.052,0.3728,-0.2008,0.722,0.4191,-0.0064,0.0093,-0.246,-0.2721,-0.144,-0.4525,-0.6534,-0.5902,-0.7784,-0.3686
0.1604,0.052,0.3728,-0.2008,0.722,0.4191,-0.0064,0.0093,-0.246,-0.2721,-0.144,-0.4525,-0.6534,-0.5902,-0.7784,-0.3686
0.1604,0.052,0.3411,-0.1551,0.7143,0.4302,0,-0,-0.3028,-0.2521,-0.1635,-0.4543,-0.6766,-0.5821,-0.7947,-0.3694
0.1604,0.052,0.3411,-0.1551,0.7143,0.4302,0,-0,-0.3028,-0.2521,-0.1635,-0.4543,-0.6766,-0.5821,-0.7947,-0.3694
0.1414,0.0478,0.3728,-0.2008,0.6831,0.4329,-0.0117,-0.0029,-0.3028,-0.2521,-0.1831,-0.456,-0.6674,-0.5954,-0.808,-0.3744
0.1414,0.0478,0.3728,-0.2008,0.6831,0.4329,-0.0117,-0.0029,-0.3028,-0.2521,-0.1831,-0.456,-0.6674,-0.5954,-0.808,-0.3744
0.1224,0.0436,0.3106,-0.1788,0.679,0.4176,-0.0416,0.0006,-0.246,-0.2721,-0.1957,-0.4601,-0.6905,-0.5872,-0.8213,-0.3794
0.1224,0.0436,0.3106,-0.1788,0.679,0.4176,-0.0416,0.0006,-0.246,-0.2721,-0.1957,-0.4601,-0.6905,-0.5872,-0.8213,-0.3794
0.1224,0.0436,0.3106,-0.1788,0.679,0.4176,-0.0416,0.0006,-0.246,-0.2721,-0.1957,-0.4601,-0.6905,-0.5872,-0.8213,-0.3794
0.0844,0.0353,0.3116,-0.2478,0.6362,0.416,-0.0767,-0.008,-0.271,-0.2361,-0.2068,-0.4591,-0.6766,-0.5821,-0.8228,-0.3854
0.0844,0.0353,0.3116,-0.2478,0.6362,0.416,-0.0767,-0.008,-0.271,-0.2361,-0.2068,-0.4591,-0.6766,-0.5821,-0.8228,-0.3854
0.0366,0.0413,0.3116,-0.2478,0.6245,0.4118,-0.1001,-0.0138,-0.246,-0.2721,-0.2194,-0.4633,-0.6997,-0.5739,-0.8317,-0.3887
0.0366,0.0413,0.3116,-0.2478,0.6245,0.4118,-0.1001,-0.0138,-0.246,-0.2721,-0.2194,-0.4633,-0.6997,-0.5739,-0.8317,-0.3887
0.0178,0.0371,0.3116,-0.2478,0.6322,0.4008,-0.1117,-0.0167,-0.246,-0.2721,-0.2346,-0.4636,-0.7135,-0.579,-0.8479,-0.3894
0.0178,0.0371,0.3116,-0.2478,0.6322,0.4008,-0.1117,-0.0167,-0.246,-0.2721,-0.2346,-0.4636,-0.7135,-0.579,-0.8479,-0.3894
0.0089,0.0185,0.2498,-0.226,0.6205,0.3966,-0.1414,-0.0132,-0.3028,-0.2521,-0.2499,-0.464,-0.7043,-0.5923,-0.8641,-0.3901
0.0089,0.0185,0.2498,-0.226,0.6205,0.3966,-0.1414,-0.0132,-0.3028,-0.2521,-0.2499,-0.464,-0.7043,-0.5923,-0.8641,-0.3901
-0.0287,0.0102,0.1881,-0.2042,0.6088,0.3924,-0.1711,-0.0097,-0.3345,-0.268,-0.2625,-0.4681,-0.732,-0.6026,-0.8848,-0.3925
-0.0287,0.0102,0.1881,-0.2042,0.6088,0.3924,-0.1711,-0.0097,-0.3345,-0.268,-0.2625,-0.4681,-0.732,-0.6026,-0.8848,-0.3925
-0.0287,0.0102,0.1881,-0.2042,0.6088,0.3924,-0.1711,-0.0097,-0.3345,-0.268,-0.2625,-0.4681,-0.732,-0.6026,-0.8848,-0.3925
-0.0376,-0.0083,0.2195,-0.2495,0.5779,0.395,-0.1763,-0.0219,-0.3595,-0.2321,-0.2667,-0.4695,-0.709,-0.6107,-0.8965,-0.3916
-0.0376,-0.0083,0.2195,-0.2495,0.5779,0.395,-0.1763,-0.0219,-0.3595,-0.2321,-0.2667,-0.4695,-0.709,-0.6107,-0.8965,-0.3916
-0.085,-0.0024,0.1892,-0.2729,0.5739,0.3798,-0.1994,-0.0277,-0.3595,-0.2321,-0.2819,-0.4699,-0.732,-0.6026,-0.9098,-0.3966
-0.085,-0.0024,0.1892,-0.2729,0.5739,0.3798,-0.1994,-0.0277,-0.3595,-0.2321,-0.2819,-0.4699,-0.732,-0.6026,-0.9098,-0.3966
-0.0938,-0.0208,0.1892,-0.2729,0.543,0.3825,-0.229,-0.0242,-0.3595,-0.2321,-0.297,-0.4702,-0.7551,-0.5944,-0.9333,-0.3948
-0.0938,-0.0208,0.1892,-0.2729,0.543,0.3825,-0.229,-0.0242,-0.3595,-0.2321,-0.297,-0.4702,-0.7551,-0.5944,-0.9333,-0.3948
-0.1409,-0.0149,0.1892,-0.2729,0.5314,0.3783,-0.2585,-0.0208,-0.391,-0.2481,-0.3149,-0.4668,-0.7459,-0.6077,-0.9464,-0.3998
-0.1409,-0.0149,0.1892,-0.2729,0.5314,0.3783,-0.2585,-0.0208,-0.391,-0.2481,-0.3149,-0.4668,-0.7459,-0.6077,-0.9464,-0.3998
-0.1409,-0.0149,0.1892,-0.2729,0.5314,0.3783,-0.2585,-0.0208,-0.391,-0.2481,-0.3149,-0.4668,-0.7459,-0.6077,-0.9464,-0.3998
-0.1409,-0.0149,0.1892,-0.2729,0.5198,0.3741,-0.2521,-0.03,-0.391,-0.2481,-0.319,-0.4682,-0.7551,-0.5944,-0.9582,-0.3988
-0.1409,-0.0149,0.1892,-0.2729,0.5198,0.3741,-0.2521,-0.03,-0.391,-0.2481,-0.319,-0.4682,-0.7551,-0.5944,-0.9582,-0.3988
-0.1322,0.0035,0.2508,-0.2946,0.5314,0.3783,-0.2585,-0.0208,-0.3413,-0.3198,-0.3107,-0.4654,-0.7689,-0.5995,-0.9582,-0.3988
-0.1322,0.0035,0.2508,-0.2946,0.5314,0.3783,-0.2585,-0.0208,-0.3413,-0.3198,-0.3107,-0.4654,-0.7689,-0.5995,-0.9582,-0.3988
-0.0762,0.0161,0.2195,-0.2495,0.5546,0.3866,-0.2238,-0.0121,-0.3661,-0.284,-0.2746,-0.4581,-0.732,-0.6026,-0.9362,-0.3905
-0.0762,0.0161,0.2195,-0.2495,0.5546,0.3866,-0.2238,-0.0121,-0.3661,-0.284,-0.2746,-0.4581,-0.732,-0.6026,-0.9362,-0.3905
-0.0111,0.0473,0.3116,-0.2478,0.6012,0.4034,-0.1775,-0.0005,-0.3661,-0.284,-0.2257,-0.4467,-0.7043,-0.5923,-0.8907,-0.384
-0.0111,0.0473,0.3116,-0.2478,0.6012,0.4034,-0.1775,-0.0005,-0.3661,-0.284,-0.2257,-0.4467,-0.7043,-0.5923,-0.8907,-0.384
0.1124,0.0581,0.3422,-0.2243,0.6673,0.4134,-0.1013,0.0077,-0.3345,-0.268,-0.1683,-0.4324,-0.6766,-0.5821,-0.8332,-0.3784
0.1124,0.0581,0.3422,-0.2243,0.6673,0.4134,-0.1013,0.0077,-0.3345,-0.268,-0.1683,-0.4324,-0.6766,-0.5821,-0.8332,-0.3784
0.1124,0.0581,0.3422,-0.2243,0.6673,0.4134,-0.1013,0.0077,-0.3345,-0.268,-0.1683,-0.4324,-0.6766,-0.5821,-0.8332,-0.3784
0.2077,0.0791,0.3728,-0.2008,0.7143,0.4302,-0.0246,0.0157,-0.3028,-0.2521,-0.108,-0.422,-0.6256,-0.58,-0.7858,-0.366
0.2077,0.0791,0.3728,-0.2008,0.7143,0.4302,-0.0246,0.0157,-0.3028,-0.2521,-0.108,-0.422,-0.6256,-0.58,-0.7858,-0.366
0.2844,0.0959,0.4661,-0.1992,0.7692,0.436,0.0406,0.0209,-0.2392,-0.22,-0.0473,-0.4115,-0.5976,-0.5698,-0.7353,-0.3579
0.2844,0.0959,0.4661,-0.1992,0.7692,0.436,0.0406,0.0209,-0.2392,-0.22,-0.0473,-0.4115,-0.5976,-0.5698,-0.7353,-0.3579
0.3422,0.1085,0.497,-0.1756,0.8124,0.4375,0.0761,0.0296,-0.2392,-0.22,-0.0174,-0.4018,-0.5836,-0.5646,-0.7011,-0.3504
0.3422,0.1085,0.497,-0.1756,0.8124,0.4375,0.0761,0.0296,-0.2392,-0.22,-0.0174,-0.4018,-0.5836,-0.5646,-0.7011,-0.3504
0.3809,0.1169,0.4651,-0.1296,0.8361,0.4459,0.1116,0.0383,-0.2392,-0.22,0.0093,-0.4025,-0.5744,-0.578,-0.6727,-0.3507
0.3809,0.1169,0.4651,-0.1296,0.8361,0.4459,0.1116,0.0383,-0.2392,-0.22,0.0093,-0.4025,-0.5744,-0.578,-0.6727,-0.3507
0.3809,0.1169,0.4651,-0.1296,0.8361,0.4459,0.1116,0.0383,-0.2392,-0.22,0.0093,-0.4025,-0.5744,-0.578,-0.6727,-0.3507
0.3902,0.1358,0.5599,-0.1978,0.848,0.4501,0.1418,0.0347,-0.1821,-0.2402,0.0275,-0.406,-0.5744,-0.578,-0.6592,-0.3457
0.3902,0.1358,0.5599,-0.1978,0.848,0.4501,0.1418,0.0347,-0.1821,-0.2402,0.0275,-0.406,-0.5744,-0.578,-0.6592,-0.3457
0.38,0.1505,0.5599,-0.1978,0.848,0.4501,0.1537,0.0375,-0.2072,-0.204,0.0344,-0.4085,-0.5744,-0.578,-0.6473,-0.3466
0.38,0.1505,0.5599,-0.1978,0.848,0.4501,0.1537,0.0375,-0.2072,-0.204,0.0344,-0.4085,-0.5744,-0.578,-0.6473,-0.3466
0.3902,0.1358,0.497,-0.1756,0.8754,0.432,0.1418,0.0347,-0.15,-0.2242,0.0398,-0.4162,-0.5604,-0.5728,-0.6398,-0.3493
0.4003,0.1211,0.5288,-0.2214,0.8558,0.439,0.1483,0.0253,-0.15,-0.2242,0.0296,-0.4242,-0.5604,-0.5728,-0.6443,-0.351
0.4003,0.1211,0.5288,-0.2214,0.8558,0.439,0.1483,0.0253,-0.15,-0.2242,0.0296,-0.4242,-0.5604,-0.5728,-0.6443,-0.351
0.4003,0.1211,0.5288,-0.2214,0.8558,0.439,0.1483,0.0253,-0.15,-0.2242,0.0296,-0.4242,-0.5604,-0.5728,-0.6443,-0.351
0.3809,0.1169,0.5288,-0.2214,0.8439,0.4348,0.1365,0.0224,-0.1821,-0.2402,0.0039,-0.4325,-0.5884,-0.5831,-0.6472,-0.3629
0.3809,0.1169,0.5288,-0.2214,0.8439,0.4348,0.1365,0.0224,-0.1821,-0.2402,0.0039,-0.4325,-0.5884,-0.5831,-0.6472,-0.3629
0.3809,0.1169,0.5288,-0.2214,0.8439,0.4348,0.1365,0.0224,-0.1821,-0.2402,0.0039,-0.4325,-0.5884,-0.5831,-0.6472,-0.3629
0.4012,0.0877,0.5917,-0.2436,0.8439,0.4348,0.143,0.013,-0.1821,-0.2402,-0.0132,-0.4381,-0.5792,-0.5964,-0.6577,-0.3723
0.4012,0.0877,0.5917,-0.2436,0.8439,0.4348,0.143,0.013,-0.1821,-0.2402,-0.0132,-0.4381,-0.5792,-0.5964,-0.6577,-0.3723
0.3819,0.0835,0.5288,-0.2214,0.832,0.4306,0.1127,0.0166,-0.1821,-0.2402,-0.0277,-0.4474,-0.5792,-0.5964,-0.6637,-0.3799
0.3819,0.0835,0.5288,-0.2214,0.832,0.4306,0.1127,0.0166,-0.1821,-0.2402,-0.0277,-0.4474,-0.5792,-0.5964,-0.6637,-0.3799
0.3625,0.0793,0.5288,-0.2214,0.8201,0.4264,0.1192,0.0072,-0.157,-0.2764,-0.0378,-0.4554,-0.6024,-0.5882,-0.6801,-0.3806
0.3625,0.0793,0.5288,-0.2214,0.8201,0.4264,0.1192,0.0072,-0.157,-0.2764,-0.0378,-0.4554,-0.6024,-0.5882,-0.6801,-0.3806
0.3239,0.071,0.4661,-0.1992,0.8083,0.4222,0.1074,0.0044,-0.1821,-0.2402,-0.0463,-0.4582,-0.5884,-0.5831,-0.6816,-0.3866
0.3239,0.071,0.4661,-0.1992,0.8083,0.4222,0.1074,0.0044,-0.1821,-0.2402,-0.0463,-0.4582,-0.5884,-0.5831,-0.6816,-0.3866
0.3239,0.071,0.4661,-0.1992,0.8083,0.4222,0.1074,0.0044,-0.1821,-0.2402,-0.0463,-0.4582,-0.5884,-0.5831,-0.6816,-0.3866
0.2853,0.0626,0.4352,-0.2228,0.7769,0.4249,0.0837,-0.0014,-0.1821,-0.2402,-0.0565,-0.4662,-0.6116,-0.5749,-0.6936,-0.3856
0.2853,0.0626,0.4352,-0.2228,0.7769,0.4249,0.0837,-0.0014,-0.1821,-0.2402,-0.0565,-0.4662,-0.6116,-0.5749,-0.6936,-0.3856
0.2954,0.0481,0.4661,-0.1992,0.7964,0.418,0.0902,-0.0107,-0.0998,-0.2966,-0.0692,-0.4703,-0.6116,-0.5749,-0.7025,-0.3889
0.2954,0.0481,0.4661,-0.1992,0.7964,0.418,0.0902,-0.0107,-0.0998,-0.2966,-0.0692,-0.4703,-0.6116,-0.5749,-0.7025,-0.3889
0.2762,0.0439,0.4977,-0.2449,0.7769,0.4249,0.0601,-0.0071,-0.157,-0.2764,-0.0724,-0.4807,-0.6256,-0.58,-0.7115,-0.3923
0.2762,0.0439,0.4977,-0.2449,0.7769,0.4249,0.0601,-0.0071,-0.157,-0.2764,-0.0724,-0.4807,-0.6256,-0.58,-0.7115,-0.3923
0.2479,0.0211,0.4668,-0.2684,0.7533,0.4165,0.043,-0.0222,-0.157,-0.2764,-0.0921,-0.4824,-0.6487,-0.5718,-0.7249,-0.3973
0.2479,0.0211,0.4668,-0.2684,0.7533,0.4165,0.043,-0.0222,-0.157,-0.2764,-0.0921,-0.4824,-0.6487,-0.5718,-0.7249,-0.3973
0.1996,0.0273,0.4359,-0.2917,0.7415,0.4123,0.0194,-0.028,-0.0998,-0.2966,-0.0979,-0.4889,-0.6487,-0.5718,-0.7338,-0.4006
0.1996,0.0273,0.4359,-0.2917,0.7415,0.4123,0.0194,-0.028,-0.0998,-0.2966,-0.0979,-0.4889,-0.6487,-0.5718,-0.7338,-0.4006
0.1996,0.0273,0.4359,-0.2917,0.7415,0.4123,0.0194,-0.028,-0.0998,-0.2966,-0.0979,-0.4889,-0.6487,-0.5718,-0.7338,-0.4006
0.1614,0.0189,0.4359,-0.2917,0.7179,0.4039,0.0141,-0.0401,-0.1821,-0.2402,-0.1107,-0.4931,-0.6487,-0.5718,-0.7472,-0.4056
0.1614,0.0189,0.4359,-0.2917,0.7179,0.4039,0.0141,-0.0401,-0.1821,-0.2402,-0.1107,-0.4931,-0.6487,-0.5718,-0.7472,-0.4056
0.1424,0.0148,0.4051,-0.315,0.7061,0.3997,-0.0094,-0.0459,-0.2141,-0.2562,-0.1318,-0.4999,-0.6766,-0.5821,-0.765,-0.4122
0.1424,0.0148,0.4051,-0.315,0.7061,0.3997,-0.0094,-0.0459,-0.2141,-0.2562,-0.1318,-0.4999,-0.6766,-0.5821,-0.765,-0.4122
0.1044,0.0065,0.3431,-0.2931,0.6903,0.3803,-0.0264,-0.0608,-0.1891,-0.2923,-0.1445,-0.5041,-0.6766,-0.5821,-0.7813,-0.413
0.1044,0.0065,0.3431,-0.2931,0.6903,0.3803,-0.0264,-0.0608,-0.1891,-0.2923,-0.1445,-0.5041,-0.6766,-0.5821,-0.7813,-0.413
0.0855,0.0023,0.2812,-0.2713,0.6592,0.3829,-0.0562,-0.0573,-0.271,-0.2361,-0.1598,-0.5044,-0.6997,-0.5739,-0.7946,-0.4179
0.0855,0.0023,0.2812,-0.2713,0.6592,0.3829,-0.0562,-0.0573,-0.271,-0.2361,-0.1598,-0.5044,-0.6997,-0.5739,-0.7946,-0.4179
0.0665,-0.0019,0.2812,-0.2713,0.6668,0.3719,-0.086,-0.0538,-0.271,-0.2361,-0.1683,-0.5071,-0.6905,-0.5872,-0.8035,-0.4213
0.0665,-0.0019,0.2812,-0.2713,0.6668,0.3719,-0.086,-0.0538,-0.271,-0.2361,-0.1683,-0.5071,-0.6905,-0.5872,-0.8035,-0.4213
0.0665,-0.0019,0.2812,-0.2713,0.6668,0.3719,-0.086,-0.0538,-0.271,-0.2361,-0.1683,-0.5071,-0.6905,-0.5872,-0.8035,-0.4213
0.0576,-0.0203,0.2508,-0.2946,0.6434,0.3636,-0.0977,-0.0566,-0.271,-0.2361,-0.1767,-0.5099,-0.6905,-0.5872,-0.8168,-0.4262
0.0576,-0.0203,0.2508,-0.2946,0.6434,0.3636,-0.0977,-0.0566,-0.271,-0.2361,-0.1767,-0.5099,-0.6905,-0.5872,-0.8168,-0.4262
0.0288,-0.0102,0.2812,-0.2713,0.6434,0.3636,-0.1157,-0.0503,-0.3278,-0.216,-0.1878,-0.5088,-0.7043,-0.5923,-0.8256,-0.4296
0.0288,-0.0102,0.2812,-0.2713,0.6434,0.3636,-0.1157,-0.0503,-0.3278,-0.216,-0.1878,-0.5088,-0.7043,-0.5923,-0.8256,-0.4296
0.0199,-0.0286,0.2812,-0.2713,0.6241,0.3704,-0.139,-0.056,-0.3278,-0.216,-0.1962,-0.5116,-0.7043,-0.5923,-0.8493,-0.4276
0.0199,-0.0286,0.2812,-0.2713,0.6241,0.3704,-0.139,-0.056,-0.3278,-0.216,-0.1962,-0.5116,-0.7043,-0.5923,-0.8493,-0.4276
-0.0079,-0.0512,0.1892,-0.2729,0.5815,0.3689,-0.1802,-0.0554,-0.3278,-0.216,-0.2115,-0.5119,-0.7274,-0.5842,-0.8655,-0.4284
-0.0079,-0.0512,0.1892,-0.2729,0.5815,0.3689,-0.1802,-0.0554,-0.3278,-0.216,-0.2115,-0.5119,-0.7274,-0.5842,-0.8655,-0.4284
-0.0079,-0.0512,0.1892,-0.2729,0.5815,0.3689,-0.1802,-0.0554,-0.3278,-0.216,-0.2115,-0.5119,-0.7274,-0.5842,-0.8655,-0.4284
-0.0266,-0.0553,0.1892,-0.2729,0.5774,0.3537,-0.1918,-0.0582,-0.3028,-0.2521,-0.2335,-0.5098,-0.7412,-0.5893,-0.8787,-0.4333
-0.0553,-0.0452,0.2195,-0.2495,0.5774,0.3537,-0.2034,-0.0611,-0.3345,-0.268,-0.2461,-0.514,-0.7689,-0.5995,-0.8993,-0.4357
-0.0553,-0.0452,0.2195,-0.2495,0.5774,0.3537,-0.2034,-0.0611,-0.3345,-0.268,-0.2461,-0.514,-0.7689,-0.5995,-0.8993,-0.4357
-0.0839,-0.0351,0.1892,-0.2729,0.5582,0.3605,-0.197,-0.0703,-0.391,-0.2481,-0.2571,-0.5129,-0.7689,-0.5995,-0.9037,-0.4374
-0.0839,-0.0351,0.1892,-0.2729,0.5582,0.3605,-0.197,-0.0703,-0.391,-0.2481,-0.2571,-0.5129,-0.7689,-0.5995,-0.9037,-0.4374
-0.0839,-0.0351,0.1892,-0.2729,0.5582,0.3605,-0.197,-0.0703,-0.391,-0.2481,-0.2571,-0.5129,-0.7689,-0.5995,-0.9037,-0.4374
-0.0652,-0.0309,0.1579,-0.2277,0.5698,0.3647,-0.1918,-0.0582,-0.3595,-0.2321,-0.2472,-0.505,-0.7551,-0.5944,-0.8949,-0.4341
-0.0652,-0.0309,0.1579,-0.2277,0.5698,0.3647,-0.1918,-0.0582,-0.3595,-0.2321,-0.2472,-0.505,-0.7551,-0.5944,-0.8949,-0.4341
-0.0652,-0.0309,0.1579,-0.2277,0.5698,0.3647,-0.1918,-0.0582,-0.3595,-0.2321,-0.2472,-0.505,-0.7551,-0.5944,-0.8949,-0.4341
-0.0089,-0.0185,0.2195,-0.2495,0.5931,0.373,-0.175,-0.0433,-0.3345,-0.268,-0.2246,-0.493,-0.732,-0.6026,-0.8699,-0.43
-0.0089,-0.0185,0.2195,-0.2495,0.5931,0.373,-0.175,-0.0433,-0.3345,-0.268,-0.2246,-0.493,-0.732,-0.6026,-0.8699,-0.43
0.0855,0.0023,0.3116,-0.2478,0.6475,0.3788,-0.1105,-0.0381,-0.3278,-0.216,-0.1714,-0.4802,-0.6674,-0.5954,-0.8271,-0.4193
0.0855,0.0023,0.3116,-0.2478,0.6475,0.3788,-0.1105,-0.0381,-0.3278,-0.216,-0.1714,-0.4802,-0.6674,-0.5954,-0.8271,-0.4193
0.1805,0.0231,0.4044,-0.2463,0.7138,0.3886,-0.0404,-0.0209,-0.271,-0.2361,-0.1069,-0.4685,-0.6395,-0.5851,-0.7724,-0.4096
0.1805,0.0231,0.4044,-0.2463,0.7138,0.3886,-0.0404,-0.0209,-0.271,-0.2361,-0.1069,-0.4685,-0.6395,-0.5851,-0.7724,-0.4096
0.2661,0.0584,0.4352,-0.2228,0.7804,0.3985,0.03,-0.0036,-0.1821,-0.2402,-0.0421,-0.4568,-0.6024,-0.5882,-0.7249,-0.3973
0.2661,0.0584,0.4352,-0.2228,0.7804,0.3985,0.03,-0.0036,-0.1821,-0.2402,-0.0421,-0.4568,-0.6024,-0.5882,-0.7249,-0.3973
0.3726,0.0647,0.4661,-0.1992,0.8278,0.4153,0.0891,0.0108,-0.1821,-0.2402,0.0076,-0.4454,-0.5792,-0.5964,-0.6787,-0.3909
0.3726,0.0647,0.4661,-0.1992,0.8278,0.4153,0.0891,0.0108,-0.1821,-0.2402,0.0076,-0.4454,-0.5792,-0.5964,-0.6787,-0.3909
0.3726,0.0647,0.4661,-0.1992,0.8278,0.4153,0.0891,0.0108,-0.1821,-0.2402,0.0076,-0.4454,-0.5792,-0.5964,-0.6787,-0.3909
0.4207,0.0919,0.5917,-0.2436,0.8831,0.4209,0.143,0.013,-0.0926,-0.2444,0.0671,-0.4403,-0.5371,-0.5811,-0.6278,-0.3828
0.4207,0.0919,0.5917,-0.2436,0.8831,0.4209,0.143,0.013,-0.0926,-0.2444,0.0671,-0.4403,-0.5371,-0.5811,-0.6278,-0.3828
0.4892,0.0897,0.5599,-0.1978,0.907,0.4293,0.1786,0.0216,-0.0603,-0.2284,0.1025,-0.4384,-0.5138,-0.5893,-0.5903,-0.3798
0.5284,0.0981,0.6229,-0.2201,0.9386,0.4265,0.2209,0.0209,-0.0855,-0.192,0.1225,-0.4367,-0.4997,-0.5842,-0.5617,-0.3801
0.5284,0.0981,0.6229,-0.2201,0.9386,0.4265,0.2209,0.0209,-0.0855,-0.192,0.1225,-0.4367,-0.4997,-0.5842,-0.5617,-0.3801
0.5284,0.0981,0.6229,-0.2201,0.9386,0.4265,0.2209,0.0209,-0.0855,-0.192,0.1225,-0.4367,-0.4997,-0.5842,-0.5617,-0.3801
0.5479,0.1022,0.528,-0.1518,0.9703,0.4238,0.2394,0.0144,-0.1431,-0.1717,0.1364,-0.4416,-0.4997,-0.5842,-0.5451,-0.3794
0.5479,0.1022,0.528,-0.1518,0.9703,0.4238,0.2394,0.0144,-0.1431,-0.1717,0.1364,-0.4416,-0.4997,-0.5842,-0.5451,-0.3794
0.5479,0.1022,0.528,-0.1518,0.9703,0.4238,0.2394,0.0144,-0.1431,-0.1717,0.1364,-0.4416,-0.4997,-0.5842,-0.5451,-0.3794
0.5479,0.1022,0.528,-0.1518,0.9506,0.4307,0.2394,0.0144,-0.0926,-0.2444,0.1348,-0.4468,-0.523,-0.576,-0.5451,-0.3794
0.5479,0.1022,0.528,-0.1518,0.9506,0.4307,0.2394,0.0144,-0.0926,-0.2444,0.1348,-0.4468,-0.523,-0.576,-0.5451,-0.3794
0.5581,0.0876,0.528,-0.1518,0.9506,0.4307,0.2459,0.005,-0.1178,-0.2081,0.1331,-0.4521,-0.5323,-0.5626,-0.5451,-0.3794
0.5581,0.0876,0.528,-0.1518,0.9506,0.4307,0.2459,0.005,-0.1178,-0.2081,0.1331,-0.4521,-0.5323,-0.5626,-0.5451,-0.3794
0.5683,0.0729,0.5599,-0.1978,0.9386,0.4265,0.222,-0.0008,-0.1178,-0.2081,0.1185,-0.4614,-0.523,-0.576,-0.5512,-0.3871
0.5683,0.0729,0.5599,-0.1978,0.9386,0.4265,0.222,-0.0008,-0.1178,-0.2081,0.1185,-0.4614,-0.523,-0.576,-0.5512,-0.3871
0.4994,0.0751,0.5288,-0.2214,0.9147,0.4182,0.2166,-0.013,-0.0926,-0.2444,0.104,-0.4708,-0.5463,-0.5677,-0.5677,-0.3878
0.4994,0.0751,0.5288,-0.2214,0.9147,0.4182,0.2166,-0.013,-0.0926,-0.2444,0.104,-0.4708,-0.5463,-0.5677,-0.5677,-0.3878
0.4604,0.0668,0.5604,-0.2671,0.9028,0.414,0.1927,-0.0187,-0.0926,-0.2444,0.0894,-0.4801,-0.5371,-0.5811,-0.5738,-0.3954
0.4604,0.0668,0.5604,-0.2671,0.9028,0.414,0.1927,-0.0187,-0.0926,-0.2444,0.0894,-0.4801,-0.5371,-0.5811,-0.5738,-0.3954
0.4604,0.0668,0.5604,-0.2671,0.9028,0.414,0.1927,-0.0187,-0.0926,-0.2444,0.0894,-0.4801,-0.5371,-0.5811,-0.5738,-0.3954
0.4705,0.0522,0.5917,-0.2436,0.9105,0.4028,0.1992,-0.0281,-0.0926,-0.2444,0.0818,-0.4919,-0.5604,-0.5728,-0.5798,-0.4031
0.4705,0.0522,0.5917,-0.2436,0.9105,0.4028,0.1992,-0.0281,-0.0926,-0.2444,0.0818,-0.4919,-0.5604,-0.5728,-0.5798,-0.4031
0.4215,0.0585,0.6233,-0.2893,0.8985,0.3987,0.1938,-0.0403,-0.0351,-0.2648,0.0646,-0.4974,-0.5511,-0.5862,-0.5888,-0.4064
0.4215,0.0585,0.6233,-0.2893,0.8985,0.3987,0.1938,-0.0403,-0.0351,-0.2648,0.0646,-0.4974,-0.5511,-0.5862,-0.5888,-0.4064
0.4511,0.048,0.5917,-0.2436,0.8985,0.3987,0.2003,-0.0496,-0.0351,-0.2648,0.057,-0.5091,-0.5511,-0.5862,-0.5949,-0.414
0.4511,0.048,0.5917,-0.2436,0.8985,0.3987,0.2003,-0.0496,-0.0351,-0.2648,0.057,-0.5091,-0.5511,-0.5862,-0.5949,-0.414
0.4122,0.0398,0.5604,-0.2671,0.8866,0.3945,0.1884,-0.0525,-0.0351,-0.2648,0.0441,-0.5132,-0.5419,-0.5995,-0.5934,-0.4242
0.4122,0.0398,0.5604,-0.2671,0.8866,0.3945,0.1884,-0.0525,-0.0351,-0.2648,0.0441,-0.5132,-0.5419,-0.5995,-0.5934,-0.4242
0.4122,0.0398,0.5604,-0.2671,0.8866,0.3945,0.1884,-0.0525,-0.0351,-0.2648,0.0441,-0.5132,-0.5419,-0.5995,-0.5934,-0.4242
0.3928,0.0356,0.4977,-0.2449,0.8747,0.3903,0.1646,-0.0582,-0.0351,-0.2648,0.0382,-0.5198,-0.5651,-0.5913,-0.6024,-0.4276
0.3928,0.0356,0.4977,-0.2449,0.8747,0.3903,0.1646,-0.0582,-0.0351,-0.2648,0.0382,-0.5198,-0.5651,-0.5913,-0.6024,-0.4276
0.3835,0.017,0.4352,-0.2228,0.8628,0.3861,0.1592,-0.0703,-0.01,-0.301,0.028,-0.5277,-0.5651,-0.5913,-0.6159,-0.4325
0.3449,0.0087,0.4359,-0.2917,0.8195,0.3847,0.1171,-0.0695,-0.0351,-0.2648,0.0264,-0.5329,-0.5511,-0.5862,-0.6249,-0.4358
0.3449,0.0087,0.4359,-0.2917,0.8195,0.3847,0.1171,-0.0695,-0.0351,-0.2648,0.0264,-0.5329,-0.5511,-0.5862,-0.6249,-0.4358
0.3449,0.0087,0.4359,-0.2917,0.8195,0.3847,0.1171,-0.0695,-0.0351,-0.2648,0.0264,-0.5329,-0.5511,-0.5862,-0.6249,-0.4358
0.3356,-0.0099,0.4359,-0.2917,0.8076,0.3805,0.1117,-0.0816,-0.0351,-0.2648,0.0066,-0.5345,-0.5651,-0.5913,-0.6414,-0.4365
0.3356,-0.0099,0.4359,-0.2917,0.8076,0.3805,0.1117,-0.0816,-0.0351,-0.2648,0.0066,-0.5345,-0.5651,-0.5913,-0.6414,-0.4365
0.3164,-0.014,0.4359,-0.2917,0.7763,0.3832,0.0817,-0.078,-0.0424,-0.3168,-0.0036,-0.5424,-0.6024,-0.5882,-0.6549,-0.4414
0.3164,-0.014,0.4359,-0.2917,0.7763,0.3832,0.0817,-0.078,-0.0424,-0.3168,-0.0036,-0.5424,-0.6024,-0.5882,-0.6549,-0.4414
0.3164,-0.014,0.4359,-0.2917,0.7763,0.3832,0.0817,-0.078,-0.0424,-0.3168,-0.0036,-0.5424,-0.6024,-0.5882,-0.6549,-0.4414
0.2679,-0.0078,0.4673,-0.337,0.7721,0.368,0.0516,-0.0744,-0.1249,-0.2604,-0.0164,-0.5465,-0.6163,-0.5933,-0.6683,-0.4464
0.2587,-0.0263,0.4051,-0.315,0.7527,0.3749,0.0463,-0.0865,-0.1249,-0.2604,-0.0292,-0.5506,-0.6395,-0.5851,-0.6818,-0.4513
0.2587,-0.0263,0.4051,-0.315,0.7527,0.3749,0.0463,-0.0865,-0.1249,-0.2604,-0.0292,-0.5506,-0.6395,-0.5851,-0.6818,-0.4513
0.2587,-0.0263,0.4051,-0.315,0.7527,0.3749,0.0463,-0.0865,-0.1249,-0.2604,-0.0292,-0.5506,-0.6395,-0.5851,-0.6818,-0.4513
0.2396,-0.0304,0.4051,-0.315,0.7603,0.3639,0.0345,-0.0894,-0.1249,-0.2604,-0.0446,-0.5508,-0.6303,-0.5984,-0.6877,-0.4589
0.2396,-0.0304,0.4051,-0.315,0.7603,0.3639,0.0345,-0.0894,-0.1249,-0.2604,-0.0446,-0.5508,-0.6303,-0.5984,-0.6877,-0.4589
0.2205,-0.0345,0.4364,-0.3602,0.7367,0.3555,0.0228,-0.0922,-0.1249,-0.2604,-0.0531,-0.5536,-0.6534,-0.5902,-0.7011,-0.4639
0.2205,-0.0345,0.4364,-0.3602,0.7367,0.3555,0.0228,-0.0922,-0.1249,-0.2604,-0.0531,-0.5536,-0.6534,-0.5902,-0.7011,-0.4639
0.2205,-0.0345,0.4364,-0.3602,0.7367,0.3555,0.0228,-0.0922,-0.1249,-0.2604,-0.0531,-0.5536,-0.6534,-0.5902,-0.7011,-0.4639
0.1823,-0.0428,0.3744,-0.3383,0.725,0.3514,-0.0007,-0.0979,-0.1821,-0.2402,-0.0685,-0.5539,-0.6534,-0.5902,-0.7175,-0.4645
0.1823,-0.0428,0.3744,-0.3383,0.725,0.3514,-0.0007,-0.0979,-0.1821,-0.2402,-0.0685,-0.5539,-0.6534,-0.5902,-0.7175,-0.4645
0.1632,-0.0469,0.3125,-0.3164,0.6938,0.3541,-0.0242,-0.1035,-0.2392,-0.22,-0.0839,-0.5541,-0.6674,-0.5954,-0.7413,-0.4626
0.1632,-0.0469,0.3125,-0.3164,0.6938,0.3541,-0.0242,-0.1035,-0.2392,-0.22,-0.0839,-0.5541,-0.6674,-0.5954,-0.7413,-0.4626
0.1352,-0.0694,0.282,-0.3396,0.651,0.3526,-0.0476,-0.1092,-0.2392,-0.22,-0.1009,-0.5596,-0.6905,-0.5872,-0.7546,-0.4675
0.1352,-0.0694,0.282,-0.3396,0.651,0.3526,-0.0476,-0.1092,-0.2392,-0.22,-0.1009,-0.5596,-0.6905,-0.5872,-0.7546,-0.4675
0.1352,-0.0694,0.3437,-0.3614,0.651,0.3526,-0.0593,-0.112,-0.271,-0.2361,-0.1136,-0.5637,-0.7135,-0.579,-0.7783,-0.4656
0.1352,-0.0694,0.3437,-0.3614,0.651,0.3526,-0.0593,-0.112,-0.271,-0.2361,-0.1136,-0.5637,-0.7135,-0.579,-0.7783,-0.4656
0.0684,-0.0674,0.2205,-0.3179,0.6353,0.3333,-0.0826,-0.1177,-0.271,-0.2361,-0.1289,-0.564,-0.7274,-0.5842,-0.7916,-0.4705
0.0684,-0.0674,0.2205,-0.3179,0.6353,0.3333,-0.0826,-0.1177,-0.271,-0.2361,-0.1289,-0.564,-0.7274,-0.5842,-0.7916,-0.4705
0.0684,-0.0674,0.2205,-0.3179,0.6353,0.3333,-0.0826,-0.1177,-0.271,-0.2361,-0.1289,-0.564,-0.7274,-0.5842,-0.7916,-0.4705
0.0496,-0.0715,0.2205,-0.3179,0.616,0.3401,-0.0943,-0.1205,-0.2779,-0.2881,-0.1373,-0.5667,-0.7412,-0.5893,-0.8079,-0.4712
0.0496,-0.0715,0.2205,-0.3179,0.616,0.3401,-0.0943,-0.1205,-0.2779,-0.2881,-0.1373,-0.5667,-0.7412,-0.5893,-0.8079,-0.4712
0.0684,-0.0674,0.282,-0.3396,0.616,0.3401,-0.1006,-0.1113,-0.2211,-0.3081,-0.1315,-0.5602,-0.7182,-0.5974,-0.7961,-0.4722
0.1253,-0.0551,0.3437,-0.3614,0.6393,0.3484,-0.0657,-0.1028,-0.246,-0.2721,-0.095,-0.5531,-0.7043,-0.5923,-0.7739,-0.4639
0.1253,-0.0551,0.3437,-0.3614,0.6393,0.3484,-0.0657,-0.1028,-0.246,-0.2721,-0.095,-0.5531,-0.7043,-0.5923,-0.7739,-0.4639
0.1253,-0.0551,0.3437,-0.3614,0.6393,0.3484,-0.0657,-0.1028,-0.246,-0.2721,-0.095,-0.5531,-0.7043,-0.5923,-0.7739,-0.4639
0.2205,-0.0345,0.4673,-0.337,0.7056,0.3582,0.011,-0.095,-0.1891,-0.2923,-0.0456,-0.5419,-0.6534,-0.5902,-0.7279,-0.4576
0.2205,-0.0345,0.4673,-0.337,0.7056,0.3582,0.011,-0.095,-0.1891,-0.2923,-0.0456,-0.5419,-0.6534,-0.5902,-0.7279,-0.4576
0.2205,-0.0345,0.4673,-0.337,0.7056,0.3582,0.011,-0.095,-0.1891,-0.2923,-0.0456,-0.5419,-0.6534,-0.5902,-0.7279,-0.4576
0.3356,-0.0099,0.4668,-0.2684,0.7721,0.368,0.0817,-0.078,-0.157,-0.2764,0.0151,-0.5318,-0.6256,-0.58,-0.6802,-0.4454
0.3356,-0.0099,0.4668,-0.2684,0.7721,0.368,0.0817,-0.078,-0.157,-0.2764,0.0151,-0.5318,-0.6256,-0.58,-0.6802,-0.4454
0.4619,0.0002,0.5917,-0.2436,0.8509,0.382,0.1646,-0.0582,-0.1249,-0.2604,0.0736,-0.5179,-0.5884,-0.5831,-0.6294,-0.4375
0.4619,0.0002,0.5917,-0.2436,0.8509,0.382,0.1646,-0.0582,-0.1249,-0.2604,0.0736,-0.5179,-0.5884,-0.5831,-0.6294,-0.4375
0.5298,0.0312,0.6229,-0.2201,0.9182,0.3917,0.2306,-0.0533,-0.0926,-0.2444,0.1236,-0.5066,-0.5511,-0.5862,-0.5784,-0.4295
0.5298,0.0312,0.6229,-0.2201,0.9182,0.3917,0.2306,-0.0533,-0.0926,-0.2444,0.1236,-0.5066,-0.5511,-0.5862,-0.5784,-0.4295
0.5886,0.0436,0.6862,-0.2424,0.9541,0.4042,0.2785,-0.042,-0.0603,-0.2284,0.1651,-0.4982,-0.5371,-0.5811,-0.5393,-0.4206
0.5886,0.0436,0.6862,-0.2424,0.9541,0.4042,0.2785,-0.042,-0.0603,-0.2284,0.1651,-0.4982,-0.5371,-0.5811,-0.5393,-0.4206
0.6178,0.0665,0.7177,-0.2189,0.9858,0.4014,0.333,-0.04,-0.0855,-0.192,0.2078,-0.4988,-0.4997,-0.5842,-0.5016,-0.4177
0.6178,0.0665,0.7177,-0.2189,0.9858,0.4014,0.333,-0.04,-0.0855,-0.192,0.2078,-0.4988,-0.4997,-0.5842,-0.5016,-0.4177
0.6375,0.0706,0.6862,-0.2424,0.9978,0.4056,0.3265,-0.0306,-0.0855,-0.192,0.2278,-0.4971,-0.4763,-0.5925,-0.4759,-0.4137
0.6375,0.0706,0.6862,-0.2424,0.9978,0.4056,0.3265,-0.0306,-0.0855,-0.192,0.2278,-0.4971,-0.4763,-0.5925,-0.4759,-0.4137
0.6375,0.0706,0.6862,-0.2424,0.9978,0.4056,0.3265,-0.0306,-0.0855,-0.192,0.2278,-0.4971,-0.4763,-0.5925,-0.4759,-0.4137
0.6273,0.0853,0.7496,-0.2648,1.0176,0.3986,0.3571,-0.0343,-0.0855,-0.192,0.2419,-0.5021,-0.4763,-0.5925,-0.4517,-0.4157
0.6273,0.0853,0.7496,-0.2648,1.0176,0.3986,0.3571,-0.0343,-0.0855,-0.192,0.2419,-0.5021,-0.4763,-0.5925,-0.4517,-0.4157
0.6273,0.0853,0.6862,-0.2424,1.0176,0.3986,0.3506,-0.0249,-0.0855,-0.192,0.2445,-0.5059,-0.4763,-0.5925,-0.4441,-0.4184
0.6273,0.0853,0.6862,-0.2424,1.0176,0.3986,0.3506,-0.0249,-0.0855,-0.192,0.2445,-0.5059,-0.4763,-0.5925,-0.4441,-0.4184
0.6273,0.0853,0.718,-0.2882,1.0176,0.3986,0.3636,-0.0437,-0.0026,-0.2488,0.2455,-0.515,-0.4997,-0.5842,-0.4487,-0.4201
0.6273,0.0853,0.718,-0.2882,1.0176,0.3986,0.3636,-0.0437,-0.0026,-0.2488,0.2455,-0.515,-0.4997,-0.5842,-0.4487,-0.4201
0.6273,0.0853,0.718,-0.2882,1.0176,0.3986,0.3636,-0.0437,-0.0026,-0.2488,0.2455,-0.515,-0.4997,-0.5842,-0.4487,-0.4201
0.6477,0.0559,0.6547,-0.2659,1.0056,0.3945,0.3581,-0.0559,-0.0026,-0.2488,0.2281,-0.5204,-0.4904,-0.5976,-0.4502,-0.426
0.6477,0.0559,0.6547,-0.2659,1.0056,0.3945,0.3581,-0.0559,-0.0026,-0.2488,0.2281,-0.5204,-0.4904,-0.5976,-0.4502,-0.426
0.6083,0.0477,0.6233,-0.2893,0.9815,0.3861,0.3405,-0.0709,0.0299,-0.2328,0.2247,-0.5308,-0.4763,-0.5925,-0.4518,-0.432
0.6083,0.0477,0.6233,-0.2893,0.9815,0.3861,0.3405,-0.0709,0.0299,-0.2328,0.2247,-0.5308,-0.4763,-0.5925,-0.4518,-0.432
0.5886,0.0436,0.592,-0.3126,0.9498,0.3889,0.3164,-0.0766,0.0299,-0.2328,0.21,-0.5401,-0.4904,-0.5976,-0.4579,-0.4396
0.5792,0.0248,0.592,-0.3126,0.9456,0.3737,0.3044,-0.0794,0.0552,-0.2692,0.1996,-0.548,-0.4904,-0.5976,-0.4716,-0.4446
0.5792,0.0248,0.592,-0.3126,0.9456,0.3737,0.3044,-0.0794,0.0552,-0.2692,0.1996,-0.548,-0.4904,-0.5976,-0.4716,-0.4446
